PatientInformation
==========================================================
PatientID;No patientID
Name;,,
Date of Birth;
Sex;
Version;AutoStrainCap2 2.1.0.491925

Results
==========================================================
Global
----------------------------------------------------------
RVFWSL;-17.34;%
RV4CSL;-15.61;%
ED;0.00;ms
ES;361.37;ms

Curves
==========================================================
Longitudinal Strain
Unit [%]
Time [ms];0.00;9.96;19.91;29.87;39.82;49.78;59.73;69.69;79.64;89.60;99.55;109.51;119.46;129.42;139.37;149.33;159.28;169.24;179.19;189.15;199.10;209.06;219.01;228.97;238.92;248.88;258.84;268.79;278.75;288.70;298.66;308.61;318.57;328.52;338.48;348.43;358.39;368.34;378.30;388.25;398.21;408.16;418.12;428.07;438.03;447.98;457.94;467.89;477.85;487.80;497.76;507.72;517.67;527.63;537.58;547.54;557.49;567.45;577.40;587.36;597.31;607.27;617.22;627.18;637.13;647.09;657.04;667.00;676.95;686.91;696.86;706.82;716.77;726.73;736.68;
Basal;0.00;-2.44;-3.38;0.63;2.29;2.35;1.57;0.47;-0.69;-1.85;-2.89;-3.93;-4.98;-6.00;-7.01;-7.97;-8.91;-9.76;-10.47;-11.00;-11.43;-11.88;-12.41;-12.93;-13.38;-13.64;-13.77;-13.78;-13.75;-13.63;-13.33;-13.00;-12.77;-13.33;-15.03;-17.11;-18.31;-17.78;-15.94;-13.63;-10.95;-8.81;-7.66;-8.60;-10.42;-11.94;-11.99;-10.95;-9.27;-7.76;-6.21;-4.88;-3.60;-2.56;-1.49;-0.94;-0.41;-0.20;-0.06;-0.23;-0.57;-1.02;-1.55;-1.98;-2.27;-2.37;-2.27;-1.99;-1.54;-0.98;-0.32;0.27;0.62;0.66;0.46;
Mid;0.00;-2.59;-4.03;-0.53;0.81;0.80;0.25;-0.10;-0.40;-0.88;-1.90;-3.15;-4.46;-5.67;-6.79;-7.87;-8.97;-10.02;-10.95;-11.66;-12.27;-12.84;-13.41;-13.94;-14.39;-14.72;-14.93;-15.03;-15.11;-15.03;-14.68;-13.98;-13.33;-13.29;-14.41;-15.80;-16.62;-15.87;-14.16;-11.91;-9.75;-7.83;-6.59;-6.40;-6.76;-7.07;-6.61;-5.61;-4.10;-3.06;-1.87;-0.84;0.50;1.67;2.69;3.10;3.23;3.11;2.90;2.54;2.03;1.49;0.92;0.40;-0.03;-0.34;-0.54;-0.61;-0.54;-0.32;0.05;0.42;0.64;0.59;0.33;
Apical;0.00;-2.25;-3.43;-0.36;1.17;1.61;1.54;1.04;0.49;-0.26;-1.22;-2.39;-3.62;-4.82;-5.95;-7.05;-8.18;-9.23;-10.15;-10.79;-11.29;-11.77;-12.23;-12.66;-13.00;-13.24;-13.33;-13.30;-13.21;-12.96;-12.45;-11.75;-11.15;-11.29;-13.11;-15.28;-16.82;-16.08;-14.39;-12.35;-10.90;-9.75;-9.14;-9.24;-9.71;-9.99;-9.37;-8.11;-6.28;-4.68;-2.96;-1.45;-0.07;1.03;1.97;2.41;2.66;2.60;2.42;2.03;1.52;1.00;0.46;-0.01;-0.38;-0.62;-0.74;-0.73;-0.59;-0.28;0.11;0.51;0.75;0.78;0.52;

----------------------------------------------------------


