PatientInformation
==========================================================
PatientID;No patientID
Name;,,
Date of Birth;
Sex;
Version;AutoStrainCap2 2.1.0.491925

Results
==========================================================
Global
----------------------------------------------------------
LaSr_ED;32.43;%
LaScd_ED;-17.27;%
LaSct_ED;-15.16;%
LaSr_AC;28.16;%
LaScd_AC;-15.00;%
LaSct_AC;-13.16;%
ED;0.00;ms
ES;353.08;ms
PreA;684.70;ms

Curves
==========================================================
Longitudinal Strain
Unit [%]
Time [ms];0.00;19.51;39.01;58.52;78.03;97.54;117.04;136.55;156.06;175.56;195.07;214.58;234.09;253.59;273.10;292.61;312.12;331.62;351.13;370.64;390.14;409.65;429.16;448.67;468.17;487.68;507.19;526.69;546.20;565.71;585.22;604.72;624.23;643.74;663.25;682.75;702.26;721.77;741.27;760.78;780.29;799.80;819.30;838.81;858.32;877.82;897.33;916.84;936.35;955.85;975.36;994.87;
LAS_ED;0.00;-0.13;-0.91;-0.04;1.69;3.68;6.26;9.74;13.41;16.44;19.56;22.80;25.42;26.60;27.55;29.31;31.02;31.74;32.43;31.93;31.24;31.41;31.36;30.19;28.25;26.77;25.05;22.14;19.78;18.70;18.46;18.30;18.00;16.89;15.73;15.19;14.82;13.98;13.00;12.49;12.38;12.95;13.80;14.40;14.81;15.12;15.18;15.51;14.34;9.82;4.99;1.38;
LAS_AC;-13.19;-13.30;-13.98;-13.22;-11.72;-9.99;-7.76;-4.74;-1.55;1.08;3.79;6.60;8.88;9.91;10.73;12.25;13.74;14.36;14.96;14.53;13.93;14.07;14.03;13.02;11.34;10.05;8.56;6.03;3.98;3.04;2.84;2.69;2.44;1.47;0.47;0.00;-0.33;-1.06;-1.90;-2.35;-2.44;-1.95;-1.21;-0.68;-0.33;-0.07;-0.01;0.27;-0.74;-4.67;-8.86;-11.99;

----------------------------------------------------------


