PatientInformation
==========================================================
PatientID;No patientID
Name;,,
Date of Birth;
Sex;
Version;AutoStrainCap2 2.1.0.491925

Results
==========================================================
Global
----------------------------------------------------------
RVFWSL;-22.02;%
RV4CSL;-13.51;%
ED;0.00;ms
ES;265.61;ms

Curves
==========================================================
Longitudinal Strain
Unit [%]
Time [ms];0.00;7.44;14.88;22.32;29.76;37.20;44.64;52.08;59.52;66.96;74.40;81.84;89.28;96.72;104.16;111.60;119.04;126.48;133.92;141.36;148.80;156.24;163.68;171.12;178.56;186.00;193.44;200.88;208.32;215.76;223.20;230.64;238.08;245.52;252.96;260.40;267.84;275.28;282.72;290.16;297.60;305.04;312.48;319.92;327.36;334.80;342.24;349.68;357.12;364.56;372.00;379.44;386.88;394.32;401.76;409.20;416.64;424.08;431.52;438.96;446.40;453.84;461.28;468.72;476.16;483.60;491.04;498.48;505.92;513.36;520.80;528.24;535.68;543.12;550.56;558.00;565.44;572.88;580.32;587.76;595.20;602.64;610.08;617.52;624.96;632.40;639.84;647.28;654.72;662.16;669.60;677.04;684.48;691.92;699.36;706.80;714.24;721.68;729.12;736.56;744.00;751.44;758.88;766.32;773.76;781.20;788.64;796.08;803.52;810.96;818.40;825.84;833.28;840.72;848.16;855.60;863.04;870.48;877.92;885.36;892.80;900.24;907.68;915.12;922.56;930.00;937.44;944.88;952.32;959.76;967.20;974.64;982.08;989.52;996.96;
Basal;0.00;-1.70;-3.22;-4.55;-5.64;-6.64;-7.60;-8.60;-9.63;-10.68;-11.74;-12.79;-13.80;-14.72;-15.61;-16.53;-17.49;-18.50;-19.57;-20.73;-21.87;-22.97;-24.01;-25.03;-26.12;-27.50;-29.00;-30.58;-32.22;-33.97;-35.79;-37.83;-39.74;-41.37;-42.59;-43.33;-43.60;-43.38;-42.82;-41.95;-40.80;-39.42;-37.55;-35.37;-32.90;-30.21;-27.57;-25.35;-23.79;-23.34;-23.56;-24.29;-25.26;-26.23;-26.93;-27.31;-27.30;-27.03;-26.57;-25.93;-25.15;-24.17;-23.01;-21.71;-20.40;-19.29;-18.59;-18.38;-18.59;-19.03;-19.60;-20.15;-20.60;-20.93;-21.10;-21.17;-21.17;-21.16;-21.18;-21.32;-21.50;-21.71;-21.88;-21.99;-21.98;-21.78;-21.46;-21.10;-20.72;-20.36;-20.06;-19.74;-19.48;-19.24;-18.99;-18.69;-18.33;-18.09;-17.79;-17.46;-17.12;-16.80;-16.54;-16.30;-16.14;-16.06;-16.02;-16.02;-16.05;-16.07;-16.08;-16.07;-16.04;-15.97;-15.87;-15.72;-15.48;-15.09;-14.50;-13.66;-12.51;-11.01;-9.24;-7.29;-5.24;-3.21;-1.23;0.41;1.85;2.98;3.72;4.01;3.68;2.88;1.55;
Mid;0.00;-0.81;-1.50;-2.25;-2.93;-3.60;-4.34;-5.20;-6.14;-7.12;-8.07;-8.95;-9.70;-10.18;-10.53;-10.84;-11.15;-11.54;-12.06;-13.00;-14.05;-15.15;-16.24;-17.31;-18.37;-19.43;-20.47;-21.42;-22.27;-23.01;-23.69;-24.32;-24.82;-25.08;-25.07;-24.77;-24.14;-23.18;-21.94;-20.52;-19.01;-17.49;-15.77;-14.25;-12.81;-11.42;-10.11;-8.92;-7.93;-7.23;-6.75;-6.44;-6.25;-6.14;-6.06;-6.18;-6.29;-6.39;-6.45;-6.44;-6.33;-6.10;-5.82;-5.54;-5.34;-5.32;-5.58;-6.11;-6.91;-7.87;-8.90;-9.86;-10.68;-11.44;-12.00;-12.42;-12.74;-13.03;-13.33;-13.70;-14.12;-14.53;-14.91;-15.20;-15.38;-15.42;-15.34;-15.20;-15.02;-14.84;-14.69;-14.52;-14.38;-14.26;-14.13;-13.97;-13.75;-13.59;-13.37;-13.12;-12.86;-12.62;-12.42;-12.28;-12.21;-12.19;-12.21;-12.27;-12.36;-12.46;-12.56;-12.64;-12.68;-12.69;-12.63;-12.51;-12.30;-11.96;-11.47;-10.83;-10.02;-9.10;-8.03;-6.87;-5.63;-4.34;-3.02;-1.76;-0.57;0.44;1.19;1.59;1.60;1.33;0.75;
Apical;0.00;-0.36;-0.51;-0.62;-0.51;-0.33;-0.19;-0.23;-0.39;-0.63;-0.91;-1.19;-1.44;-1.19;-0.89;-0.59;-0.31;-0.08;0.11;-0.03;-0.18;-0.32;-0.42;-0.48;-0.58;-0.89;-1.22;-1.47;-1.61;-1.62;-1.51;-1.28;-0.89;-0.31;0.46;1.41;2.53;3.64;4.86;6.17;7.54;8.92;9.59;10.41;11.21;11.97;12.68;13.33;13.94;14.48;14.95;15.31;15.55;15.69;15.74;15.35;14.97;14.64;14.45;14.44;14.62;14.94;15.38;15.84;16.19;16.25;15.80;14.84;13.37;11.59;9.70;7.90;6.40;5.11;4.19;3.54;3.06;2.65;2.23;1.81;1.33;0.80;0.27;-0.22;-0.62;-0.80;-0.88;-0.91;-0.92;-0.93;-0.99;-0.95;-0.96;-0.99;-1.04;-1.10;-1.15;-1.45;-1.72;-1.98;-2.23;-2.47;-2.71;-2.87;-3.06;-3.29;-3.54;-3.83;-4.14;-4.45;-4.76;-5.06;-5.33;-5.57;-5.74;-5.81;-5.79;-5.66;-5.42;-5.05;-4.57;-4.02;-3.35;-2.60;-1.75;-0.83;0.17;1.03;1.86;2.56;3.02;3.15;2.80;2.19;1.19;

----------------------------------------------------------


