PatientInformation
==========================================================
PatientID;No patientID
Name;,,
Date of Birth;
Sex;
Version;AutoStrainCap2 2.1.0.491925

Results
==========================================================
Global
----------------------------------------------------------
LaSr_ED;23.57;%
LaScd_ED;-16.83;%
LaSct_ED;-6.74;%
LaSr_AC;22.09;%
LaScd_AC;-15.77;%
LaSct_AC;-6.31;%
ED;0.00;ms
ES;451.48;ms
PreA;849.84;ms

Curves
==========================================================
Longitudinal Strain
Unit [%]
Time [ms];0.00;20.43;40.86;61.29;81.72;102.14;122.57;143.00;163.43;183.86;204.29;224.72;245.15;265.57;286.00;306.43;326.86;347.29;367.72;388.15;408.58;429.00;449.43;469.86;490.29;510.72;531.15;551.58;572.01;592.44;612.86;633.29;653.72;674.15;694.58;715.01;735.44;755.87;776.29;796.72;817.15;837.58;858.01;878.44;898.87;919.30;939.72;960.15;980.58;1001.01;1021.44;1041.87;1062.30;1082.73;1103.16;1123.58;1144.01;1164.44;1184.87;1205.30;1225.73;
LAS_ED;0.00;-2.36;-2.65;-1.69;-0.50;0.94;2.52;4.34;6.05;7.85;9.37;11.05;12.65;14.34;15.90;17.39;18.69;19.91;21.13;22.03;22.83;23.05;23.56;23.20;21.98;19.32;16.02;12.89;9.69;7.36;5.58;5.02;4.95;5.28;5.73;6.19;6.67;6.95;7.10;7.23;6.98;6.86;6.71;6.99;7.30;7.62;7.70;7.72;7.79;8.00;8.23;8.48;8.40;8.30;7.91;7.50;6.58;4.99;2.24;-0.27;-1.34;
LAS_AC;-6.29;-8.50;-8.77;-7.88;-6.75;-5.41;-3.93;-2.22;-0.62;1.07;2.49;4.07;5.57;7.16;8.61;10.01;11.23;12.37;13.51;14.36;15.10;15.31;15.79;15.45;14.31;11.82;8.72;5.79;2.79;0.61;-1.06;-1.58;-1.65;-1.34;-0.92;-0.49;-0.03;0.22;0.37;0.49;0.26;0.14;0.00;0.27;0.55;0.86;0.93;0.94;1.02;1.21;1.43;1.66;1.59;1.49;1.12;0.75;-0.12;-1.61;-4.18;-6.54;-7.54;

----------------------------------------------------------


