PatientInformation
==========================================================
PatientID;No patientID
Name;,,
Date of Birth;
Sex;
Version;AutoStrainCap2 2.1.0.491925

Results
==========================================================
Global
----------------------------------------------------------
RVFWSL;-29.24;%
RV4CSL;-25.28;%
ED;0.00;ms
ES;477.73;ms

Curves
==========================================================
Longitudinal Strain
Unit [%]
Time [ms];0.00;10.86;21.72;32.57;43.43;54.29;65.15;76.00;86.86;97.72;108.58;119.43;130.29;141.15;152.01;162.86;173.72;184.58;195.44;206.29;217.15;228.01;238.87;249.72;260.58;271.44;282.30;293.16;304.01;314.87;325.73;336.59;347.44;358.30;369.16;380.02;390.87;401.73;412.59;423.45;434.30;445.16;456.02;466.88;477.73;488.59;499.45;510.31;521.16;532.02;542.88;553.74;564.60;575.45;586.31;597.17;608.03;618.88;629.74;640.60;651.46;662.31;673.17;684.03;694.89;705.74;716.60;727.46;738.32;749.17;760.03;770.89;781.75;792.60;803.46;814.32;825.18;836.04;846.89;857.75;868.61;879.47;890.32;901.18;912.04;922.90;933.75;944.61;955.47;966.33;977.18;988.04;998.90;1009.76;1020.61;1031.47;1042.33;1053.19;1064.04;1074.90;1085.76;1096.62;1107.48;1118.33;1129.19;1140.05;1150.91;1161.76;1172.62;1183.48;1194.34;1205.19;1216.05;
Basal;0.00;-0.88;-1.91;-3.38;-4.87;-6.33;-7.81;-9.28;-10.90;-12.79;-15.14;-17.73;-20.53;-23.21;-25.55;-27.53;-29.16;-30.59;-31.79;-32.88;-34.02;-35.22;-36.58;-37.69;-38.71;-39.24;-39.68;-39.66;-39.62;-39.39;-39.38;-39.36;-39.66;-39.97;-40.52;-40.82;-40.82;-39.89;-38.21;-36.04;-34.15;-34.33;-34.95;-35.37;-35.23;-34.35;-32.71;-30.59;-28.34;-25.93;-23.71;-22.28;-20.99;-19.91;-18.88;-18.04;-17.10;-16.37;-15.81;-15.35;-15.02;-14.71;-14.47;-14.16;-13.91;-13.61;-13.41;-13.21;-13.11;-13.07;-13.10;-13.28;-13.46;-13.64;-13.77;-13.90;-14.08;-14.27;-14.45;-14.57;-14.64;-14.48;-14.30;-14.05;-13.86;-13.65;-13.64;-13.62;-13.68;-13.69;-13.73;-13.68;-13.64;-13.56;-13.52;-13.48;-13.49;-13.46;-13.37;-13.13;-12.70;-11.91;-10.91;-9.70;-8.34;-6.95;-5.70;-4.55;-3.36;-2.37;-1.27;-0.72;-0.13;
Mid;0.00;-0.21;-0.86;-1.91;-3.06;-4.19;-4.98;-5.80;-6.80;-8.04;-9.66;-11.67;-13.87;-15.96;-17.84;-19.35;-20.81;-21.97;-22.87;-23.59;-24.18;-24.90;-25.54;-26.12;-26.52;-26.77;-26.48;-26.09;-25.57;-25.12;-24.71;-24.67;-24.76;-25.06;-25.46;-26.01;-26.16;-25.81;-24.89;-23.74;-22.86;-23.81;-25.04;-26.10;-26.78;-27.04;-26.81;-26.37;-25.76;-25.13;-24.40;-24.07;-23.55;-23.07;-22.58;-22.15;-21.56;-21.03;-20.62;-20.29;-20.06;-19.55;-19.06;-18.52;-18.06;-17.62;-17.34;-17.10;-16.94;-16.78;-16.62;-16.54;-16.40;-16.17;-15.90;-15.62;-15.29;-15.01;-14.77;-14.57;-14.41;-14.35;-14.32;-14.29;-14.29;-14.28;-14.28;-14.26;-14.26;-14.22;-14.19;-14.09;-14.00;-13.89;-13.79;-13.72;-13.71;-13.69;-13.62;-13.44;-13.12;-12.62;-11.94;-11.08;-10.06;-8.92;-7.58;-6.21;-4.82;-3.60;-2.37;-1.51;-0.63;
Apical;0.00;0.32;0.27;-0.23;-0.94;-1.84;-3.03;-4.41;-5.99;-7.75;-9.64;-11.22;-12.75;-14.09;-15.20;-16.00;-16.94;-17.63;-18.09;-18.34;-18.36;-18.46;-18.42;-18.40;-18.28;-18.22;-18.19;-18.25;-18.24;-18.31;-18.33;-18.43;-18.51;-18.73;-18.97;-19.34;-19.33;-18.90;-17.92;-16.69;-15.59;-16.19;-16.94;-17.53;-17.81;-17.69;-17.00;-16.14;-15.24;-14.35;-13.54;-13.30;-13.08;-12.82;-12.49;-12.11;-11.21;-10.31;-9.47;-8.71;-8.09;-7.66;-7.36;-7.11;-6.97;-6.88;-6.85;-6.84;-6.84;-6.82;-6.72;-6.64;-6.45;-6.21;-5.95;-5.71;-5.61;-5.58;-5.63;-5.72;-5.82;-5.86;-5.90;-5.93;-5.97;-5.98;-6.02;-6.02;-6.03;-6.03;-6.04;-6.05;-6.07;-6.08;-6.10;-6.12;-6.13;-6.13;-6.10;-6.01;-5.83;-5.47;-4.99;-4.38;-3.66;-2.91;-2.39;-1.91;-1.43;-1.06;-0.66;-0.44;-0.15;

----------------------------------------------------------


