PatientInformation
==========================================================
PatientID;No patientID
Name;,,
Date of Birth;
Sex;
Version;AutoStrainCap2 2.1.0.491925

Results
==========================================================
Global
----------------------------------------------------------
LaSr_ED;17.90;%
LaScd_ED;-15.97;%
LaSct_ED;-1.93;%
LaSr_AC;17.56;%
LaScd_AC;-15.67;%
LaSct_AC;-1.89;%
ED;0.00;ms
ES;356.98;ms
PreA;530.60;ms

Curves
==========================================================
Longitudinal Strain
Unit [%]
Time [ms];0.00;19.51;39.01;58.52;78.03;97.54;117.04;136.55;156.06;175.56;195.07;214.58;234.09;253.59;273.10;292.61;312.12;331.62;351.13;370.64;390.14;409.65;429.16;448.67;468.17;487.68;507.19;526.69;546.20;565.71;585.22;604.72;624.23;643.74;663.24;682.75;
LAS_ED;0.00;-1.58;-1.39;-0.09;1.97;4.65;6.89;8.28;9.98;11.81;13.61;15.62;16.20;16.60;17.39;17.17;17.59;17.22;17.84;17.75;17.06;14.51;11.40;7.78;5.67;3.42;2.38;1.92;1.92;0.71;-1.18;-2.93;-1.95;-0.47;-0.09;0.06;
LAS_AC;-1.89;-3.43;-3.25;-1.98;0.05;2.68;4.87;6.24;7.91;9.70;11.47;13.44;14.01;14.40;15.18;14.96;15.38;15.01;15.62;15.53;14.85;12.35;9.30;5.75;3.68;1.47;0.45;0.00;-0.00;-1.19;-3.04;-4.76;-3.80;-2.35;-1.98;-1.83;

----------------------------------------------------------


