PatientInformation
==========================================================
PatientID;No patientID
Name;,,
Date of Birth;
Sex;
Version;AutoStrainCap2 2.1.0.491925

Results
==========================================================
Global
----------------------------------------------------------
RVFWSL;-35.86;%
RV4CSL;-27.87;%
ED;0.00;ms
ES;287.88;ms

Curves
==========================================================
Longitudinal Strain
Unit [%]
Time [ms];0.00;8.06;16.13;24.19;32.26;40.32;48.38;56.45;64.51;72.58;80.64;88.70;96.77;104.83;112.90;120.96;129.02;137.09;145.15;153.22;161.28;169.34;177.41;185.47;193.54;201.60;209.66;217.73;225.79;233.86;241.92;249.98;258.05;266.11;274.18;282.24;290.30;298.37;306.43;314.50;322.56;330.62;338.69;346.75;354.82;362.88;370.94;379.01;387.07;395.14;403.20;411.26;419.33;427.39;435.46;443.52;451.58;459.65;467.71;475.78;483.84;491.90;499.97;508.03;516.10;524.16;532.22;540.29;548.35;556.42;564.48;572.54;580.61;588.67;596.74;604.80;612.86;620.93;628.99;637.06;645.12;
Basal;0.00;-0.49;-1.38;-2.87;-4.60;-6.54;-8.46;-10.39;-12.42;-14.40;-16.46;-18.49;-20.41;-21.93;-23.31;-24.60;-25.89;-27.22;-28.57;-29.84;-30.98;-31.95;-32.77;-33.48;-34.09;-34.62;-35.08;-35.49;-35.81;-36.30;-36.75;-37.24;-37.84;-38.50;-39.21;-39.94;-40.41;-40.34;-39.96;-39.40;-38.68;-38.01;-37.09;-36.00;-34.65;-32.97;-30.93;-28.61;-26.07;-24.19;-22.23;-20.17;-17.93;-15.58;-13.10;-10.72;-8.50;-6.74;-5.09;-3.35;-1.49;1.02;3.49;5.78;7.57;8.21;8.31;8.04;7.63;7.34;7.05;6.76;6.43;6.00;5.50;4.94;4.26;3.39;2.46;1.54;0.73;
Mid;0.00;-0.61;-1.77;-3.53;-5.20;-6.52;-7.51;-8.41;-9.45;-10.66;-12.09;-13.59;-15.08;-16.21;-17.26;-18.26;-19.26;-20.37;-21.49;-22.56;-23.52;-24.26;-24.87;-25.36;-25.76;-26.07;-26.32;-26.52;-26.66;-27.07;-27.44;-27.80;-28.17;-28.37;-28.50;-28.83;-29.02;-28.91;-28.69;-28.37;-28.05;-27.80;-27.40;-26.76;-25.77;-24.69;-23.24;-21.58;-19.85;-18.49;-17.18;-15.81;-14.49;-12.85;-11.29;-9.88;-8.78;-8.39;-8.10;-7.63;-6.60;-4.64;-2.33;-0.13;1.59;2.51;2.86;2.89;2.70;2.35;1.95;1.56;1.26;1.03;0.90;0.79;0.66;0.44;0.22;0.05;-0.03;
Apical;0.00;-1.02;-2.80;-5.08;-7.24;-9.19;-10.75;-12.17;-13.66;-15.17;-16.88;-18.64;-20.37;-21.79;-23.11;-24.36;-25.61;-26.79;-27.95;-29.01;-29.93;-30.64;-31.22;-31.73;-32.22;-32.86;-33.50;-34.11;-34.64;-34.97;-35.20;-35.40;-35.60;-35.93;-36.23;-36.61;-36.79;-36.62;-36.30;-35.94;-35.62;-35.74;-35.77;-35.58;-35.03;-33.96;-32.45;-30.59;-28.62;-27.13;-25.68;-24.21;-22.51;-20.61;-18.58;-16.68;-14.92;-13.54;-12.16;-10.63;-8.81;-6.48;-4.03;-1.65;0.31;1.66;2.48;2.94;3.13;3.10;2.95;2.77;2.63;2.43;2.27;2.07;1.77;1.15;0.52;0.01;-0.20;

----------------------------------------------------------


