PatientInformation
==========================================================
PatientID;No patientID
Name;,,
Date of Birth;
Sex;
Version;AutoStrainCap2 2.1.0.491925

Results
==========================================================
Global
----------------------------------------------------------
LaSr_ED;28.48;%
LaScd_ED;-14.24;%
LaSct_ED;-14.24;%
LaSr_AC;24.93;%
LaScd_AC;-12.47;%
LaSct_AC;-12.46;%
ED;0.00;ms
ES;290.46;ms
PreA;577.17;ms

Curves
==========================================================
Longitudinal Strain
Unit [%]
Time [ms];0.00;18.74;37.48;56.22;74.96;93.70;112.44;131.17;149.91;168.65;187.39;206.13;224.87;243.61;262.35;281.09;299.83;318.57;337.31;356.04;374.78;393.52;412.26;431.00;449.74;468.48;487.22;505.96;524.70;543.44;562.18;580.92;599.65;618.39;637.13;655.87;674.61;693.35;712.09;730.83;749.57;768.31;787.05;805.79;824.52;843.26;
LAS_ED;0.00;-1.74;-1.49;0.66;3.35;5.22;6.65;8.48;10.96;14.84;19.11;22.51;25.19;27.03;28.14;28.45;28.45;28.22;27.91;27.43;27.75;26.89;25.11;22.56;19.66;16.58;14.08;12.91;12.71;13.34;14.03;14.26;14.25;14.33;14.74;15.75;16.40;15.77;13.58;9.54;5.59;3.16;1.66;-0.45;-1.47;-1.13;
LAS_AC;-12.48;-14.00;-13.78;-11.90;-9.55;-7.91;-6.66;-5.05;-2.88;0.51;4.25;7.23;9.57;11.18;12.15;12.43;12.42;12.22;11.95;11.53;11.81;11.05;9.50;7.27;4.73;2.03;-0.16;-1.18;-1.35;-0.80;-0.20;0.00;-0.01;0.07;0.42;1.31;1.87;1.33;-0.59;-4.13;-7.58;-9.72;-11.03;-12.88;-13.76;-13.47;

----------------------------------------------------------


