PatientInformation
==========================================================
PatientID;No patientID
Name;,,
Date of Birth;
Sex;
Version;AutoStrainCap2 2.1.0.491925

Results
==========================================================
Global
----------------------------------------------------------
RVFWSL;-30.14;%
RV4CSL;-25.55;%
ED;0.00;ms
ES;305.33;ms

Curves
==========================================================
Longitudinal Strain
Unit [%]
Time [ms];0.00;12.88;25.77;38.65;51.53;64.42;77.30;90.18;103.07;115.95;128.83;141.72;154.60;167.48;180.36;193.25;206.13;219.01;231.90;244.78;257.66;270.55;283.43;296.31;309.20;322.08;334.96;347.85;360.73;373.61;386.50;399.38;412.26;425.15;438.03;450.91;463.80;476.68;489.56;502.45;515.33;528.21;541.09;553.98;566.86;579.74;592.63;605.51;618.39;631.28;644.16;657.04;669.93;682.81;695.69;708.58;721.46;734.34;747.23;760.11;772.99;785.88;798.76;811.64;824.53;837.41;850.29;863.17;
Basal;0.00;-0.76;-1.18;-1.69;-2.46;-3.51;-4.90;-6.53;-8.44;-10.37;-12.39;-14.31;-16.27;-18.14;-19.89;-21.27;-22.16;-22.76;-23.45;-24.45;-25.66;-26.81;-27.80;-28.51;-28.85;-28.78;-28.37;-27.84;-27.26;-26.69;-26.04;-25.52;-24.84;-23.98;-22.78;-21.46;-20.22;-19.29;-18.51;-17.80;-16.99;-16.22;-15.51;-14.98;-14.57;-14.30;-14.09;-13.99;-13.95;-13.95;-14.04;-14.28;-14.77;-15.18;-15.29;-14.74;-13.57;-11.70;-9.14;-6.17;-3.38;-1.63;-0.57;0.19;0.99;1.60;1.62;1.05;
Mid;0.00;-1.01;-1.78;-2.62;-3.67;-4.95;-6.49;-8.10;-9.92;-11.78;-13.80;-15.74;-17.66;-19.32;-20.83;-22.02;-22.95;-23.66;-24.44;-25.36;-26.39;-27.30;-28.03;-28.50;-28.65;-28.69;-28.45;-28.16;-27.75;-27.40;-26.98;-26.62;-26.12;-25.43;-24.45;-23.29;-22.09;-20.94;-19.85;-18.82;-17.78;-16.85;-16.07;-15.59;-15.31;-15.21;-15.21;-15.30;-15.43;-15.55;-15.70;-15.94;-16.32;-16.62;-16.69;-16.19;-15.03;-12.94;-9.63;-5.80;-2.29;-0.25;0.90;1.58;2.11;2.38;2.09;1.25;
Apical;0.00;-1.28;-2.30;-3.37;-4.52;-5.89;-7.55;-9.47;-11.64;-13.79;-16.00;-18.01;-19.91;-21.47;-22.85;-23.92;-24.73;-25.40;-26.23;-27.37;-28.63;-29.73;-30.57;-31.02;-30.99;-30.56;-29.76;-28.89;-28.02;-27.27;-26.54;-26.01;-25.35;-24.42;-22.98;-21.31;-19.64;-18.18;-16.86;-15.63;-14.38;-13.27;-12.38;-11.87;-11.61;-11.50;-11.39;-11.33;-11.31;-11.30;-11.35;-11.51;-11.82;-12.12;-12.29;-12.12;-11.38;-9.73;-7.05;-3.87;-1.01;0.78;1.71;2.22;2.55;2.66;2.22;1.33;

----------------------------------------------------------


