PatientInformation
==========================================================
PatientID;No patientID
Name;,,
Date of Birth;
Sex;
Version;AutoStrainCap2 2.1.0.491925

Results
==========================================================
Global
----------------------------------------------------------
RVFWSL;-16.24;%
RV4CSL;-15.77;%
ED;0.00;ms
ES;311.72;ms

Curves
==========================================================
Longitudinal Strain
Unit [%]
Time [ms];0.00;21.35;42.70;64.05;85.40;106.75;128.10;149.45;170.80;192.15;213.50;234.85;256.20;277.56;298.91;320.26;341.61;362.96;384.31;405.66;427.01;448.36;469.71;491.06;512.41;533.76;555.11;576.46;597.81;619.16;
Basal;0.00;-1.44;-3.08;-4.42;-5.54;-7.12;-8.97;-10.23;-11.58;-12.76;-13.75;-14.68;-15.36;-15.84;-16.06;-15.86;-15.38;-14.58;-13.40;-11.94;-10.16;-7.96;-5.36;-2.94;-0.34;1.28;2.94;2.18;1.76;1.15;
Mid;0.00;-1.33;-3.08;-4.32;-5.34;-7.01;-9.03;-10.53;-12.07;-13.46;-14.63;-15.57;-16.24;-16.71;-16.91;-16.79;-16.37;-15.58;-14.40;-12.73;-10.49;-7.86;-5.26;-3.02;-0.50;1.14;2.85;2.13;1.76;1.20;
Apical;0.00;-1.17;-2.74;-4.04;-5.12;-6.57;-8.32;-9.56;-10.93;-12.17;-13.41;-14.50;-15.24;-15.78;-15.96;-15.74;-15.26;-14.58;-13.48;-12.02;-10.16;-7.67;-4.95;-2.62;-0.29;1.12;2.58;1.83;1.42;0.92;

----------------------------------------------------------


