PatientInformation
==========================================================
PatientID;No patientID
Name;,,
Date of Birth;
Sex;
Version;AutoStrainCap2 2.1.0.491925

Results
==========================================================
Global
----------------------------------------------------------
LaSr_ED;13.65;%
LaScd_ED;-18.60;%
LaSct_ED;4.94;%
LaSr_AC;14.36;%
LaScd_AC;-19.56;%
LaSct_AC;5.20;%
ED;0.00;ms
ES;281.03;ms
PreA;580.34;ms

Curves
==========================================================
Longitudinal Strain
Unit [%]
Time [ms];0.00;11.42;22.85;34.27;45.70;57.12;68.54;79.97;91.39;102.82;114.24;125.66;137.09;148.51;159.94;171.36;182.78;194.21;205.63;217.06;228.48;239.90;251.33;262.75;274.18;285.60;297.02;308.45;319.87;331.30;342.72;354.14;365.57;376.99;388.42;399.84;411.26;422.69;434.11;445.54;456.96;468.38;479.81;491.23;502.66;514.08;525.50;536.93;548.35;559.78;571.20;582.62;594.05;605.47;616.90;628.32;639.74;651.17;662.59;674.02;685.44;696.86;708.29;719.71;731.14;742.56;753.98;765.41;776.83;788.26;799.68;811.10;822.53;833.95;845.38;856.80;868.22;
LAS_ED;0.00;0.15;0.06;0.16;0.18;0.50;0.82;1.37;1.93;2.70;3.52;4.48;5.48;6.66;7.78;8.82;9.28;9.72;10.05;10.62;11.18;11.96;12.64;13.29;13.60;13.62;13.29;12.84;12.36;12.05;12.02;12.40;12.69;12.35;10.94;8.79;6.41;4.14;2.20;0.41;-0.97;-2.21;-2.98;-3.86;-4.37;-4.75;-4.94;-5.04;-5.03;-5.02;-4.99;-4.94;-4.94;-4.98;-4.98;-4.95;-4.81;-4.62;-4.44;-4.28;-4.17;-4.15;-4.19;-4.24;-4.28;-4.24;-4.13;-3.96;-3.70;-3.34;-2.83;-2.35;-1.96;-1.89;-1.86;-1.62;-0.94;
LAS_AC;5.19;5.35;5.26;5.36;5.38;5.72;6.06;6.63;7.23;8.04;8.90;9.91;10.95;12.20;13.37;14.47;14.96;15.42;15.76;16.36;16.96;17.77;18.49;19.18;19.50;19.52;19.18;18.70;18.20;17.87;17.84;18.24;18.54;18.19;16.71;14.44;11.94;9.55;7.51;5.63;4.17;2.87;2.06;1.13;0.60;0.19;-0.01;-0.10;-0.10;-0.09;-0.05;0.00;-0.01;-0.05;-0.04;-0.02;0.14;0.33;0.53;0.69;0.80;0.83;0.79;0.73;0.69;0.73;0.85;1.03;1.30;1.68;2.21;2.72;3.13;3.21;3.24;3.48;4.20;

----------------------------------------------------------


