PatientInformation
==========================================================
PatientID;No patientID
Name;,,
Date of Birth;
Sex;
Version;AutoStrainCap2 2.1.0.491925

Results
==========================================================
Global
----------------------------------------------------------
GLS(3P);-13.61;%
GLS(4Ch);-16.50;%
GLS(2Ch);-13.03;%
GLS(3Ch);-11.29;%
ED;0.00;ms
ES;300.01;ms

Results
==========================================================
Longitudinal Strain
T2P
Minimum
----------------------------------------------------------
Segment 0 [mean];319.73;ms
----------------------------------------------------------
Segment 1 [ant];259.01;ms
Segment 2 [ant/sept];303.01;ms
Segment 3 [inf/sept];464.01;ms
Segment 4 [inf];359.01;ms
Segment 5 [inf/lat];352.01;ms
Segment 6 [ant/lat];364.01;ms
----------------------------------------------------------
Segment 7 [ant];267.01;ms
Segment 8 [ant/sept];285.01;ms
Segment 9 [inf/sept];295.01;ms
Segment 10 [inf];270.01;ms
Segment 11 [inf/lat];356.01;ms
Segment 12 [ant/lat];298.01;ms
----------------------------------------------------------
Segment 13 [ant];271.01;ms
Segment 14 [ant/sept];360.01;ms
Segment 15 [inf/sept];331.01;ms
Segment 16 [inf];276.01;ms
Segment 17 [inf/lat];291.01;ms
Segment 18 [ant/lat];354.01;ms
----------------------------------------------------------


Results
==========================================================
Longitudinal Strain
End-systolic

----------------------------------------------------------
Segment 0 [mean];-13.01;%
----------------------------------------------------------
Segment 1 [ant];-9.70;%
Segment 2 [ant/sept];-9.61;%
Segment 3 [inf/sept];-0.37;%
Segment 4 [inf];0.69;%
Segment 5 [inf/lat];-8.59;%
Segment 6 [ant/lat];-19.06;%
----------------------------------------------------------
Segment 7 [ant];-6.22;%
Segment 8 [ant/sept];-11.43;%
Segment 9 [inf/sept];-18.81;%
Segment 10 [inf];-18.03;%
Segment 11 [inf/lat];-15.01;%
Segment 12 [ant/lat];-18.00;%
----------------------------------------------------------
Segment 13 [ant];-15.77;%
Segment 14 [ant/sept];-8.95;%
Segment 15 [inf/sept];-21.50;%
Segment 16 [inf];-24.05;%
Segment 17 [inf/lat];-9.84;%
Segment 18 [ant/lat];-19.85;%
----------------------------------------------------------


Results
==========================================================
Longitudinal Strain
Peak-systolic

----------------------------------------------------------
Segment 0 [mean];-13.38;%
----------------------------------------------------------
Segment 1 [ant];-11.85;%
Segment 2 [ant/sept];-9.61;%
Segment 3 [inf/sept];-0.43;%
Segment 4 [inf];0.00;%
Segment 5 [inf/lat];-8.59;%
Segment 6 [ant/lat];-19.06;%
----------------------------------------------------------
Segment 7 [ant];-7.41;%
Segment 8 [ant/sept];-11.52;%
Segment 9 [inf/sept];-18.82;%
Segment 10 [inf];-18.99;%
Segment 11 [inf/lat];-15.01;%
Segment 12 [ant/lat];-18.00;%
----------------------------------------------------------
Segment 13 [ant];-16.57;%
Segment 14 [ant/sept];-8.95;%
Segment 15 [inf/sept];-21.50;%
Segment 16 [inf];-24.71;%
Segment 17 [inf/lat];-9.87;%
Segment 18 [ant/lat];-19.85;%
----------------------------------------------------------


Curves
==========================================================
Longitudinal Strain
Unit [%]
Time [ms];0.00;10.00;20.00;30.00;40.00;50.00;60.00;70.00;80.00;90.00;100.00;110.00;120.00;130.00;140.00;150.00;160.00;170.00;180.00;190.00;200.00;210.00;220.00;230.00;240.00;250.00;260.01;270.01;280.01;290.01;300.01;310.01;320.01;330.01;340.01;350.01;360.01;370.01;380.01;390.01;400.01;410.01;420.01;430.01;440.01;450.01;460.01;470.01;480.01;490.01;500.01;510.01;520.01;530.01;540.01;550.01;560.01;570.01;580.01;590.01;600.01;610.01;620.01;630.01;640.01;650.01;660.01;670.01;680.01;690.01;700.01;710.01;
Total;0.00;-0.17;-0.28;-0.37;-0.37;-0.38;-0.52;-0.86;-1.39;-2.11;-2.93;-3.77;-4.58;-5.37;-6.10;-6.79;-7.41;-8.02;-8.59;-9.17;-9.73;-10.29;-10.82;-11.30;-11.75;-12.17;-12.57;-12.88;-13.04;-13.09;-13.09;-13.08;-13.10;-13.08;-13.08;-12.95;-12.69;-12.07;-11.28;-10.18;-9.10;-7.82;-6.67;-5.61;-4.78;-4.08;-3.51;-3.00;-2.53;-2.14;-1.86;-1.74;-1.75;-1.70;-1.53;-1.14;-0.74;-0.45;-0.33;-0.26;-0.18;-0.06;0.05;0.18;0.28;0.37;0.45;0.52;0.54;0.50;0.40;0.19;
Segment 1;0.00;-0.02;-0.10;-0.44;-0.80;-1.20;-1.73;-2.48;-3.38;-4.41;-5.53;-6.59;-7.42;-7.84;-8.08;-8.34;-8.82;-9.40;-9.98;-10.45;-10.82;-11.09;-11.30;-11.47;-11.62;-11.79;-11.85;-11.70;-11.20;-10.49;-9.70;-8.96;-8.25;-7.56;-6.87;-6.18;-5.47;-4.76;-4.03;-3.41;-2.88;-2.49;-2.21;-2.06;-1.98;-1.89;-1.74;-1.55;-1.34;-1.14;-0.96;-0.77;-0.60;-0.41;-0.22;0.01;0.24;0.48;0.71;0.90;1.03;1.07;1.05;0.97;0.86;0.75;0.69;0.72;0.76;0.73;0.56;0.28;
Segment 2;0.00;-0.24;-0.43;-0.54;-0.52;-0.44;-0.33;-0.24;-0.27;-0.47;-0.86;-1.39;-2.08;-2.85;-3.65;-4.42;-5.13;-5.79;-6.41;-7.02;-7.61;-8.19;-8.71;-9.06;-9.19;-9.23;-9.32;-9.44;-9.52;-9.58;-9.61;-9.61;-9.60;-9.56;-9.48;-9.38;-9.19;-8.92;-8.54;-8.08;-7.55;-6.97;-6.38;-5.82;-5.29;-4.80;-4.34;-3.93;-3.57;-3.22;-2.96;-2.84;-2.94;-2.93;-2.61;-1.87;-1.09;-0.58;-0.38;-0.31;-0.15;0.08;0.34;0.60;0.82;1.00;1.11;1.13;1.04;0.81;0.52;0.24;
Segment 3;0.00;0.04;0.33;0.87;1.17;1.22;1.14;1.00;0.89;0.72;0.44;0.33;0.24;0.32;0.70;1.14;1.57;1.70;1.35;1.03;0.65;0.67;0.68;0.78;0.57;0.27;-0.08;-0.34;-0.38;-0.43;-0.37;-0.49;-0.55;-0.66;-0.65;-0.59;-0.44;-0.53;-0.87;-0.95;-0.82;-0.06;0.74;1.06;0.60;-0.46;-1.28;-1.19;-0.13;1.36;2.46;3.06;3.12;3.14;3.29;3.50;3.69;3.68;3.51;3.34;3.22;3.26;3.33;3.49;3.53;3.65;3.69;3.84;3.88;3.63;3.07;1.37;
Segment 4;0.00;1.69;3.28;3.69;3.87;3.90;3.96;3.82;3.73;3.20;2.94;2.36;2.13;1.90;2.11;2.14;2.84;3.19;3.75;3.79;3.89;3.86;3.66;3.36;3.01;2.45;1.89;1.67;1.42;1.40;0.69;-0.55;-2.40;-3.57;-4.71;-4.60;-5.19;-3.44;-2.92;-0.76;-0.96;0.37;0.70;2.43;3.38;4.69;5.10;5.53;5.50;5.31;4.74;4.34;3.41;2.92;2.14;2.39;2.40;2.72;2.55;2.44;2.18;2.02;1.84;1.70;1.61;1.54;1.64;1.67;1.73;1.49;0.83;0.19;
Segment 5;0.00;-0.20;-0.35;-0.22;0.55;1.43;2.05;2.16;2.00;1.61;1.02;0.27;-0.58;-1.39;-2.07;-2.45;-2.65;-2.72;-2.71;-2.79;-3.08;-3.70;-4.38;-4.95;-5.36;-5.75;-6.23;-6.79;-7.39;-7.98;-8.59;-9.24;-9.96;-10.63;-11.15;-11.42;-11.29;-10.68;-9.55;-7.99;-6.17;-4.26;-2.45;-1.04;-0.04;0.62;1.13;1.39;1.39;1.16;0.70;-0.00;-1.00;-1.73;-1.91;-1.39;-0.68;-0.31;-0.33;-0.48;-0.56;-0.56;-0.46;-0.24;0.01;0.20;0.31;0.34;0.25;0.01;-0.21;-0.23;
Segment 6;0.00;-0.06;-0.31;-0.38;-0.62;-0.90;-1.38;-2.18;-3.11;-4.33;-5.23;-5.99;-6.51;-7.27;-8.30;-9.56;-10.85;-11.78;-12.24;-12.54;-12.85;-13.66;-14.56;-15.47;-16.35;-17.12;-17.80;-18.35;-18.71;-18.97;-19.06;-19.12;-19.08;-18.99;-19.17;-19.44;-19.69;-19.61;-18.91;-17.60;-15.33;-11.43;-7.03;-2.33;0.81;3.31;4.87;6.54;8.52;9.81;10.92;10.10;9.45;8.47;7.53;6.63;5.88;5.43;5.26;5.14;4.87;4.59;4.06;3.57;2.85;2.19;1.57;1.15;0.86;0.67;0.58;0.18;
Segment 7;0.00;0.23;0.48;0.27;0.04;-0.29;-0.71;-1.27;-1.92;-2.64;-3.39;-4.07;-4.57;-4.78;-4.88;-5.01;-5.31;-5.71;-6.08;-6.37;-6.55;-6.69;-6.78;-6.87;-7.00;-7.20;-7.36;-7.39;-7.09;-6.67;-6.22;-5.86;-5.54;-5.20;-4.82;-4.41;-3.97;-3.53;-3.09;-2.70;-2.40;-2.17;-1.97;-1.80;-1.68;-1.58;-1.48;-1.37;-1.25;-1.11;-0.95;-0.76;-0.55;-0.32;-0.11;0.07;0.23;0.38;0.53;0.66;0.75;0.79;0.80;0.80;0.77;0.75;0.71;0.65;0.56;0.44;0.30;0.14;
Segment 8;0.00;-0.03;-0.03;0.04;0.24;0.42;0.50;0.40;0.05;-0.63;-1.60;-2.64;-3.52;-4.26;-4.91;-5.53;-6.12;-6.72;-7.35;-7.98;-8.57;-9.11;-9.61;-10.08;-10.53;-10.92;-11.21;-11.41;-11.51;-11.51;-11.43;-11.28;-11.10;-10.88;-10.65;-10.40;-10.11;-9.83;-9.59;-9.35;-9.21;-9.16;-9.10;-8.89;-8.55;-8.16;-7.70;-7.20;-6.70;-6.15;-5.61;-5.08;-4.56;-3.97;-3.28;-2.50;-1.78;-1.35;-1.19;-1.14;-0.98;-0.75;-0.52;-0.36;-0.23;-0.13;0.01;0.11;0.17;0.17;0.13;0.07;
Segment 9;0.00;0.21;0.13;0.27;0.71;1.37;1.77;1.47;0.44;-1.07;-2.40;-3.60;-4.48;-5.58;-6.78;-8.20;-9.59;-10.83;-12.05;-13.04;-14.04;-14.78;-15.51;-16.14;-16.71;-17.24;-17.71;-18.14;-18.55;-18.79;-18.81;-18.77;-18.52;-18.47;-18.46;-18.50;-18.30;-17.57;-16.25;-14.42;-12.34;-10.25;-8.13;-6.44;-4.87;-3.81;-2.85;-2.26;-2.09;-1.82;-1.68;-1.17;-0.80;-0.47;-0.43;-0.53;-0.73;-0.91;-1.02;-1.13;-1.23;-1.41;-1.57;-1.70;-1.76;-1.77;-1.77;-1.77;-1.81;-1.78;-1.47;-0.89;
Segment 10;0.00;-0.39;-0.81;-1.28;-1.36;-1.27;-1.54;-2.22;-3.35;-4.41;-5.85;-7.07;-8.43;-9.38;-10.44;-11.47;-12.51;-13.53;-14.50;-15.38;-16.18;-16.78;-17.30;-17.68;-18.09;-18.48;-18.83;-18.99;-18.80;-18.45;-18.03;-17.59;-17.07;-16.25;-14.82;-13.08;-11.68;-11.34;-11.36;-10.72;-8.88;-6.50;-4.58;-3.82;-3.75;-3.83;-3.58;-3.18;-2.67;-2.25;-1.84;-1.60;-1.49;-1.50;-1.40;-1.23;-0.95;-0.73;-0.61;-0.57;-0.52;-0.36;-0.18;0.01;0.13;0.24;0.31;0.33;0.28;0.27;0.18;0.15;
Segment 11;0.00;-0.20;-0.49;-0.72;-0.65;-0.48;-0.24;-0.01;0.05;-0.27;-0.96;-1.83;-2.83;-3.84;-4.76;-5.51;-6.15;-6.70;-7.17;-7.71;-8.43;-9.44;-10.47;-11.35;-12.00;-12.55;-13.13;-13.73;-14.26;-14.66;-15.01;-15.37;-15.96;-16.58;-17.11;-17.41;-17.45;-17.16;-16.48;-15.47;-14.31;-13.06;-11.77;-10.37;-9.03;-7.95;-7.54;-7.32;-6.95;-5.92;-4.82;-4.03;-4.02;-3.97;-3.40;-2.05;-0.70;-0.08;-0.22;-0.63;-0.93;-1.10;-1.16;-1.05;-0.88;-0.71;-0.60;-0.55;-0.57;-0.64;-0.65;-0.44;
Segment 12;0.00;-0.31;-0.37;-0.18;0.20;0.64;0.96;0.90;0.36;-0.51;-1.63;-2.95;-4.29;-5.56;-6.50;-7.32;-8.21;-9.43;-11.03;-12.59;-13.78;-14.51;-14.90;-15.25;-15.81;-16.49;-17.14;-17.62;-17.87;-17.98;-18.00;-17.96;-17.90;-17.64;-17.32;-16.78;-16.18;-15.76;-15.53;-15.17;-14.40;-13.46;-12.27;-11.19;-9.95;-8.83;-7.86;-7.37;-7.31;-7.25;-7.31;-7.21;-7.24;-6.99;-6.20;-5.11;-3.95;-3.05;-2.46;-1.93;-1.40;-0.76;-0.12;0.50;0.92;1.28;1.56;1.80;1.96;1.93;1.63;0.85;
Segment 13;0.00;-1.60;-2.52;-2.45;-2.62;-2.98;-3.44;-3.87;-4.30;-4.82;-5.52;-6.31;-7.10;-7.86;-8.55;-9.16;-10.01;-10.80;-11.56;-12.14;-12.72;-13.30;-13.91;-14.53;-15.17;-15.71;-16.19;-16.57;-16.39;-16.10;-15.77;-15.49;-15.24;-15.01;-14.64;-14.09;-13.25;-12.20;-10.97;-9.81;-8.99;-8.42;-7.98;-7.58;-7.18;-6.82;-6.34;-5.92;-5.55;-5.30;-5.08;-4.81;-4.46;-4.08;-3.74;-3.55;-3.41;-3.25;-3.05;-2.79;-2.45;-2.13;-1.77;-1.42;-1.01;-0.66;-0.35;-0.05;0.21;0.44;0.72;0.67;
Segment 14;0.00;0.05;0.10;0.13;0.14;0.14;0.11;0.05;-0.14;-0.49;-0.97;-1.48;-2.13;-2.83;-3.49;-3.94;-4.31;-4.67;-5.00;-5.33;-5.69;-6.11;-6.54;-6.95;-7.33;-7.69;-8.01;-8.27;-8.50;-8.74;-8.95;-9.11;-9.19;-9.24;-9.29;-9.39;-9.46;-9.36;-8.98;-8.66;-8.45;-8.36;-8.36;-8.36;-8.32;-8.17;-8.01;-7.79;-7.48;-7.21;-6.91;-6.49;-5.79;-4.99;-4.10;-3.16;-2.32;-1.81;-1.61;-1.57;-1.49;-1.35;-1.17;-1.04;-0.92;-0.80;-0.67;-0.57;-0.51;-0.50;-0.48;-0.33;
Segment 15;0.00;-0.24;-0.55;-0.89;-1.19;-1.55;-2.11;-2.92;-3.92;-5.07;-6.15;-7.22;-8.19;-9.23;-10.41;-11.69;-12.97;-14.18;-15.29;-16.24;-17.12;-17.78;-18.42;-18.98;-19.48;-19.90;-20.28;-20.66;-21.06;-21.36;-21.50;-21.56;-21.55;-21.62;-21.59;-21.52;-21.02;-20.37;-19.54;-17.89;-15.85;-13.10;-10.50;-7.94;-5.60;-3.63;-2.22;-1.32;-0.84;-0.68;-0.51;-0.41;-0.10;0.12;0.21;0.16;0.09;0.07;0.13;0.25;0.35;0.40;0.41;0.44;0.50;0.58;0.64;0.64;0.60;0.57;0.53;0.25;
Segment 16;0.00;-1.18;-1.95;-2.58;-3.04;-3.59;-4.29;-5.24;-6.24;-7.17;-7.84;-8.53;-9.44;-10.99;-12.74;-14.39;-15.41;-16.19;-16.85;-17.82;-18.79;-19.74;-20.75;-21.71;-22.64;-23.40;-24.10;-24.63;-24.69;-24.49;-24.05;-23.26;-22.50;-22.18;-22.80;-23.44;-23.13;-20.39;-16.71;-12.93;-10.29;-8.36;-7.20;-6.84;-6.91;-7.02;-6.70;-6.16;-5.61;-5.29;-5.05;-4.81;-4.49;-4.15;-3.83;-3.58;-3.36;-3.12;-2.84;-2.49;-2.10;-1.62;-1.13;-0.70;-0.46;-0.31;-0.18;0.12;0.45;0.75;0.91;0.73;
Segment 17;0.00;-0.16;-0.40;-0.64;-0.78;-0.85;-0.86;-0.81;-0.85;-1.12;-1.63;-2.25;-2.97;-3.72;-4.47;-5.06;-5.55;-5.94;-6.16;-6.42;-6.85;-7.60;-8.31;-8.85;-9.17;-9.37;-9.54;-9.70;-9.82;-9.87;-9.84;-9.75;-9.62;-9.50;-9.43;-9.47;-9.65;-9.69;-9.34;-9.08;-8.92;-8.83;-8.64;-8.54;-8.36;-7.87;-7.41;-6.80;-6.06;-5.60;-5.38;-5.41;-5.73;-6.04;-5.81;-4.77;-3.75;-3.14;-2.96;-3.02;-2.96;-2.77;-2.49;-2.13;-1.75;-1.38;-1.08;-0.85;-0.68;-0.56;-0.39;-0.19;
Segment 18;0.00;-0.46;-0.72;-1.11;-1.43;-1.87;-2.47;-3.26;-4.36;-5.52;-6.92;-8.16;-9.49;-10.56;-11.53;-12.30;-13.05;-13.82;-14.53;-15.28;-15.85;-16.43;-16.83;-17.22;-17.53;-17.86;-18.20;-18.62;-19.12;-19.53;-19.85;-19.90;-19.98;-20.08;-20.47;-20.84;-20.74;-19.91;-18.37;-16.36;-14.42;-12.97;-11.86;-10.76;-9.16;-7.33;-5.70;-4.57;-4.00;-3.83;-3.79;-3.74;-3.61;-3.37;-3.22;-3.00;-2.73;-2.26;-1.65;-1.07;-0.57;-0.38;-0.21;-0.15;0.11;0.29;0.49;0.58;0.59;0.55;0.35;0.27;

----------------------------------------------------------


Curves
==========================================================
Longitudinal Strain Rate
Unit [1/s]
Time [ms];0.00;10.00;20.00;30.00;40.00;50.00;60.00;70.00;80.00;90.00;100.00;110.00;120.00;130.00;140.00;150.00;160.00;170.00;180.00;190.00;200.00;210.00;220.00;230.00;240.00;250.00;260.01;270.01;280.01;290.01;300.01;310.01;320.01;330.01;340.01;350.01;360.01;370.01;380.01;390.01;400.01;410.01;420.01;430.01;440.01;450.01;460.01;470.01;480.01;490.01;500.01;510.01;520.01;530.01;540.01;550.01;560.01;570.01;580.01;590.01;600.01;610.01;620.01;630.01;640.01;650.01;660.01;670.01;680.01;690.01;700.01;710.01;
Segment 1;-0.01;-0.03;-0.21;-0.36;-0.37;-0.46;-0.64;-0.83;-0.97;-1.09;-1.11;-0.97;-0.62;-0.30;-0.23;-0.36;-0.55;-0.60;-0.53;-0.41;-0.32;-0.24;-0.19;-0.15;-0.16;-0.13;0.03;0.33;0.62;0.77;0.77;0.72;0.70;0.69;0.69;0.70;0.71;0.72;0.68;0.58;0.46;0.34;0.21;0.11;0.08;0.12;0.17;0.21;0.20;0.19;0.18;0.18;0.18;0.19;0.21;0.23;0.24;0.23;0.21;0.16;0.09;0.01;-0.05;-0.10;-0.12;-0.09;-0.01;0.05;0.01;-0.10;-0.23;-0.28;
Segment 2;-0.25;-0.22;-0.15;-0.04;0.06;0.10;0.10;0.04;-0.11;-0.30;-0.46;-0.61;-0.74;-0.80;-0.79;-0.74;-0.68;-0.64;-0.61;-0.60;-0.59;-0.56;-0.44;-0.23;-0.07;-0.06;-0.11;-0.10;-0.07;-0.05;-0.01;0.01;0.03;0.06;0.09;0.14;0.23;0.32;0.42;0.50;0.56;0.59;0.58;0.54;0.51;0.48;0.43;0.38;0.36;0.31;0.20;-0.00;-0.08;0.14;0.54;0.81;0.67;0.34;0.11;0.10;0.20;0.25;0.26;0.24;0.20;0.15;0.07;-0.03;-0.16;-0.27;-0.29;-0.26;
Segment 3;0.01;0.14;0.45;0.45;0.16;-0.03;-0.12;-0.12;-0.13;-0.24;-0.21;-0.09;-0.03;0.23;0.43;0.46;0.31;-0.14;-0.36;-0.37;-0.19;0.04;0.07;-0.04;-0.27;-0.33;-0.32;-0.14;-0.04;0.02;-0.03;-0.10;-0.08;-0.06;0.03;0.13;0.06;-0.25;-0.24;0.00;0.45;0.85;0.61;-0.06;-0.82;-1.03;-0.41;0.60;1.36;1.35;0.86;0.30;-0.01;0.09;0.19;0.21;0.10;-0.10;-0.18;-0.16;-0.04;0.06;0.12;0.10;0.08;0.08;0.10;0.12;-0.10;-0.34;-1.18;-1.62;
Segment 4;1.69;1.72;1.01;0.22;0.09;0.05;-0.04;-0.10;-0.33;-0.40;-0.42;-0.42;-0.24;0.01;0.10;0.37;0.56;0.46;0.31;0.04;0.05;-0.12;-0.26;-0.31;-0.45;-0.60;-0.38;-0.23;-0.09;-0.31;-0.98;-1.62;-1.54;-1.20;-0.45;-0.33;0.62;1.17;1.41;0.99;0.47;0.85;1.00;1.41;1.12;0.89;0.38;0.22;-0.12;-0.41;-0.47;-0.68;-0.72;-0.67;-0.26;0.18;0.17;0.09;-0.16;-0.19;-0.22;-0.16;-0.17;-0.11;-0.08;0.02;0.07;0.06;-0.05;-0.47;-0.71;-0.41;
Segment 5;-0.20;-0.19;-0.05;0.46;0.88;0.79;0.36;-0.04;-0.27;-0.49;-0.68;-0.81;-0.84;-0.76;-0.53;-0.28;-0.12;-0.02;-0.02;-0.16;-0.46;-0.68;-0.64;-0.49;-0.38;-0.43;-0.53;-0.59;-0.60;-0.60;-0.63;-0.69;-0.71;-0.60;-0.41;-0.08;0.36;0.87;1.36;1.71;1.88;1.89;1.63;1.20;0.81;0.58;0.40;0.13;-0.12;-0.34;-0.58;-0.88;-0.92;-0.49;0.19;0.68;0.57;0.16;-0.12;-0.13;-0.04;0.04;0.16;0.25;0.23;0.16;0.07;-0.03;-0.17;-0.25;-0.13;0.12;
Segment 6;-0.03;-0.17;-0.16;-0.14;-0.26;-0.36;-0.65;-0.86;-1.10;-1.09;-0.83;-0.61;-0.60;-0.90;-1.16;-1.31;-1.14;-0.68;-0.35;-0.26;-0.56;-0.89;-0.91;-0.90;-0.83;-0.73;-0.62;-0.45;-0.31;-0.17;-0.07;-0.02;0.09;-0.04;-0.24;-0.28;-0.12;0.37;0.99;1.72;3.11;4.23;4.68;3.97;2.77;1.99;1.53;1.89;1.65;1.29;0.12;-0.85;-0.79;-0.99;-0.92;-0.84;-0.61;-0.29;-0.12;-0.19;-0.26;-0.41;-0.51;-0.61;-0.71;-0.64;-0.53;-0.35;-0.24;-0.11;-0.25;-0.32;
Segment 7;0.22;0.27;0.02;-0.24;-0.27;-0.37;-0.49;-0.61;-0.69;-0.75;-0.73;-0.60;-0.35;-0.14;-0.10;-0.21;-0.36;-0.40;-0.33;-0.23;-0.16;-0.11;-0.09;-0.10;-0.17;-0.20;-0.11;0.13;0.38;0.45;0.41;0.33;0.32;0.36;0.40;0.43;0.44;0.44;0.42;0.35;0.26;0.21;0.18;0.14;0.11;0.10;0.11;0.11;0.13;0.15;0.17;0.20;0.22;0.22;0.20;0.17;0.15;0.15;0.14;0.11;0.07;0.03;0.00;-0.02;-0.02;-0.03;-0.05;-0.08;-0.11;-0.13;-0.15;-0.15;
Segment 8;-0.04;-0.02;0.03;0.14;0.20;0.14;-0.00;-0.22;-0.51;-0.84;-1.03;-0.97;-0.81;-0.69;-0.63;-0.61;-0.59;-0.61;-0.63;-0.61;-0.57;-0.52;-0.48;-0.46;-0.43;-0.35;-0.24;-0.15;-0.05;0.04;0.11;0.17;0.20;0.23;0.24;0.27;0.29;0.26;0.24;0.20;0.09;0.04;0.13;0.28;0.37;0.43;0.48;0.50;0.53;0.55;0.54;0.52;0.55;0.64;0.74;0.77;0.59;0.28;0.08;0.09;0.20;0.24;0.20;0.14;0.11;0.12;0.12;0.09;0.03;-0.03;-0.05;-0.06;
Segment 9;0.26;0.05;-0.01;0.29;0.58;0.59;0.08;-0.68;-1.33;-1.46;-1.27;-1.01;-0.96;-1.15;-1.31;-1.43;-1.31;-1.24;-1.10;-0.99;-0.88;-0.72;-0.69;-0.60;-0.55;-0.50;-0.45;-0.43;-0.34;-0.12;0.01;0.16;0.17;0.02;-0.03;0.04;0.44;1.02;1.60;1.99;2.09;2.13;1.91;1.64;1.31;1.00;0.81;0.35;0.21;0.18;0.32;0.47;0.36;0.19;-0.05;-0.16;-0.20;-0.14;-0.11;-0.10;-0.14;-0.18;-0.14;-0.09;-0.03;-0.00;0.01;-0.03;-0.03;0.16;0.45;0.75;
Segment 10;-0.38;-0.40;-0.47;-0.29;0.05;-0.06;-0.47;-0.94;-1.09;-1.26;-1.35;-1.30;-1.15;-0.97;-1.06;-1.03;-1.03;-1.00;-0.92;-0.84;-0.70;-0.56;-0.44;-0.38;-0.41;-0.38;-0.28;0.02;0.29;0.39;0.43;0.47;0.64;1.12;1.64;1.66;0.87;0.05;0.21;1.24;2.22;2.26;1.35;0.35;-0.06;0.07;0.34;0.47;0.47;0.42;0.33;0.17;0.03;0.03;0.14;0.24;0.26;0.17;0.08;0.03;0.10;0.18;0.19;0.15;0.11;0.10;0.05;-0.02;-0.03;-0.05;-0.06;-0.08;
Segment 11;-0.19;-0.25;-0.29;-0.08;0.14;0.21;0.25;0.17;-0.12;-0.51;-0.79;-0.94;-1.02;-0.98;-0.84;-0.69;-0.59;-0.50;-0.49;-0.62;-0.87;-1.05;-0.98;-0.76;-0.58;-0.56;-0.59;-0.57;-0.47;-0.37;-0.33;-0.48;-0.63;-0.59;-0.42;-0.17;0.12;0.48;0.86;1.10;1.21;1.27;1.35;1.39;1.25;0.74;0.27;0.24;0.71;1.13;1.00;0.38;-0.05;0.26;1.00;1.45;1.03;0.21;-0.33;-0.38;-0.23;-0.12;0.03;0.15;0.17;0.14;0.08;0.02;-0.05;-0.06;0.09;0.34;
Segment 12;-0.34;-0.20;0.07;0.29;0.43;0.41;0.15;-0.31;-0.72;-1.00;-1.23;-1.35;-1.32;-1.11;-0.86;-0.83;-1.04;-1.43;-1.62;-1.40;-0.96;-0.53;-0.33;-0.45;-0.64;-0.68;-0.58;-0.36;-0.17;-0.06;0.01;0.04;0.16;0.29;0.43;0.60;0.53;0.30;0.26;0.56;0.86;1.08;1.14;1.16;1.20;1.06;0.75;0.24;0.05;-0.01;0.02;0.03;0.06;0.52;0.97;1.16;1.05;0.73;0.54;0.52;0.59;0.65;0.64;0.52;0.38;0.32;0.26;0.21;0.08;-0.14;-0.56;-0.84;
Segment 13;-1.69;-1.33;-0.36;0.03;-0.28;-0.43;-0.45;-0.42;-0.46;-0.61;-0.76;-0.80;-0.78;-0.73;-0.63;-0.73;-0.84;-0.78;-0.67;-0.57;-0.58;-0.59;-0.62;-0.64;-0.59;-0.51;-0.46;-0.10;0.27;0.31;0.31;0.27;0.23;0.29;0.45;0.69;0.96;1.15;1.23;1.00;0.68;0.49;0.41;0.40;0.38;0.42;0.46;0.40;0.30;0.23;0.24;0.31;0.37;0.37;0.27;0.16;0.14;0.17;0.23;0.30;0.33;0.35;0.35;0.38;0.39;0.33;0.30;0.28;0.24;0.27;0.17;-0.38;
Segment 14;0.05;0.05;0.04;0.02;0.01;-0.01;-0.04;-0.12;-0.27;-0.43;-0.50;-0.57;-0.68;-0.70;-0.56;-0.40;-0.37;-0.34;-0.32;-0.34;-0.40;-0.43;-0.42;-0.40;-0.37;-0.34;-0.29;-0.24;-0.23;-0.23;-0.19;-0.12;-0.06;-0.04;-0.08;-0.10;-0.00;0.26;0.38;0.27;0.14;0.04;-0.00;0.01;0.10;0.15;0.18;0.28;0.29;0.27;0.34;0.56;0.76;0.84;0.93;0.91;0.69;0.35;0.09;0.05;0.11;0.17;0.16;0.12;0.12;0.13;0.12;0.08;0.04;0.00;0.07;0.25;
Segment 15;-0.23;-0.28;-0.34;-0.32;-0.31;-0.45;-0.69;-0.91;-1.09;-1.12;-1.08;-1.02;-0.99;-1.11;-1.24;-1.29;-1.25;-1.16;-1.03;-0.92;-0.76;-0.64;-0.61;-0.53;-0.46;-0.40;-0.38;-0.40;-0.36;-0.22;-0.10;-0.01;-0.03;-0.03;0.03;0.28;0.60;0.69;1.23;1.85;2.43;2.73;2.57;2.47;2.17;1.70;1.14;0.68;0.30;0.15;0.12;0.20;0.29;0.16;0.01;-0.07;-0.05;0.02;0.09;0.12;0.08;0.02;0.01;0.05;0.08;0.07;0.03;-0.03;-0.04;-0.01;-0.16;-0.28;
Segment 16;-1.24;-0.98;-0.68;-0.53;-0.48;-0.62;-0.83;-0.99;-0.99;-0.80;-0.65;-0.75;-1.23;-1.70;-1.75;-1.35;-0.86;-0.69;-0.81;-0.99;-0.96;-0.98;-0.99;-0.95;-0.85;-0.72;-0.65;-0.30;0.09;0.30;0.63;0.82;0.61;-0.18;-0.74;-0.32;1.53;3.36;3.86;3.25;2.25;1.56;0.74;0.10;-0.14;0.09;0.46;0.57;0.44;0.26;0.23;0.28;0.33;0.34;0.29;0.23;0.23;0.26;0.31;0.36;0.44;0.50;0.47;0.34;0.19;0.12;0.21;0.32;0.32;0.25;0.02;-0.47;
Segment 17;-0.15;-0.20;-0.25;-0.20;-0.10;-0.04;0.03;0.02;-0.14;-0.40;-0.57;-0.67;-0.74;-0.77;-0.67;-0.53;-0.45;-0.30;-0.22;-0.33;-0.60;-0.76;-0.63;-0.42;-0.25;-0.18;-0.17;-0.14;-0.08;-0.01;0.06;0.12;0.13;0.10;0.02;-0.12;-0.15;0.17;0.34;0.21;0.11;0.14;0.15;0.11;0.34;0.49;0.52;0.70;0.63;0.34;0.10;-0.19;-0.36;-0.10;0.67;1.11;0.83;0.38;0.02;-0.02;0.13;0.24;0.32;0.37;0.38;0.34;0.26;0.20;0.13;0.14;0.19;0.20;
Segment 18;-0.49;-0.35;-0.32;-0.35;-0.36;-0.52;-0.68;-0.95;-1.13;-1.29;-1.33;-1.29;-1.22;-1.01;-0.87;-0.74;-0.77;-0.74;-0.74;-0.66;-0.57;-0.50;-0.39;-0.35;-0.31;-0.33;-0.37;-0.47;-0.47;-0.38;-0.17;-0.05;-0.07;-0.24;-0.43;-0.18;0.45;1.20;1.82;2.03;1.71;1.25;1.05;1.33;1.76;1.77;1.40;0.84;0.34;0.08;0.04;0.08;0.20;0.20;0.17;0.24;0.36;0.55;0.61;0.56;0.34;0.17;0.10;0.16;0.23;0.19;0.16;0.05;-0.01;-0.14;-0.14;-0.16;

----------------------------------------------------------


Curves
==========================================================
Global Strain A2C
Unit [%]
Time [ms];0.00;10.00;20.00;30.00;40.00;50.00;60.00;70.00;80.00;90.00;100.00;110.00;120.00;130.00;140.00;150.00;160.00;170.00;180.00;190.00;200.00;210.00;220.00;230.00;240.00;250.00;260.01;270.01;280.01;290.01;300.01;310.01;320.01;330.01;340.01;350.01;360.01;370.01;380.01;390.01;400.01;410.01;420.01;430.01;440.01;450.01;460.01;470.01;480.01;490.01;500.01;510.01;520.01;530.01;540.01;550.01;560.01;570.01;580.01;590.01;600.01;610.01;620.01;630.01;640.01;650.01;660.01;670.01;680.01;690.01;700.01;710.01;
Total;0.00;-0.23;-0.30;-0.49;-0.68;-0.94;-1.33;-1.91;-2.61;-3.40;-4.23;-5.07;-5.85;-6.55;-7.16;-7.77;-8.27;-8.81;-9.27;-9.80;-10.27;-10.70;-11.14;-11.57;-12.01;-12.45;-12.84;-13.03;-12.89;-12.56;-12.28;-12.05;-11.93;-11.73;-11.56;-11.08;-10.56;-9.37;-8.26;-6.80;-5.80;-4.67;-3.95;-3.36;-3.09;-2.81;-2.52;-2.16;-1.88;-1.68;-1.58;-1.45;-1.41;-1.31;-1.24;-1.03;-0.85;-0.63;-0.50;-0.35;-0.23;-0.07;0.07;0.20;0.30;0.37;0.46;0.57;0.67;0.70;0.59;0.37;

----------------------------------------------------------


Curves
==========================================================
Global Strain Rate A2C
Unit [1/s]
Time [ms];0.00;10.00;20.00;30.00;40.00;50.00;60.00;70.00;80.00;90.00;100.00;110.00;120.00;130.00;140.00;150.00;160.00;170.00;180.00;190.00;200.00;210.00;220.00;230.00;240.00;250.00;260.01;270.01;280.01;290.01;300.01;310.01;320.01;330.01;340.01;350.01;360.01;370.01;380.01;390.01;400.01;410.01;420.01;430.01;440.01;450.01;460.01;470.01;480.01;490.01;500.01;510.01;520.01;530.01;540.01;550.01;560.01;570.01;580.01;590.01;600.01;610.01;620.01;630.01;640.01;650.01;660.01;670.01;680.01;690.01;700.01;710.01;
Total;-0.25;-0.14;-0.12;-0.19;-0.21;-0.32;-0.49;-0.65;-0.75;-0.82;-0.84;-0.82;-0.74;-0.64;-0.62;-0.56;-0.51;-0.50;-0.49;-0.51;-0.45;-0.44;-0.43;-0.43;-0.44;-0.43;-0.31;-0.03;0.26;0.32;0.26;0.16;0.15;0.17;0.33;0.47;0.86;1.16;1.31;1.24;1.05;0.95;0.65;0.42;0.25;0.29;0.33;0.33;0.24;0.14;0.12;0.08;0.07;0.08;0.14;0.20;0.20;0.18;0.14;0.13;0.14;0.15;0.14;0.11;0.08;0.08;0.10;0.11;0.07;-0.04;-0.16;-0.30;

----------------------------------------------------------


Curves
==========================================================
Global Strain A3C
Unit [%]
Time [ms];0.00;10.00;20.00;30.00;40.00;50.00;60.00;70.00;80.00;90.00;100.00;110.00;120.00;130.00;140.00;150.00;160.00;170.00;180.00;190.00;200.00;210.00;220.00;230.00;240.00;250.00;260.01;270.01;280.01;290.01;300.01;310.01;320.01;330.01;340.01;350.01;360.01;370.01;380.01;390.01;400.01;410.01;420.01;430.01;440.01;450.01;460.01;470.01;480.01;490.01;500.01;510.01;520.01;530.01;540.01;550.01;560.01;570.01;580.01;590.01;600.01;610.01;620.01;630.01;640.01;650.01;660.01;670.01;680.01;690.01;700.01;710.01;
Total;0.00;-0.14;-0.28;-0.34;-0.18;0.04;0.21;0.27;0.16;-0.20;-0.80;-1.52;-2.31;-3.11;-3.86;-4.45;-4.94;-5.36;-5.72;-6.12;-6.61;-7.27;-7.92;-8.46;-8.85;-9.17;-9.50;-9.82;-10.11;-10.34;-10.54;-10.71;-10.90;-11.08;-11.22;-11.29;-11.25;-11.00;-10.45;-9.79;-9.09;-8.40;-7.70;-7.07;-6.49;-5.93;-5.52;-5.16;-4.78;-4.38;-4.07;-3.90;-3.97;-3.94;-3.54;-2.64;-1.73;-1.21;-1.13;-1.21;-1.20;-1.11;-0.94;-0.74;-0.52;-0.32;-0.17;-0.08;-0.07;-0.14;-0.19;-0.16;

----------------------------------------------------------


Curves
==========================================================
Global Strain Rate A3C
Unit [1/s]
Time [ms];0.00;10.00;20.00;30.00;40.00;50.00;60.00;70.00;80.00;90.00;100.00;110.00;120.00;130.00;140.00;150.00;160.00;170.00;180.00;190.00;200.00;210.00;220.00;230.00;240.00;250.00;260.01;270.01;280.01;290.01;300.01;310.01;320.01;330.01;340.01;350.01;360.01;370.01;380.01;390.01;400.01;410.01;420.01;430.01;440.01;450.01;460.01;470.01;480.01;490.01;500.01;510.01;520.01;530.01;540.01;550.01;560.01;570.01;580.01;590.01;600.01;610.01;620.01;630.01;640.01;650.01;660.01;670.01;680.01;690.01;700.01;710.01;
Total;-0.13;-0.14;-0.12;0.05;0.21;0.21;0.12;-0.02;-0.23;-0.49;-0.67;-0.76;-0.81;-0.78;-0.67;-0.53;-0.46;-0.39;-0.37;-0.43;-0.58;-0.67;-0.61;-0.46;-0.35;-0.32;-0.33;-0.31;-0.26;-0.21;-0.18;-0.18;-0.19;-0.16;-0.11;-0.02;0.14;0.40;0.62;0.69;0.70;0.70;0.67;0.61;0.58;0.48;0.38;0.37;0.39;0.37;0.25;0.04;-0.06;0.19;0.67;0.96;0.74;0.29;-0.03;-0.05;0.06;0.13;0.19;0.22;0.21;0.18;0.12;0.06;-0.03;-0.08;-0.02;0.10;

----------------------------------------------------------


Curves
==========================================================
Global Strain A4C
Unit [%]
Time [ms];0.00;10.00;20.00;30.00;40.00;50.00;60.00;70.00;80.00;90.00;100.00;110.00;120.00;130.00;140.00;150.00;160.00;170.00;180.00;190.00;200.00;210.00;220.00;230.00;240.00;250.00;260.01;270.01;280.01;290.01;300.01;310.01;320.01;330.01;340.01;350.01;360.01;370.01;380.01;390.01;400.01;410.01;420.01;430.01;440.01;450.01;460.01;470.01;480.01;490.01;500.01;510.01;520.01;530.01;540.01;550.01;560.01;570.01;580.01;590.01;600.01;610.01;620.01;630.01;640.01;650.01;660.01;670.01;680.01;690.01;700.01;710.01;
Total;0.00;-0.15;-0.27;-0.27;-0.24;-0.25;-0.44;-0.93;-1.72;-2.74;-3.77;-4.72;-5.59;-6.46;-7.29;-8.14;-9.01;-9.89;-10.79;-11.60;-12.31;-12.90;-13.41;-13.87;-14.38;-14.89;-15.38;-15.80;-16.13;-16.36;-16.46;-16.49;-16.46;-16.44;-16.48;-16.48;-16.26;-15.84;-15.13;-13.95;-12.41;-10.41;-8.34;-6.39;-4.77;-3.49;-2.50;-1.67;-0.92;-0.35;0.07;0.13;0.14;0.14;0.18;0.25;0.35;0.48;0.63;0.78;0.90;0.98;1.02;1.06;1.06;1.07;1.06;1.06;1.03;0.94;0.79;0.35;

----------------------------------------------------------


Curves
==========================================================
Global Strain Rate A4C
Unit [1/s]
Time [ms];0.00;10.00;20.00;30.00;40.00;50.00;60.00;70.00;80.00;90.00;100.00;110.00;120.00;130.00;140.00;150.00;160.00;170.00;180.00;190.00;200.00;210.00;220.00;230.00;240.00;250.00;260.01;270.01;280.01;290.01;300.01;310.01;320.01;330.01;340.01;350.01;360.01;370.01;380.01;390.01;400.01;410.01;420.01;430.01;440.01;450.01;460.01;470.01;480.01;490.01;500.01;510.01;520.01;530.01;540.01;550.01;560.01;570.01;580.01;590.01;600.01;610.01;620.01;630.01;640.01;650.01;660.01;670.01;680.01;690.01;700.01;710.01;
Total;-0.15;-0.14;-0.06;0.02;0.02;-0.08;-0.33;-0.65;-0.92;-1.04;-1.00;-0.90;-0.86;-0.85;-0.84;-0.86;-0.87;-0.89;-0.86;-0.76;-0.65;-0.55;-0.48;-0.48;-0.52;-0.50;-0.46;-0.38;-0.28;-0.16;-0.06;0.00;0.04;-0.01;-0.04;0.10;0.32;0.55;0.94;1.36;1.79;2.07;2.03;1.80;1.45;1.13;0.90;0.79;0.66;0.51;0.23;0.01;-0.00;0.01;0.06;0.09;0.12;0.14;0.15;0.14;0.10;0.06;0.04;0.02;-0.00;-0.00;-0.00;-0.01;-0.06;-0.10;-0.31;-0.42;

----------------------------------------------------------


