PatientInformation
==========================================================
PatientID;No patientID
Name;,,
Date of Birth;
Sex;
Version;AutoStrainCap2 2.1.0.491925

Results
==========================================================
Global
----------------------------------------------------------
RVFWSL;-18.45;%
RV4CSL;-15.58;%
ED;0.00;ms
ES;318.57;ms

Curves
==========================================================
Longitudinal Strain
Unit [%]
Time [ms];0.00;9.37;18.74;28.11;37.48;46.85;56.22;65.59;74.96;84.33;93.70;103.07;112.44;121.80;131.17;140.54;149.91;159.28;168.65;178.02;187.39;196.76;206.13;215.50;224.87;234.24;243.61;252.98;262.35;271.72;281.09;290.46;299.83;309.20;318.57;327.94;337.31;346.68;356.04;365.41;374.78;384.15;393.52;402.89;412.26;421.63;431.00;440.37;449.74;459.11;468.48;477.85;487.22;496.59;505.96;515.33;524.70;534.07;543.44;552.81;562.18;571.55;580.92;590.28;599.65;609.02;618.39;627.76;
Basal;0.00;-0.01;0.11;0.29;0.80;1.27;1.54;1.43;0.99;0.23;-0.74;-1.87;-2.95;-3.86;-4.69;-5.68;-6.73;-7.98;-9.19;-10.40;-11.40;-12.20;-12.70;-13.10;-13.48;-14.16;-14.82;-15.38;-15.60;-15.72;-15.84;-16.09;-16.40;-16.66;-16.81;-16.79;-16.97;-16.86;-16.58;-16.06;-15.44;-14.64;-13.75;-12.71;-11.63;-10.50;-9.36;-8.13;-6.72;-5.11;-3.41;-1.90;-0.61;0.41;1.35;2.04;2.66;3.07;3.22;3.11;2.71;2.05;1.26;0.61;0.14;-0.06;-0.17;-0.09;
Mid;0.00;-0.02;0.19;0.26;0.02;-0.43;-0.87;-1.18;-1.49;-2.02;-2.69;-3.55;-4.38;-5.29;-6.09;-6.97;-7.65;-8.45;-9.22;-10.18;-11.05;-11.87;-12.52;-13.12;-13.63;-14.28;-14.81;-15.31;-15.54;-15.73;-15.86;-16.08;-16.31;-16.50;-16.65;-16.68;-16.82;-16.88;-16.77;-16.43;-15.76;-14.88;-13.90;-12.81;-11.65;-10.35;-8.80;-7.12;-5.36;-3.79;-2.27;-0.89;0.42;1.54;2.49;3.10;3.51;3.74;3.79;3.68;3.40;3.01;2.55;2.14;1.75;1.45;1.05;0.56;
Apical;0.00;-0.22;-0.16;-0.11;-0.09;-0.23;-0.46;-0.78;-1.21;-1.86;-2.65;-3.62;-4.58;-5.56;-6.45;-7.42;-8.25;-9.18;-10.07;-11.04;-11.93;-12.77;-13.53;-14.27;-14.96;-15.80;-16.55;-17.25;-17.68;-18.06;-18.37;-18.77;-19.15;-19.48;-19.67;-19.75;-19.69;-19.53;-19.21;-18.63;-17.72;-16.61;-15.46;-14.27;-13.11;-11.92;-10.65;-9.24;-7.63;-5.99;-4.30;-2.71;-1.19;0.11;1.21;1.95;2.47;2.75;2.84;2.76;2.54;2.23;1.89;1.65;1.53;1.45;1.17;0.63;

----------------------------------------------------------


