PatientInformation
==========================================================
PatientID;No patientID
Name;,,
Date of Birth;
Sex;
Version;AutoStrainCap2 2.1.0.491925

Results
==========================================================
Global
----------------------------------------------------------
LaSr_ED;28.79;%
LaScd_ED;-15.45;%
LaSct_ED;-13.34;%
LaSr_AC;25.36;%
LaScd_AC;-13.61;%
LaSct_AC;-11.75;%
ED;0.00;ms
ES;405.45;ms
PreA;675.75;ms

Curves
==========================================================
Longitudinal Strain
Unit [%]
Time [ms];0.00;18.51;37.03;55.54;74.05;92.57;111.08;129.60;148.11;166.62;185.14;203.65;222.16;240.68;259.19;277.70;296.22;314.73;333.24;351.76;370.27;388.79;407.30;425.81;444.33;462.84;481.35;499.87;518.38;536.89;555.41;573.92;592.43;610.95;629.46;647.98;666.49;685.00;703.52;722.03;740.54;759.06;777.57;796.08;814.60;833.11;851.63;870.14;888.65;907.17;925.68;
LAS_ED;0.00;-0.82;-0.41;0.94;2.43;3.69;4.87;6.56;8.68;11.41;14.19;16.26;17.95;19.35;20.87;22.90;24.77;25.85;26.51;26.83;27.40;28.47;28.79;28.20;26.17;23.19;19.96;17.17;14.97;13.44;12.55;12.42;12.73;13.04;13.33;13.15;13.18;13.54;13.80;13.52;13.14;13.76;14.60;14.99;14.96;14.42;13.63;11.39;8.69;5.75;3.05;
LAS_AC;-11.93;-12.65;-12.29;-11.10;-9.79;-8.68;-7.64;-6.15;-4.28;-1.88;0.57;2.39;3.88;5.11;6.45;8.24;9.89;10.84;11.42;11.70;12.21;13.15;13.43;12.91;11.12;8.50;5.65;3.20;1.26;-0.09;-0.88;-0.99;-0.72;-0.44;-0.18;-0.34;-0.32;0.00;0.23;-0.02;-0.35;0.19;0.93;1.27;1.25;0.77;0.08;-1.89;-4.27;-6.86;-9.24;

----------------------------------------------------------


