PatientInformation
==========================================================
PatientID;No patientID
Name;,,
Date of Birth;
Sex;
Version;AutoStrainCap2 2.1.0.491925

Results
==========================================================
Global
----------------------------------------------------------
RVFWSL;-30.92;%
RV4CSL;-25.55;%
ED;0.00;ms
ES;321.75;ms

Curves
==========================================================
Longitudinal Strain
Unit [%]
Time [ms];0.00;20.11;40.22;60.33;80.44;100.55;120.66;140.77;160.88;180.99;201.10;221.21;241.32;261.42;281.53;301.64;321.75;341.86;361.97;382.08;402.19;422.30;442.41;462.52;482.63;502.74;522.85;542.96;563.07;583.18;603.29;623.40;643.51;663.62;683.73;703.84;723.95;744.05;764.16;784.27;804.38;824.49;844.60;864.71;884.82;904.93;925.04;945.15;965.26;
Basal;0.00;-1.58;-2.42;-4.12;-6.45;-10.42;-14.12;-16.16;-17.35;-18.68;-20.15;-21.40;-22.05;-21.74;-21.77;-24.64;-27.36;-27.40;-26.79;-27.58;-28.20;-27.87;-26.27;-22.99;-18.86;-14.67;-10.84;-7.91;-5.28;-2.14;0.91;3.43;5.12;5.29;4.90;4.88;4.88;4.86;4.88;4.89;5.12;5.68;6.67;8.24;9.79;10.84;10.67;8.40;4.73;
Mid;0.00;-1.70;-2.70;-4.48;-6.92;-10.57;-14.14;-16.64;-18.47;-20.56;-22.77;-24.92;-26.40;-26.58;-26.88;-29.07;-31.02;-30.37;-29.27;-30.01;-30.66;-30.04;-28.03;-24.20;-19.47;-14.63;-10.36;-7.34;-4.85;-2.03;0.74;3.07;4.68;4.87;4.56;4.64;4.86;5.19;5.53;5.72;6.01;6.54;7.50;9.10;10.74;11.81;11.49;8.85;4.80;
Apical;0.00;-2.66;-4.35;-5.41;-6.85;-10.25;-13.83;-16.60;-18.66;-20.84;-23.20;-25.76;-27.72;-28.27;-28.65;-30.41;-32.05;-30.79;-29.22;-29.75;-30.07;-29.21;-27.15;-23.88;-19.91;-15.29;-11.05;-8.21;-5.90;-3.11;-0.31;2.05;3.78;4.14;3.98;4.10;4.24;4.35;4.47;4.69;5.01;5.50;6.32;7.63;9.07;10.26;10.27;8.06;4.48;

----------------------------------------------------------


