PatientInformation
==========================================================
PatientID;No patientID
Name;,,
Date of Birth;
Sex;
Version;AutoStrainCap2 2.1.0.491925

Results
==========================================================
Global
----------------------------------------------------------
LaSr_ED;34.69;%
LaScd_ED;-39.60;%
LaSct_ED;4.91;%
LaSr_AC;36.48;%
LaScd_AC;-41.65;%
LaSct_AC;5.16;%
ED;0.00;ms
ES;388.80;ms
PreA;696.60;ms

Curves
==========================================================
Longitudinal Strain
Unit [%]
Time [ms];0.00;8.10;16.20;24.30;32.40;40.50;48.60;56.70;64.80;72.90;81.00;89.10;97.20;105.30;113.40;121.50;129.60;137.70;145.80;153.90;162.00;170.10;178.20;186.30;194.40;202.50;210.60;218.70;226.80;234.90;243.00;251.10;259.20;267.30;275.40;283.50;291.60;299.70;307.80;315.90;324.00;332.10;340.20;348.30;356.40;364.50;372.60;380.70;388.80;396.90;405.00;413.10;421.20;429.30;437.40;445.50;453.60;461.70;469.80;477.90;486.00;494.10;502.20;510.30;518.40;526.50;534.60;542.70;550.80;558.90;567.00;575.10;583.20;591.30;599.40;607.50;615.60;623.70;631.80;639.90;648.00;656.10;664.20;672.30;680.40;688.50;696.60;704.70;712.80;720.90;729.00;737.10;745.20;753.30;761.40;769.50;777.60;785.70;793.80;801.90;810.00;818.10;826.20;834.30;842.40;850.50;858.60;866.70;874.80;882.90;891.00;899.10;907.20;915.30;923.40;931.50;939.60;947.70;955.80;963.90;972.00;980.10;988.20;996.30;
LAS_ED;0.00;-9.27;-12.93;-12.29;-9.23;-4.62;0.19;3.21;4.98;5.67;5.80;5.48;5.44;5.51;6.05;6.67;7.46;8.31;9.30;10.27;11.36;12.52;13.76;15.08;16.46;18.04;19.66;21.29;22.92;24.49;26.06;27.23;28.39;29.40;30.31;31.05;31.68;32.00;32.25;32.42;32.60;32.79;33.01;33.30;33.61;33.93;34.24;34.46;34.69;34.50;34.31;34.02;33.70;33.35;32.96;32.71;32.28;31.51;30.23;28.20;25.66;21.79;17.70;13.39;9.39;6.02;3.69;1.50;0.16;-0.65;-1.07;-1.21;-1.25;-1.91;-2.56;-3.27;-3.79;-4.40;-4.51;-4.95;-4.92;-5.01;-4.98;-4.97;-5.04;-4.92;-4.91;-4.89;-4.89;-4.90;-4.79;-4.88;-4.84;-4.81;-4.76;-4.71;-4.68;-4.69;-4.75;-4.81;-4.92;-5.03;-5.18;-5.49;-5.78;-6.22;-6.47;-7.28;-7.38;-9.01;-10.03;-11.64;-13.24;-15.17;-16.99;-19.36;-21.09;-22.55;-22.76;-22.04;-19.12;-13.90;-7.35;-2.08;
LAS_AC;5.16;-4.59;-8.44;-7.76;-4.54;0.31;5.37;8.54;10.40;11.12;11.26;10.92;10.89;10.96;11.53;12.18;13.01;13.90;14.94;15.97;17.11;18.33;19.63;21.02;22.47;24.14;25.84;27.55;29.27;30.92;32.57;33.80;35.02;36.08;37.04;37.82;38.48;38.82;39.08;39.26;39.44;39.64;39.88;40.19;40.52;40.85;41.17;41.41;41.65;41.44;41.24;40.94;40.60;40.23;39.82;39.57;39.11;38.30;36.96;34.82;32.14;28.08;23.77;19.24;15.04;11.50;9.05;6.74;5.33;4.48;4.04;3.89;3.85;3.16;2.47;1.73;1.18;0.54;0.42;-0.04;-0.01;-0.10;-0.07;-0.06;-0.14;-0.00;0.00;0.02;0.02;0.01;0.13;0.03;0.07;0.10;0.16;0.21;0.24;0.23;0.17;0.11;-0.01;-0.13;-0.28;-0.61;-0.91;-1.37;-1.64;-2.49;-2.60;-4.31;-5.38;-7.08;-8.76;-10.78;-12.70;-15.20;-17.02;-18.55;-18.77;-18.02;-14.95;-9.46;-2.56;2.98;

----------------------------------------------------------


