PatientInformation
==========================================================
PatientID;No patientID
Name;,,
Date of Birth;
Sex;
Version;AutoStrainCap2 2.1.0.491925

Results
==========================================================
Global
----------------------------------------------------------
RVFWSL;-28.81;%
RV4CSL;-24.50;%
ED;0.00;ms
ES;385.69;ms

Curves
==========================================================
Longitudinal Strain
Unit [%]
Time [ms];0.00;10.12;20.25;30.37;40.49;50.62;60.74;70.86;80.99;91.11;101.23;111.36;121.48;131.60;141.72;151.85;161.97;172.09;182.22;192.34;202.46;212.59;222.71;232.83;242.96;253.08;263.20;273.33;283.45;293.57;303.70;313.82;323.94;334.07;344.19;354.31;364.43;374.56;384.68;394.80;404.93;415.05;425.17;435.30;445.42;455.54;465.67;475.79;485.91;496.04;506.16;516.28;526.41;536.53;546.65;556.78;566.90;577.02;587.15;597.27;607.39;617.51;627.64;637.76;647.88;658.01;668.13;678.25;688.38;698.50;708.62;718.75;728.87;738.99;749.12;759.24;769.36;779.49;789.61;
Basal;0.00;0.13;0.04;-0.28;-0.76;-1.31;-2.03;-2.92;-4.03;-5.47;-7.07;-8.74;-10.36;-11.83;-13.24;-14.68;-16.19;-17.83;-19.50;-21.08;-22.48;-23.60;-24.60;-25.63;-26.85;-28.40;-30.16;-32.00;-33.75;-35.24;-36.49;-37.53;-38.39;-39.14;-39.74;-40.26;-40.68;-41.40;-41.88;-41.94;-41.42;-40.09;-38.35;-36.43;-34.67;-33.23;-32.08;-31.02;-29.93;-28.65;-27.21;-25.68;-24.12;-22.59;-21.14;-19.82;-18.64;-17.62;-16.77;-16.08;-15.56;-15.26;-14.97;-14.50;-13.62;-12.12;-10.19;-8.06;-5.92;-3.86;-2.04;-0.60;0.32;0.40;0.06;-0.45;-0.83;-0.72;-0.37;
Mid;0.00;0.28;0.45;0.44;0.22;-0.25;-0.91;-1.68;-2.48;-3.23;-3.97;-4.77;-5.70;-6.84;-8.11;-9.41;-10.71;-11.92;-13.06;-14.09;-14.97;-15.69;-16.31;-16.95;-17.73;-18.71;-19.81;-20.91;-21.88;-22.62;-23.15;-23.50;-23.69;-23.78;-23.75;-23.61;-23.38;-23.38;-23.22;-22.84;-22.18;-21.22;-20.08;-18.94;-18.02;-17.62;-17.44;-17.26;-16.86;-15.97;-14.83;-13.59;-12.46;-11.62;-10.97;-10.42;-9.85;-9.22;-8.56;-7.97;-7.51;-7.21;-6.98;-6.65;-6.14;-5.37;-4.41;-3.35;-2.36;-1.53;-0.90;-0.50;-0.25;-0.13;-0.09;-0.13;-0.18;-0.17;-0.10;
Apical;0.00;0.06;0.03;-0.15;-0.49;-0.91;-1.48;-2.15;-2.87;-3.74;-4.62;-5.54;-6.49;-7.42;-8.39;-9.40;-10.45;-11.54;-12.63;-13.64;-14.53;-15.26;-15.91;-16.55;-17.30;-18.20;-19.18;-20.14;-20.97;-21.58;-22.00;-22.27;-22.42;-22.50;-22.50;-22.44;-22.32;-22.20;-21.97;-21.60;-21.03;-20.26;-19.35;-18.45;-17.67;-17.26;-16.98;-16.69;-16.22;-15.41;-14.41;-13.35;-12.39;-11.60;-10.97;-10.44;-9.96;-9.51;-9.08;-8.71;-8.43;-8.31;-8.22;-8.04;-7.65;-6.89;-5.90;-4.79;-3.70;-2.67;-1.79;-1.10;-0.62;-0.48;-0.51;-0.62;-0.70;-0.54;-0.28;

----------------------------------------------------------


