PatientInformation
==========================================================
PatientID;No patientID
Name;,,
Date of Birth;
Sex;
Version;AutoStrainCap2 2.1.0.491925

Results
==========================================================
Global
----------------------------------------------------------
LaSr_ED;29.39;%
LaScd_ED;-20.15;%
LaSct_ED;-9.25;%
LaSr_AC;27.05;%
LaScd_AC;-18.54;%
LaSct_AC;-8.51;%
ED;0.00;ms
ES;298.26;ms
PreA;578.13;ms

Curves
==========================================================
Longitudinal Strain
Unit [%]
Time [ms];0.00;20.43;40.86;61.29;81.72;102.14;122.57;143.00;163.43;183.86;204.29;224.72;245.15;265.57;286.00;306.43;326.86;347.29;367.72;388.15;408.58;429.00;449.43;469.86;490.29;510.72;531.15;551.58;572.01;592.43;612.86;633.29;653.72;674.15;694.58;715.01;735.44;755.87;776.29;796.72;817.15;837.58;
LAS_ED;0.00;-1.09;-3.09;-0.86;3.45;8.94;13.85;16.82;19.06;21.80;24.48;26.16;27.37;28.53;29.28;29.37;29.14;28.90;28.48;28.49;27.46;24.39;19.84;14.90;10.15;6.09;4.49;6.01;8.68;10.15;11.09;11.64;12.01;11.98;11.45;10.15;7.16;1.53;-3.77;-5.98;-5.62;-3.27;
LAS_AC;-7.98;-8.98;-10.83;-8.78;-4.81;0.24;4.76;7.49;9.56;12.07;14.54;16.09;17.20;18.27;18.96;19.04;18.83;18.61;18.23;18.24;17.28;14.46;10.28;5.73;1.35;-2.38;-3.85;-2.46;0.00;1.36;2.22;2.73;3.07;3.04;2.56;1.36;-1.39;-6.58;-11.45;-13.49;-13.15;-10.99;

----------------------------------------------------------


