PatientInformation
==========================================================
PatientID;No patientID
Name;,,
Date of Birth;
Sex;
Version;AutoStrainCap2 2.1.0.491925

Results
==========================================================
Global
----------------------------------------------------------
RVFWSL;-16.76;%
RV4CSL;-16.16;%
ED;0.00;ms
ES;295.44;ms

Curves
==========================================================
Longitudinal Strain
Unit [%]
Time [ms];0.00;7.80;15.59;23.39;31.18;38.98;46.77;54.57;62.36;70.16;77.95;85.75;93.54;101.34;109.13;116.93;124.72;132.52;140.31;148.11;155.90;163.70;171.49;179.29;187.08;194.88;202.68;210.47;218.27;226.06;233.86;241.65;249.45;257.24;265.04;272.83;280.63;288.42;296.22;304.01;311.81;319.60;327.40;335.19;342.99;350.78;358.58;366.37;374.17;381.96;389.76;397.56;405.35;413.15;420.94;428.74;436.53;444.33;452.12;459.92;467.71;475.51;483.30;491.10;498.89;506.69;514.48;522.28;530.07;537.87;545.66;553.46;561.25;569.05;576.84;584.64;592.44;600.23;608.03;615.82;623.62;631.41;639.21;647.00;654.80;662.59;670.39;678.18;685.98;693.77;701.57;709.36;717.16;724.95;732.75;740.54;748.34;756.13;763.93;771.72;779.52;787.32;795.11;802.91;810.70;818.50;826.29;834.09;841.88;849.68;857.47;865.27;873.06;880.86;
Basal;0.00;-0.93;-2.31;-3.92;-5.54;-6.99;-8.33;-9.33;-10.01;-10.40;-10.54;-10.59;-10.57;-10.55;-10.58;-10.71;-11.01;-11.46;-12.05;-12.78;-13.67;-14.61;-15.61;-16.59;-17.49;-18.22;-18.81;-19.10;-19.07;-18.87;-18.71;-18.64;-18.70;-18.77;-18.90;-18.97;-18.94;-18.84;-18.70;-18.51;-18.13;-18.00;-17.72;-17.47;-17.21;-17.16;-16.87;-16.59;-16.00;-15.02;-13.55;-11.60;-9.32;-6.87;-4.44;-2.21;-0.46;1.05;2.41;3.57;4.47;4.76;4.79;4.65;4.49;4.45;4.85;5.49;6.29;7.18;8.11;8.92;9.72;10.46;11.10;11.59;11.94;12.12;12.14;11.99;11.70;11.10;10.44;9.72;8.95;8.07;7.10;6.10;5.21;4.54;4.19;4.38;4.81;5.34;5.81;6.12;6.06;5.77;5.28;4.67;4.01;3.51;3.09;2.74;2.43;2.08;1.55;1.00;0.55;0.27;0.23;0.12;0.18;0.21;
Mid;0.00;-0.73;-1.70;-2.77;-3.79;-4.59;-5.22;-5.54;-5.59;-5.44;-5.16;-4.96;-4.74;-4.53;-4.36;-4.25;-4.27;-4.38;-4.60;-4.92;-5.36;-5.80;-6.26;-6.65;-6.91;-6.90;-6.63;-6.00;-5.01;-3.88;-2.84;-1.99;-1.34;-0.84;-0.44;-0.16;0.00;0.09;0.18;0.31;0.61;0.68;0.91;1.16;1.40;1.51;1.49;1.45;1.55;1.94;2.68;3.83;5.26;6.82;8.37;9.70;10.74;11.61;12.42;13.20;13.98;14.64;15.28;15.86;16.38;16.78;17.06;17.25;17.41;17.54;17.66;17.76;17.86;17.95;18.02;18.11;18.25;18.39;18.48;18.45;18.29;17.86;17.36;16.82;16.32;15.90;15.78;15.80;15.96;16.27;16.69;17.05;17.45;17.80;18.05;18.05;17.33;16.30;15.00;13.44;11.62;9.69;7.65;5.67;3.86;2.39;1.62;1.24;1.11;1.16;1.34;1.09;0.85;0.52;
Apical;0.00;-0.26;-0.61;-1.02;-1.43;-1.81;-2.39;-2.90;-3.34;-3.71;-4.00;-4.43;-4.84;-5.28;-5.76;-6.31;-7.01;-7.80;-8.72;-9.76;-10.96;-12.12;-13.39;-14.69;-15.97;-17.15;-18.28;-19.32;-20.39;-21.43;-22.38;-23.51;-24.47;-25.17;-25.46;-25.52;-25.74;-25.88;-25.95;-25.91;-25.78;-25.33;-24.73;-24.01;-23.29;-22.68;-22.68;-22.52;-21.97;-20.94;-19.63;-18.61;-17.72;-16.74;-15.51;-13.89;-12.07;-9.84;-7.45;-5.06;-2.84;-1.05;0.57;2.09;3.45;4.51;5.05;5.25;5.26;5.14;4.91;4.32;3.68;3.00;2.37;1.85;1.90;2.02;2.09;2.05;1.92;2.02;2.09;2.12;2.15;2.12;2.06;1.99;2.03;2.16;2.39;2.56;2.77;2.95;3.14;3.32;3.42;3.48;3.46;3.30;3.01;2.70;2.31;1.90;1.55;1.30;1.16;1.16;1.26;1.44;1.61;1.29;0.93;0.51;

----------------------------------------------------------


