PatientInformation
==========================================================
PatientID;No patientID
Name;,,
Date of Birth;
Sex;
Version;AutoStrainCap2 2.1.0.491925

Results
==========================================================
Global
----------------------------------------------------------
LaSr_ED;20.66;%
LaScd_ED;-26.51;%
LaSct_ED;5.85;%
LaSr_AC;21.95;%
LaScd_AC;-28.17;%
LaSct_AC;6.22;%
ED;0.00;ms
ES;245.66;ms
PreA;487.59;ms

Curves
==========================================================
Longitudinal Strain
Unit [%]
Time [ms];0.00;9.34;18.68;28.02;37.36;46.70;56.04;65.39;74.73;84.07;93.41;102.75;112.09;121.43;130.77;140.11;149.45;158.79;168.13;177.48;186.82;196.16;205.50;214.84;224.18;233.52;242.86;252.20;261.54;270.88;280.22;289.56;298.91;308.25;317.59;326.93;336.27;345.61;354.95;364.29;373.63;382.97;392.31;401.65;410.99;420.34;429.68;439.02;448.36;457.70;467.04;476.38;485.72;495.06;504.40;513.74;523.08;532.43;541.77;551.11;560.45;569.79;579.13;588.47;597.81;607.15;616.49;625.83;635.17;644.51;653.86;663.20;672.54;681.88;691.22;700.56;709.90;719.24;
LAS_ED;0.00;-0.94;-1.13;-0.02;1.25;3.00;4.89;6.98;8.96;10.80;12.03;12.94;13.53;13.84;14.09;14.29;14.81;15.35;16.00;16.57;17.20;17.93;18.59;19.29;19.94;20.39;20.64;20.58;20.14;19.48;18.81;18.28;18.10;18.28;19.07;19.75;19.91;19.06;17.39;15.08;12.22;9.23;6.22;3.39;0.62;-1.57;-3.90;-5.34;-6.44;-6.58;-6.51;-6.04;-5.90;-5.58;-5.21;-4.34;-3.47;-2.63;-2.30;-2.11;-1.96;-1.62;-1.17;-0.70;-0.30;-0.21;-0.46;-2.07;-3.72;-5.14;-5.42;-5.19;-4.77;-4.43;-4.10;-3.37;-2.02;-0.66;
LAS_AC;6.27;5.27;5.07;6.25;7.60;9.46;11.47;13.69;15.79;17.74;19.05;20.02;20.65;20.98;21.24;21.46;22.01;22.59;23.28;23.88;24.55;25.33;26.02;26.77;27.46;27.94;28.20;28.14;27.68;26.97;26.26;25.70;25.51;25.69;26.54;27.26;27.43;26.53;24.75;22.30;19.26;16.08;12.88;9.87;6.93;4.60;2.12;0.59;-0.57;-0.72;-0.64;-0.14;0.00;0.34;0.74;1.66;2.58;3.48;3.83;4.03;4.18;4.55;5.03;5.53;5.96;6.05;5.78;4.07;2.32;0.81;0.51;0.75;1.21;1.57;1.91;2.69;4.12;5.57;

----------------------------------------------------------


