PatientInformation
==========================================================
PatientID;No patientID
Name;,,
Date of Birth;
Sex;
Version;AutoStrainCap2 2.1.0.491925

Results
==========================================================
Global
----------------------------------------------------------
RVFWSL;-32.60;%
RV4CSL;-24.27;%
ED;0.00;ms
ES;259.69;ms

Curves
==========================================================
Longitudinal Strain
Unit [%]
Time [ms];0.00;9.14;18.29;27.43;36.58;45.72;54.86;64.01;73.15;82.30;91.44;100.58;109.73;118.87;128.02;137.16;146.30;155.45;164.59;173.74;182.88;192.02;201.17;210.31;219.46;228.60;237.74;246.89;256.03;265.18;274.32;283.46;292.61;301.75;310.90;320.04;329.18;338.33;347.47;356.62;365.76;374.90;384.05;393.19;402.34;411.48;420.62;429.77;438.91;448.06;457.20;466.34;475.49;484.63;493.78;502.92;512.06;521.21;530.35;539.50;548.64;557.78;566.93;576.07;585.22;594.36;603.50;612.65;621.79;630.94;640.08;649.22;658.37;667.51;676.66;685.80;694.94;704.09;713.23;722.38;
Basal;0.00;-0.96;-2.99;-5.36;-7.38;-8.33;-8.64;-8.58;-8.42;-8.62;-9.00;-9.61;-10.47;-11.65;-13.13;-14.92;-17.02;-19.61;-22.36;-25.09;-27.72;-29.90;-31.81;-33.34;-34.46;-35.18;-35.57;-35.71;-35.70;-35.75;-35.71;-35.52;-35.19;-34.46;-33.50;-32.22;-30.55;-28.70;-26.62;-24.54;-22.67;-21.07;-19.77;-18.64;-17.63;-16.69;-15.81;-14.95;-14.13;-13.35;-12.56;-11.76;-10.91;-10.08;-9.27;-8.58;-8.09;-8.07;-8.24;-8.45;-8.61;-8.31;-7.85;-7.25;-6.52;-5.65;-4.67;-3.62;-2.48;-1.36;-0.27;0.65;1.25;1.41;1.27;0.98;0.64;0.33;0.10;-0.05;
Mid;0.00;-0.81;-2.65;-4.81;-6.62;-7.48;-7.77;-7.75;-7.68;-7.97;-8.47;-9.14;-9.94;-10.80;-11.80;-13.00;-14.47;-16.39;-18.50;-20.65;-22.74;-24.60;-26.28;-27.73;-28.98;-29.85;-30.54;-31.03;-31.34;-31.68;-31.88;-31.93;-31.80;-31.32;-30.59;-29.57;-28.25;-26.86;-25.31;-23.75;-22.32;-20.93;-19.74;-18.66;-17.65;-16.68;-15.72;-14.77;-13.81;-12.84;-11.86;-10.90;-9.98;-9.29;-8.70;-8.22;-7.87;-7.72;-7.65;-7.59;-7.47;-7.09;-6.59;-6.00;-5.31;-4.48;-3.59;-2.69;-1.76;-0.90;-0.10;0.56;0.98;0.98;0.77;0.44;0.13;-0.11;-0.22;-0.22;
Apical;0.00;-0.82;-2.30;-3.85;-5.01;-5.53;-5.75;-5.82;-5.95;-6.63;-7.50;-8.48;-9.44;-10.33;-11.22;-12.24;-13.50;-15.18;-17.05;-19.00;-20.95;-22.55;-24.03;-25.34;-26.50;-27.36;-28.06;-28.53;-28.74;-28.82;-28.65;-28.37;-28.03;-27.63;-27.15;-26.43;-25.33;-23.82;-22.09;-20.36;-18.86;-17.63;-16.67;-15.82;-15.00;-14.21;-13.38;-12.54;-11.70;-11.05;-10.38;-9.70;-8.96;-8.17;-7.42;-6.80;-6.41;-6.58;-6.96;-7.39;-7.69;-7.34;-6.79;-6.11;-5.38;-4.66;-3.94;-3.22;-2.48;-1.85;-1.22;-0.67;-0.27;-0.17;-0.20;-0.28;-0.36;-0.32;-0.24;-0.17;

----------------------------------------------------------


