PatientInformation
==========================================================
PatientID;No patientID
Name;,,
Date of Birth;
Sex;
Version;AutoStrainCap2 2.1.0.491925

Results
==========================================================
Global
----------------------------------------------------------
LaSr_ED;34.64;%
LaScd_ED;-17.64;%
LaSct_ED;-17.00;%
LaSr_AC;29.60;%
LaScd_AC;-15.08;%
LaSct_AC;-14.53;%
ED;0.00;ms
ES;363.75;ms
PreA;571.01;ms

Curves
==========================================================
Longitudinal Strain
Unit [%]
Time [ms];0.00;10.36;20.73;31.09;41.45;51.82;62.18;72.54;82.91;93.27;103.63;114.00;124.36;134.72;145.08;155.45;165.81;176.17;186.54;196.90;207.26;217.63;227.99;238.35;248.72;259.08;269.44;279.81;290.17;300.53;310.90;321.26;331.62;341.99;352.35;362.71;373.08;383.44;393.80;404.16;414.53;424.89;435.25;445.62;455.98;466.34;476.71;487.07;497.43;507.80;518.16;528.52;538.89;549.25;559.61;569.98;580.34;590.70;601.07;611.43;621.79;632.16;642.52;652.88;663.24;673.61;683.97;694.33;704.70;715.06;725.42;735.79;746.15;756.51;766.88;
LAS_ED;0.00;2.66;1.79;1.13;1.21;2.89;4.96;6.79;8.43;10.01;11.44;12.79;14.14;15.12;16.36;17.82;19.97;22.15;24.21;25.51;26.60;27.57;28.83;30.13;31.55;32.59;33.48;33.95;34.12;34.03;33.95;34.07;34.27;34.45;34.38;34.63;34.51;34.32;33.53;32.31;29.89;27.41;24.84;22.91;21.13;19.82;17.93;16.35;15.15;14.50;14.52;14.84;15.57;16.23;16.98;17.00;17.02;16.99;17.42;17.89;18.23;18.29;17.76;16.37;13.76;10.49;7.31;3.82;0.91;-1.52;-3.44;-4.80;-5.38;-5.50;-4.06;
LAS_AC;-14.53;-12.26;-13.00;-13.57;-13.49;-12.06;-10.29;-8.72;-7.33;-5.97;-4.75;-3.59;-2.44;-1.60;-0.55;0.70;2.54;4.41;6.16;7.27;8.21;9.04;10.12;11.23;12.44;13.32;14.09;14.49;14.63;14.56;14.49;14.59;14.76;14.92;14.86;15.07;14.97;14.81;14.13;13.09;11.02;8.90;6.70;5.05;3.53;2.41;0.80;-0.55;-1.58;-2.13;-2.11;-1.85;-1.22;-0.65;-0.01;0.00;0.02;-0.00;0.36;0.76;1.05;1.10;0.65;-0.53;-2.77;-5.56;-8.28;-11.26;-13.75;-15.83;-17.47;-18.63;-19.13;-19.23;-18.00;

----------------------------------------------------------


