PatientInformation
==========================================================
PatientID;No patientID
Name;,,
Date of Birth;
Sex;
Version;AutoStrainCap2 2.1.0.491925

Results
==========================================================
Global
----------------------------------------------------------
RVFWSL;-26.00;%
RV4CSL;-21.96;%
ED;0.00;ms
ES;388.38;ms

Curves
==========================================================
Longitudinal Strain
Unit [%]
Time [ms];0.00;14.02;28.04;42.06;56.08;70.10;84.12;98.15;112.17;126.19;140.21;154.23;168.25;182.27;196.29;210.31;224.33;238.35;252.37;266.40;280.42;294.44;308.46;322.48;336.50;350.52;364.54;378.56;392.58;406.60;420.62;434.64;448.67;462.69;476.71;490.73;504.75;518.77;532.79;546.81;560.83;574.85;588.87;602.89;616.92;630.94;644.96;658.98;673.00;687.02;701.04;715.06;729.08;743.10;757.12;
Basal;0.00;-3.74;-7.53;-10.10;-12.70;-16.57;-20.60;-23.19;-24.77;-25.45;-26.62;-30.05;-33.25;-34.36;-34.56;-34.84;-35.15;-35.43;-35.66;-35.90;-36.22;-37.42;-38.77;-39.36;-39.92;-40.37;-40.76;-42.06;-41.31;-39.69;-38.18;-36.68;-35.14;-33.42;-31.67;-30.22;-28.82;-27.41;-25.96;-24.67;-23.43;-22.14;-20.78;-19.35;-17.73;-15.87;-13.94;-12.18;-9.51;-5.09;-0.94;1.23;1.74;1.14;0.52;
Mid;0.00;-2.62;-4.95;-6.37;-7.86;-10.03;-12.34;-14.06;-15.10;-15.41;-16.07;-18.22;-20.22;-21.00;-21.14;-21.37;-21.69;-22.01;-22.27;-22.54;-22.87;-24.11;-25.48;-25.97;-26.41;-26.75;-27.06;-28.33;-28.04;-26.89;-25.84;-24.80;-23.74;-22.55;-21.32;-20.29;-19.29;-18.28;-17.20;-16.23;-15.28;-14.28;-13.26;-12.23;-11.07;-9.76;-8.40;-7.25;-5.45;-2.59;0.07;1.55;1.92;1.73;1.30;
Apical;0.00;-1.59;-2.89;-3.49;-4.45;-6.13;-7.90;-8.82;-9.04;-8.24;-7.65;-8.80;-9.80;-9.67;-9.05;-8.62;-8.29;-7.81;-7.26;-6.85;-6.54;-7.73;-9.06;-8.73;-8.31;-7.80;-7.27;-8.41;-9.50;-8.92;-8.52;-7.88;-7.17;-6.20;-5.19;-4.75;-4.43;-4.16;-3.73;-3.44;-3.16;-2.86;-2.57;-2.31;-1.85;-1.13;-0.27;0.51;1.64;2.94;3.94;4.60;4.48;3.74;2.75;

----------------------------------------------------------


