PatientInformation
==========================================================
PatientID;No patientID
Name;,,
Date of Birth;
Sex;
Version;AutoStrainCap2 2.1.0.491925

Results
==========================================================
Global
----------------------------------------------------------
LaSr_ED;15.91;%
LaScd_ED;-16.16;%
LaSct_ED;0.24;%
LaSr_AC;15.95;%
LaScd_AC;-16.20;%
LaSct_AC;0.24;%
ED;0.00;ms
ES;330.11;ms
PreA;662.59;ms

Curves
==========================================================
Longitudinal Strain
Unit [%]
Time [ms];0.00;11.83;23.66;35.50;47.33;59.16;70.99;82.82;94.66;106.49;118.32;130.15;141.98;153.82;165.65;177.48;189.31;201.14;212.98;224.81;236.64;248.47;260.30;272.14;283.97;295.80;307.63;319.46;331.30;343.13;354.96;366.79;378.62;390.46;402.29;414.12;425.95;437.78;449.62;461.45;473.28;485.11;496.94;508.78;520.61;532.44;544.27;556.10;567.94;579.77;591.60;603.43;615.26;627.10;638.93;650.76;662.59;674.42;686.26;698.09;709.92;721.75;733.58;745.42;757.25;769.08;780.91;792.74;804.58;816.41;828.24;840.07;851.90;863.74;875.57;887.40;899.23;911.06;922.90;934.73;946.56;958.39;970.22;982.06;
LAS_ED;0.00;0.13;-0.43;-0.34;1.97;3.38;4.26;4.78;5.28;5.71;6.33;7.01;7.71;8.34;8.91;9.46;9.99;10.64;11.26;11.87;12.44;12.96;13.44;13.95;14.43;14.95;15.40;15.74;15.91;15.64;15.15;14.42;13.54;12.47;11.28;9.92;8.40;6.64;4.86;3.17;1.76;0.69;0.02;-0.35;-0.39;-0.30;-0.02;0.31;0.62;0.88;1.02;1.05;0.98;0.69;0.36;0.03;-0.24;-0.43;-0.54;-0.58;-0.58;-0.51;-0.42;-0.35;-0.31;-0.38;-0.48;-0.57;-0.59;-0.53;-0.40;-0.27;-0.14;-0.18;-0.21;-0.28;-0.24;-0.15;-0.02;0.00;-0.13;-0.60;-0.97;-0.89;
LAS_AC;0.24;0.37;-0.19;-0.09;2.22;3.63;4.51;5.03;5.53;5.97;6.59;7.27;7.97;8.60;9.17;9.73;10.26;10.91;11.53;12.14;12.71;13.24;13.72;14.22;14.70;15.23;15.68;16.03;16.19;15.92;15.43;14.70;13.82;12.74;11.55;10.18;8.66;6.90;5.12;3.42;2.01;0.93;0.27;-0.11;-0.15;-0.06;0.22;0.55;0.86;1.12;1.26;1.29;1.23;0.93;0.60;0.28;0.00;-0.19;-0.30;-0.34;-0.34;-0.26;-0.18;-0.11;-0.07;-0.14;-0.24;-0.32;-0.35;-0.29;-0.16;-0.03;0.10;0.06;0.03;-0.04;-0.00;0.09;0.23;0.25;0.11;-0.36;-0.73;-0.65;

----------------------------------------------------------


