PatientInformation
==========================================================
PatientID;No patientID
Name;,,
Date of Birth;
Sex;
Version;AutoStrainCap2 2.1.0.491925

Results
==========================================================
Global
----------------------------------------------------------
RVFWSL;-10.78;%
RV4CSL;-9.45;%
ED;0.00;ms
ES;326.37;ms

Curves
==========================================================
Longitudinal Strain
Unit [%]
Time [ms];0.00;25.50;51.00;76.49;101.99;127.49;152.99;178.48;203.98;229.48;254.98;280.47;305.97;331.47;356.97;382.46;407.96;433.46;458.96;484.45;509.95;
Basal;0.00;-1.00;-1.68;-2.93;-4.97;-6.64;-9.41;-11.19;-12.05;-12.25;-11.38;-11.76;-12.10;-12.16;-10.49;-7.30;-4.03;-1.48;-0.91;-2.79;-1.85;
Mid;0.00;-0.76;-1.36;-2.52;-4.55;-6.09;-8.64;-10.06;-10.62;-10.67;-9.68;-10.01;-10.40;-10.58;-9.09;-6.25;-3.31;-1.00;-0.73;-2.72;-1.83;
Apical;0.00;-0.67;-1.04;-2.08;-3.45;-4.57;-6.69;-7.83;-8.11;-8.11;-7.28;-7.58;-7.85;-8.16;-6.69;-4.25;-1.65;0.16;-0.26;-2.29;-1.57;

----------------------------------------------------------


