PatientInformation
==========================================================
PatientID;No patientID
Name;,,
Date of Birth;
Sex;
Version;AutoStrainCap2 2.1.0.491925

Results
==========================================================
Global
----------------------------------------------------------
LaSr_ED;27.41;%
LaScd_ED;-22.46;%
LaSct_ED;-4.95;%
LaSr_AC;26.09;%
LaScd_AC;-21.38;%
LaSct_AC;-4.71;%
ED;0.00;ms
ES;313.34;ms
PreA;640.51;ms

Curves
==========================================================
Longitudinal Strain
Unit [%]
Time [ms];0.00;23.04;46.08;69.12;92.16;115.20;138.24;161.28;184.32;207.36;230.40;253.44;276.48;299.52;322.56;345.60;368.64;391.68;414.72;437.76;460.80;483.84;506.88;529.92;552.96;576.00;599.04;622.08;645.12;668.16;691.20;714.24;737.28;760.32;783.36;806.40;829.44;852.48;875.52;898.56;921.60;944.64;
LAS_ED;0.00;0.69;0.76;0.88;2.26;4.74;7.53;9.52;11.34;13.88;16.98;20.76;24.41;26.98;27.14;24.74;22.02;21.72;20.92;17.00;11.86;8.02;5.89;5.17;5.18;4.67;4.29;4.51;5.05;5.44;5.77;5.76;5.70;5.80;5.63;5.19;3.77;1.09;-1.04;-1.35;-0.81;-1.30;
LAS_AC;-4.81;-4.16;-4.09;-3.97;-2.66;-0.30;2.35;4.25;5.98;8.40;11.35;14.95;18.42;20.87;21.02;18.74;16.15;15.87;15.10;11.37;6.48;2.83;0.80;0.11;0.12;-0.36;-0.73;-0.52;0.00;0.37;0.68;0.67;0.61;0.71;0.55;0.13;-1.22;-3.78;-5.80;-6.10;-5.58;-6.05;

----------------------------------------------------------


