PatientInformation
==========================================================
PatientID;No patientID
Name;,,
Date of Birth;
Sex;
Version;AutoStrainCap2 2.1.0.491925

Results
==========================================================
Global
----------------------------------------------------------
RVFWSL;-25.47;%
RV4CSL;-24.49;%
ED;0.00;ms
ES;309.69;ms

Curves
==========================================================
Longitudinal Strain
Unit [%]
Time [ms];0.00;13.41;26.81;40.22;53.63;67.03;80.44;93.84;107.25;120.66;134.06;147.47;160.88;174.28;187.69;201.10;214.50;227.91;241.32;254.72;268.13;281.53;294.94;308.35;321.75;335.16;348.57;361.97;375.38;388.79;402.19;415.60;429.00;442.41;455.82;469.22;482.63;496.04;509.44;522.85;536.26;549.66;563.07;576.48;589.88;603.29;616.69;630.10;643.51;656.91;670.32;683.73;697.13;710.54;723.95;737.35;750.76;764.16;777.57;790.98;804.38;817.79;831.20;844.60;858.01;871.42;884.82;898.23;911.64;925.04;
Basal;0.00;-1.86;-3.65;-5.54;-8.52;-11.55;-14.38;-16.05;-17.27;-17.83;-18.27;-18.48;-18.92;-19.60;-20.67;-22.13;-24.15;-26.29;-28.08;-28.99;-29.21;-28.90;-28.15;-27.08;-25.78;-25.87;-26.17;-27.07;-28.93;-30.77;-31.83;-31.07;-29.34;-27.08;-24.61;-22.22;-20.07;-18.43;-16.75;-14.80;-12.10;-9.48;-7.47;-6.89;-7.11;-7.75;-8.57;-9.35;-9.91;-10.02;-10.00;-10.09;-10.55;-11.10;-11.55;-11.75;-11.52;-10.65;-8.99;-6.63;-3.78;-0.31;2.95;5.44;6.52;6.78;6.54;6.20;5.34;3.42;
Mid;0.00;-1.28;-2.10;-3.05;-4.56;-6.32;-7.68;-8.11;-7.98;-7.93;-8.51;-9.53;-10.68;-11.98;-13.34;-14.76;-16.04;-17.14;-17.88;-18.25;-18.28;-18.03;-17.63;-17.08;-16.45;-16.47;-16.44;-16.34;-15.91;-15.32;-14.53;-14.18;-13.77;-13.40;-13.10;-12.78;-12.37;-11.66;-10.86;-9.87;-8.87;-7.77;-6.80;-5.95;-5.38;-5.03;-4.94;-4.96;-5.02;-5.17;-5.37;-5.65;-6.00;-6.32;-6.43;-6.21;-5.62;-4.72;-3.60;-2.22;-0.60;1.17;2.74;3.84;4.41;4.59;4.54;4.55;4.08;2.73;
Apical;0.00;-1.33;-2.22;-3.16;-4.96;-7.04;-8.96;-10.47;-11.71;-13.10;-14.66;-16.43;-18.07;-19.57;-20.89;-22.14;-23.52;-24.77;-25.73;-26.59;-27.19;-27.70;-28.10;-28.45;-28.68;-28.35;-27.82;-27.03;-26.16;-25.06;-23.79;-23.04;-22.28;-21.68;-20.92;-20.16;-19.27;-18.04;-16.72;-15.30;-13.82;-12.36;-11.11;-10.33;-9.80;-9.41;-9.13;-8.91;-8.74;-8.62;-8.54;-8.55;-8.63;-8.66;-8.53;-8.18;-7.57;-6.70;-5.61;-4.31;-2.85;-1.19;0.38;1.64;2.34;2.67;2.83;3.04;2.91;2.05;

----------------------------------------------------------


