PatientInformation
==========================================================
PatientID;No patientID
Name;,,
Date of Birth;
Sex;
Version;AutoStrainCap2 2.1.0.491925

Results
==========================================================
Global
----------------------------------------------------------
LaSr_ED;23.51;%
LaScd_ED;-16.20;%
LaSct_ED;-7.32;%
LaSr_AC;21.92;%
LaScd_AC;-15.10;%
LaSct_AC;-6.82;%
ED;0.00;ms
ES;396.29;ms
PreA;728.06;ms

Curves
==========================================================
Longitudinal Strain
Unit [%]
Time [ms];0.00;23.04;46.08;69.12;92.16;115.20;138.24;161.28;184.32;207.36;230.40;253.44;276.48;299.52;322.56;345.60;368.64;391.68;414.72;437.76;460.80;483.84;506.88;529.92;552.96;576.00;599.04;622.08;645.12;668.16;691.20;714.24;737.28;760.32;783.36;806.40;829.44;852.48;875.52;898.56;921.60;944.64;967.68;990.72;1013.76;1036.80;
LAS_ED;0.00;0.10;2.68;3.65;4.55;5.35;6.36;7.02;8.18;10.26;12.82;15.82;18.59;20.90;22.49;23.09;23.22;23.50;23.25;22.02;20.10;17.38;14.99;13.58;12.76;11.91;10.98;9.90;8.82;8.01;7.52;7.37;7.26;7.00;6.69;6.32;6.06;6.14;6.15;5.79;5.14;4.66;3.97;2.58;1.23;0.29;
LAS_AC;-6.77;-6.67;-4.27;-3.37;-2.53;-1.78;-0.84;-0.23;0.85;2.79;5.19;7.98;10.56;12.71;14.20;14.75;14.88;15.14;14.91;13.76;11.97;9.43;7.20;5.89;5.12;4.33;3.46;2.46;1.45;0.69;0.24;0.10;0.00;-0.25;-0.53;-0.87;-1.12;-1.04;-1.03;-1.37;-1.98;-2.43;-3.07;-4.36;-5.62;-6.50;

----------------------------------------------------------


