PatientInformation
==========================================================
PatientID;No patientID
Name;,,
Date of Birth;
Sex;
Version;AutoStrainCap2 2.1.0.491925

Results
==========================================================
Global
----------------------------------------------------------
RVFWSL;-15.94;%
RV4CSL;-13.33;%
ED;0.00;ms
ES;365.68;ms

Curves
==========================================================
Longitudinal Strain
Unit [%]
Time [ms];0.00;20.43;40.86;61.29;81.72;102.14;122.57;143.00;163.43;183.86;204.29;224.72;245.15;265.57;286.00;306.43;326.86;347.29;367.72;388.15;408.58;429.00;449.43;469.86;490.29;510.72;531.15;551.58;572.01;592.43;612.86;633.29;653.72;674.15;694.58;715.01;735.44;755.87;776.29;796.72;817.15;837.58;858.01;878.44;898.87;919.30;939.72;960.15;980.58;1001.01;1021.44;1041.87;1062.30;
Basal;0.00;-0.65;-1.76;-2.98;-5.00;-7.84;-10.78;-12.71;-14.14;-15.78;-16.94;-18.00;-18.83;-20.47;-21.91;-22.80;-23.01;-23.20;-23.06;-23.40;-23.29;-21.84;-20.26;-19.85;-19.81;-19.91;-19.63;-19.26;-18.21;-16.45;-14.47;-12.15;-9.93;-7.72;-6.10;-5.48;-5.56;-6.15;-7.03;-7.83;-8.61;-9.24;-9.70;-10.14;-10.33;-10.28;-9.47;-7.72;-5.19;-2.40;0.08;1.09;0.90;
Mid;0.00;-0.28;-0.86;-1.33;-2.48;-4.49;-6.59;-7.31;-7.63;-8.84;-9.53;-9.22;-8.43;-9.10;-10.10;-10.82;-11.24;-11.58;-11.55;-11.49;-10.68;-8.58;-6.68;-6.92;-7.92;-9.12;-10.25;-11.82;-12.58;-12.11;-11.13;-9.63;-8.06;-6.23;-4.82;-4.38;-4.54;-4.96;-5.53;-5.86;-6.10;-6.25;-6.33;-6.56;-6.74;-6.89;-6.41;-5.13;-3.14;-1.00;0.74;0.94;0.34;
Apical;0.00;-1.32;-3.11;-3.87;-4.97;-6.32;-7.61;-7.98;-7.82;-8.13;-7.86;-7.34;-6.58;-7.49;-8.78;-9.84;-10.68;-11.37;-11.83;-11.48;-10.49;-7.71;-4.93;-4.75;-5.25;-6.61;-7.87;-9.90;-11.25;-11.30;-10.99;-9.95;-8.90;-7.39;-6.20;-5.70;-5.63;-5.81;-6.14;-6.16;-6.19;-6.10;-5.89;-5.86;-5.73;-5.73;-5.21;-4.23;-2.63;-1.05;0.34;0.06;-0.71;

----------------------------------------------------------


