PatientInformation
==========================================================
PatientID;No patientID
Name;,,
Date of Birth;
Sex;
Version;AutoStrainCap2 2.1.0.491925

Results
==========================================================
Global
----------------------------------------------------------
LaSr_ED;16.94;%
LaScd_ED;-11.64;%
LaSct_ED;-5.30;%
LaSr_AC;16.10;%
LaScd_AC;-11.06;%
LaSct_AC;-5.04;%
ED;0.00;ms
ES;361.27;ms
PreA;567.71;ms

Curves
==========================================================
Longitudinal Strain
Unit [%]
Time [ms];0.00;21.50;43.01;64.51;86.02;107.52;129.02;150.53;172.03;193.54;215.04;236.55;258.05;279.55;301.06;322.56;344.07;365.57;387.07;408.58;430.08;451.59;473.09;494.60;516.10;537.60;559.11;580.61;602.12;623.62;645.13;666.63;688.13;709.64;731.14;752.65;
LAS_ED;0.00;0.92;1.06;0.58;1.35;2.95;4.53;5.99;8.05;10.27;11.65;13.21;14.12;14.92;15.76;16.15;16.77;16.93;16.62;16.07;16.01;15.77;14.56;11.89;8.79;6.18;5.25;5.54;5.45;4.47;3.55;2.70;2.06;1.21;0.40;-0.00;
LAS_AC;-4.99;-4.11;-3.98;-4.43;-3.70;-2.19;-0.69;0.70;2.66;4.77;6.08;7.57;8.42;9.19;9.99;10.36;10.94;11.10;10.80;10.28;10.23;9.99;8.84;6.31;3.36;0.88;0.00;0.27;0.19;-0.75;-1.61;-2.43;-3.03;-3.84;-4.61;-4.99;

----------------------------------------------------------


