PatientInformation
==========================================================
PatientID;No patientID
Name;,,
Date of Birth;
Sex;
Version;AutoStrainCap2 2.1.0.491925

Results
==========================================================
Global
----------------------------------------------------------
RVFWSL;-26.75;%
RV4CSL;-20.40;%
ED;0.00;ms
ES;350.93;ms

Curves
==========================================================
Longitudinal Strain
Unit [%]
Time [ms];0.00;14.68;29.37;44.05;58.73;73.42;88.10;102.78;117.47;132.15;146.83;161.52;176.20;190.88;205.56;220.25;234.93;249.61;264.30;278.98;293.66;308.35;323.03;337.71;352.40;367.08;381.76;396.45;411.13;425.81;440.50;455.18;469.86;484.55;499.23;513.91;528.60;543.28;557.96;572.64;587.33;602.01;616.69;631.38;646.06;660.74;675.43;690.11;704.79;719.48;734.16;748.84;763.53;778.21;792.89;807.58;
Basal;0.00;0.18;-2.23;-5.54;-8.45;-9.75;-10.51;-11.58;-12.66;-13.44;-14.17;-14.92;-16.26;-18.63;-21.02;-22.27;-23.23;-24.21;-25.49;-26.89;-28.14;-29.26;-30.25;-31.57;-32.67;-30.78;-27.93;-25.86;-23.37;-19.66;-16.01;-13.81;-12.13;-10.23;-7.84;-4.26;-1.42;-0.53;-0.22;0.55;1.48;1.57;1.38;0.93;0.57;0.38;0.27;0.66;1.09;2.22;3.29;3.33;3.10;2.98;2.51;1.03;
Mid;0.00;0.43;-1.70;-4.00;-5.81;-6.62;-7.14;-8.11;-9.16;-10.06;-10.91;-11.70;-12.97;-15.15;-17.21;-18.09;-18.50;-18.87;-19.38;-20.04;-20.55;-20.86;-21.01;-21.04;-21.44;-21.74;-21.50;-20.91;-19.85;-18.03;-16.03;-14.34;-12.88;-11.54;-9.99;-7.94;-6.19;-4.90;-3.93;-2.99;-2.04;-1.73;-1.63;-1.76;-1.82;-1.80;-1.66;-1.05;-0.43;0.52;1.44;1.84;2.09;2.23;1.95;0.67;
Apical;0.00;-0.52;-2.46;-4.82;-6.86;-8.04;-9.01;-10.25;-11.50;-12.60;-13.61;-14.67;-16.14;-18.27;-20.28;-21.24;-21.84;-22.61;-23.54;-24.38;-25.02;-25.51;-25.85;-26.25;-26.24;-25.50;-24.31;-23.32;-22.10;-20.31;-18.44;-17.11;-15.89;-14.80;-13.35;-11.12;-9.08;-7.75;-6.91;-5.68;-4.47;-3.96;-3.67;-3.64;-3.58;-3.45;-3.20;-2.59;-1.93;-1.01;-0.08;0.48;0.92;1.25;1.24;0.41;

----------------------------------------------------------


