PatientInformation
==========================================================
PatientID;No patientID
Name;,,
Date of Birth;
Sex;
Version;AutoStrainCap2 2.1.0.491925

Results
==========================================================
Global
----------------------------------------------------------
LaSr_ED;8.12;%
LaScd_ED;-8.22;%
LaSct_ED;0.10;%
LaSr_AC;8.13;%
LaScd_AC;-8.23;%
LaSct_AC;0.10;%
ED;0.00;ms
ES;308.00;ms
PreA;538.22;ms

Curves
==========================================================
Longitudinal Strain
Unit [%]
Time [ms];0.00;10.37;20.74;31.11;41.48;51.85;62.22;72.59;82.96;93.33;103.70;114.07;124.44;134.82;145.19;155.56;165.93;176.30;186.67;197.04;207.41;217.78;228.15;238.52;248.89;259.26;269.63;280.00;290.37;300.74;311.11;321.48;331.85;342.22;352.59;362.96;373.33;383.70;394.08;404.45;414.82;425.19;435.56;445.93;456.30;466.67;477.04;487.41;497.78;508.15;518.52;528.89;539.26;549.63;560.00;570.37;580.74;591.11;601.48;611.85;622.22;632.59;642.97;653.34;663.71;674.08;684.45;694.82;705.19;715.56;725.93;736.30;746.67;757.04;
LAS_ED;0.00;-0.17;-0.73;-1.51;-2.07;-2.45;-2.57;-2.41;-2.05;-1.51;-0.96;-0.34;0.24;0.87;1.43;1.91;2.19;2.46;2.85;3.43;4.08;4.63;4.94;5.16;5.47;6.04;6.72;7.35;7.81;8.05;8.11;7.88;7.55;7.19;6.85;6.57;6.28;6.11;5.91;5.65;5.19;4.59;3.92;3.18;2.51;2.00;1.63;1.43;1.30;1.01;0.69;0.34;-0.15;-0.60;-0.95;-1.04;-0.98;-0.83;-0.60;-0.39;-0.25;-0.24;-0.37;-0.60;-0.94;-1.31;-1.61;-1.90;-2.08;-2.23;-2.31;-2.25;-1.88;-1.00;
LAS_AC;0.15;-0.02;-0.57;-1.36;-1.93;-2.31;-2.42;-2.26;-1.91;-1.36;-0.81;-0.19;0.40;1.03;1.59;2.07;2.35;2.62;3.00;3.58;4.24;4.79;5.10;5.32;5.63;6.21;6.89;7.51;7.97;8.21;8.27;8.05;7.71;7.35;7.01;6.73;6.44;6.27;6.07;5.81;5.35;4.75;4.08;3.33;2.66;2.16;1.78;1.58;1.46;1.16;0.84;0.49;0.00;-0.45;-0.80;-0.89;-0.83;-0.68;-0.45;-0.24;-0.10;-0.09;-0.22;-0.45;-0.79;-1.16;-1.46;-1.76;-1.93;-2.08;-2.16;-2.10;-1.74;-0.85;

----------------------------------------------------------


