PatientInformation
==========================================================
PatientID;No patientID
Name;,,
Date of Birth;
Sex;
Version;AutoStrainCap2 2.1.0.491925

Results
==========================================================
Global
----------------------------------------------------------
GLS(3P);-11.11;%
GLS(4Ch);-10.26;%
GLS(2Ch);-14.39;%
GLS(3Ch);-8.68;%
ED;0.00;ms
ES;292.57;ms

Results
==========================================================
Longitudinal Strain
T2P
Minimum
----------------------------------------------------------
Segment 0 [mean];302.64;ms
----------------------------------------------------------
Segment 1 [ant];162.92;ms
Segment 2 [ant/sept];276.51;ms
Segment 3 [inf/sept];378.62;ms
Segment 4 [inf];371.74;ms
Segment 5 [inf/lat];297.16;ms
Segment 6 [ant/lat];382.07;ms
----------------------------------------------------------
Segment 7 [ant];347.65;ms
Segment 8 [ant/sept];321.26;ms
Segment 9 [inf/sept];346.50;ms
Segment 10 [inf];286.84;ms
Segment 11 [inf/lat];366.00;ms
Segment 12 [ant/lat];281.10;ms
----------------------------------------------------------
Segment 13 [ant];308.64;ms
Segment 14 [ant/sept];158.33;ms
Segment 15 [inf/sept];296.02;ms
Segment 16 [inf];293.72;ms
Segment 17 [inf/lat];293.72;ms
Segment 18 [ant/lat];278.81;ms
----------------------------------------------------------


Results
==========================================================
Longitudinal Strain
End-systolic

----------------------------------------------------------
Segment 0 [mean];-11.03;%
----------------------------------------------------------
Segment 1 [ant];-6.53;%
Segment 2 [ant/sept];-14.13;%
Segment 3 [inf/sept];-0.16;%
Segment 4 [inf];-7.65;%
Segment 5 [inf/lat];-5.77;%
Segment 6 [ant/lat];-7.38;%
----------------------------------------------------------
Segment 7 [ant];-7.77;%
Segment 8 [ant/sept];-9.38;%
Segment 9 [inf/sept];-12.15;%
Segment 10 [inf];-10.81;%
Segment 11 [inf/lat];-11.03;%
Segment 12 [ant/lat];-15.59;%
----------------------------------------------------------
Segment 13 [ant];-31.19;%
Segment 14 [ant/sept];-5.54;%
Segment 15 [inf/sept];-10.90;%
Segment 16 [inf];-20.77;%
Segment 17 [inf/lat];-6.79;%
Segment 18 [ant/lat];-15.02;%
----------------------------------------------------------


Results
==========================================================
Longitudinal Strain
Peak-systolic

----------------------------------------------------------
Segment 0 [mean];-11.27;%
----------------------------------------------------------
Segment 1 [ant];-9.25;%
Segment 2 [ant/sept];-14.24;%
Segment 3 [inf/sept];-0.16;%
Segment 4 [inf];-7.65;%
Segment 5 [inf/lat];-5.77;%
Segment 6 [ant/lat];-7.38;%
----------------------------------------------------------
Segment 7 [ant];-7.77;%
Segment 8 [ant/sept];-9.38;%
Segment 9 [inf/sept];-12.15;%
Segment 10 [inf];-10.86;%
Segment 11 [inf/lat];-11.03;%
Segment 12 [ant/lat];-15.80;%
----------------------------------------------------------
Segment 13 [ant];-31.19;%
Segment 14 [ant/sept];-6.46;%
Segment 15 [inf/sept];-10.90;%
Segment 16 [inf];-20.77;%
Segment 17 [inf/lat];-6.79;%
Segment 18 [ant/lat];-15.21;%
----------------------------------------------------------


Curves
==========================================================
Longitudinal Strain
Unit [%]
Time [ms];0.00;11.47;22.95;34.42;45.89;57.37;68.84;80.31;91.79;103.26;114.73;126.21;137.68;149.16;160.63;172.10;183.58;195.05;206.52;218.00;229.47;240.94;252.42;263.89;275.36;286.84;298.31;309.78;321.26;332.73;344.20;355.68;367.15;378.62;390.10;401.57;413.05;424.52;435.99;447.47;458.94;470.41;481.89;493.36;504.83;516.31;527.78;539.25;550.73;562.20;573.67;585.15;596.62;608.09;619.57;631.04;642.51;653.99;665.46;676.94;688.41;699.88;711.36;722.83;734.30;745.78;757.25;768.72;
Total;0.00;-0.71;-0.34;-0.18;-0.39;-0.59;-0.66;-0.92;-1.55;-2.29;-3.07;-3.76;-4.43;-5.09;-5.78;-6.55;-7.35;-8.13;-8.74;-9.26;-9.67;-10.03;-10.34;-10.63;-10.85;-11.05;-11.09;-11.00;-10.77;-10.49;-10.21;-10.02;-9.79;-9.37;-8.49;-7.24;-5.74;-4.29;-3.01;-2.05;-1.38;-0.80;-0.29;0.26;0.76;1.15;1.34;1.42;1.49;1.48;1.35;1.16;1.03;0.98;0.97;0.95;0.94;0.94;0.96;0.98;0.98;0.97;0.99;1.06;1.15;1.18;1.14;0.81;
Segment 1;0.00;0.32;0.49;0.51;0.06;-0.60;-1.61;-2.73;-4.07;-5.28;-6.60;-7.65;-8.58;-9.01;-9.24;-9.17;-8.91;-8.58;-8.42;-8.53;-8.80;-8.91;-8.80;-8.33;-7.73;-6.93;-6.12;-5.26;-4.48;-3.69;-3.08;-2.70;-2.31;-1.56;-0.27;1.59;3.84;6.77;9.04;9.78;7.42;4.14;1.17;0.48;0.67;1.20;0.90;0.31;-0.37;-0.94;-1.27;-1.47;-1.39;-1.29;-1.05;-0.93;-0.76;-0.75;-0.74;-0.88;-0.97;-1.28;-1.48;-1.71;-1.60;-1.43;-1.12;-0.59;
Segment 2;0.00;-0.75;0.22;-1.64;-5.52;-8.29;-8.29;-7.58;-7.70;-8.24;-8.81;-9.31;-9.69;-9.88;-10.26;-11.09;-11.96;-12.42;-12.50;-12.55;-12.83;-13.19;-13.63;-14.07;-14.24;-14.18;-14.12;-14.14;-13.61;-12.01;-10.01;-8.43;-7.45;-6.65;-5.69;-4.84;-4.62;-4.83;-5.36;-5.95;-6.10;-5.33;-3.87;-1.78;0.45;2.15;3.03;3.28;2.99;2.59;2.34;2.16;1.94;1.70;1.48;1.31;1.19;1.08;0.98;0.82;0.59;0.42;0.44;0.49;0.46;0.43;0.60;0.81;
Segment 3;0.00;1.01;2.13;2.63;2.80;2.30;1.83;1.65;1.87;2.14;2.47;2.73;2.85;2.73;2.30;1.90;1.53;1.24;1.01;0.83;0.71;0.59;0.50;0.33;0.35;-0.07;-0.18;-0.19;-0.43;-1.30;-2.61;-3.88;-4.91;-5.30;-4.80;-2.79;0.37;3.65;5.79;5.29;4.30;2.43;1.79;0.94;1.05;1.47;2.50;3.34;3.65;3.61;3.54;3.46;3.41;3.36;3.04;2.58;2.07;1.69;1.45;1.30;1.24;1.19;1.18;1.03;0.85;0.51;0.38;-0.02;
Segment 4;0.00;0.52;1.68;2.50;2.52;1.84;0.57;-1.00;-2.93;-4.29;-5.78;-6.52;-7.08;-7.08;-6.75;-6.50;-5.23;-4.54;-3.69;-4.27;-4.61;-5.38;-5.82;-6.56;-7.02;-7.54;-7.75;-8.15;-8.23;-8.53;-8.97;-10.12;-10.69;-10.45;-8.00;-5.17;-2.53;-2.08;-2.68;-3.77;-4.46;-4.64;-4.72;-4.11;-3.32;-2.34;-1.73;-1.51;-1.20;-1.37;-1.31;-1.41;-1.26;-1.19;-1.10;-1.06;-0.99;-0.67;-0.18;0.53;1.08;1.40;1.58;1.72;2.01;2.14;1.97;0.98;
Segment 5;0.00;-2.17;-0.98;0.14;0.53;0.81;1.24;1.51;1.17;0.46;-0.53;-1.62;-2.60;-3.36;-3.93;-4.39;-4.66;-4.50;-4.05;-3.76;-3.97;-4.38;-4.80;-5.17;-5.49;-5.71;-5.78;-5.72;-5.68;-5.58;-5.38;-5.12;-4.87;-4.77;-4.94;-5.11;-4.97;-4.53;-3.63;-2.20;-0.37;1.69;3.34;3.22;2.15;1.19;0.87;1.23;2.64;3.73;3.13;1.72;0.78;0.82;1.14;1.17;1.13;1.11;1.14;1.12;1.02;0.90;0.76;0.59;0.37;0.24;0.49;0.88;
Segment 6;0.00;1.00;2.85;4.89;6.40;7.27;7.68;7.46;6.81;5.97;5.00;4.08;3.13;2.35;1.75;1.05;0.39;-0.73;-1.58;-2.68;-3.68;-4.79;-5.62;-6.30;-6.77;-7.22;-7.53;-7.85;-8.10;-8.28;-8.41;-8.56;-8.98;-9.39;-9.20;-7.83;-5.42;-2.91;-1.05;-0.17;0.07;0.02;-0.02;0.03;0.27;0.77;1.42;2.08;2.73;3.23;3.73;4.00;4.21;4.30;4.22;4.00;3.70;3.35;2.96;2.57;2.25;2.07;2.06;2.31;2.90;3.15;2.90;1.42;
Segment 7;0.00;0.56;1.28;1.92;2.18;2.08;1.80;1.18;0.55;-0.19;-0.64;-1.05;-1.22;-1.50;-1.73;-2.38;-3.77;-5.39;-6.58;-7.11;-7.12;-6.98;-6.91;-6.89;-6.94;-7.50;-8.04;-8.59;-8.83;-8.95;-8.97;-8.92;-8.49;-7.47;-5.44;-2.83;0.11;2.63;4.54;4.99;3.91;1.90;0.43;-0.11;0.17;0.50;0.72;0.65;0.51;0.35;0.23;0.25;0.31;0.50;0.60;0.72;0.71;0.79;0.83;0.97;0.94;0.89;0.68;0.59;0.44;0.37;0.22;0.08;
Segment 8;0.00;-1.33;0.14;-0.54;-3.10;-5.03;-5.06;-4.47;-4.36;-4.51;-4.65;-4.77;-5.01;-5.44;-5.94;-6.34;-6.68;-7.07;-7.50;-7.92;-8.34;-8.64;-8.53;-8.37;-8.54;-9.07;-9.70;-10.26;-10.50;-10.26;-9.67;-8.94;-8.19;-7.38;-6.47;-5.54;-4.74;-4.19;-4.05;-4.20;-4.31;-4.35;-3.74;-1.74;0.70;2.22;2.41;2.12;1.89;1.67;1.54;1.48;1.41;1.30;1.20;1.16;1.13;1.09;1.02;0.95;0.91;0.90;0.96;1.01;0.91;0.83;1.01;1.16;
Segment 9;0.00;-0.32;0.53;1.75;2.24;2.34;2.00;1.22;0.07;-1.06;-2.34;-3.59;-4.69;-5.59;-6.23;-6.82;-7.36;-8.06;-8.67;-9.31;-9.90;-10.46;-10.91;-11.28;-11.53;-12.00;-12.24;-12.33;-12.36;-12.40;-12.44;-12.40;-12.09;-11.33;-9.86;-7.40;-3.99;-0.36;2.86;5.67;7.66;9.71;10.59;11.82;12.37;11.98;11.20;10.55;10.22;10.08;9.80;9.64;9.44;9.20;9.03;8.85;8.76;8.68;8.62;8.58;8.45;8.32;8.19;8.38;8.73;8.76;7.33;3.94;
Segment 10;0.00;-0.10;-0.06;0.10;0.46;0.87;1.34;2.50;3.59;4.48;3.96;3.30;2.62;2.18;1.63;0.52;-2.32;-5.49;-8.16;-8.97;-9.16;-9.20;-9.74;-10.32;-10.70;-10.86;-10.70;-10.33;-9.67;-8.99;-8.52;-8.96;-9.33;-9.26;-7.66;-5.25;-2.15;1.52;5.00;7.58;7.36;6.22;4.47;3.29;2.09;1.21;0.68;0.40;0.44;0.67;1.08;1.37;1.36;1.22;1.12;1.31;1.58;1.87;1.88;1.85;1.79;1.84;1.86;1.85;1.74;1.57;1.31;0.63;
Segment 11;0.00;-1.18;0.22;1.11;1.09;0.99;1.11;0.99;0.23;-0.85;-1.95;-2.97;-3.87;-4.60;-5.24;-5.90;-6.56;-7.17;-7.75;-8.29;-8.82;-9.37;-9.84;-10.27;-10.62;-10.91;-11.14;-11.31;-11.51;-11.56;-11.52;-11.57;-11.64;-11.35;-10.27;-9.11;-8.45;-8.03;-7.81;-7.62;-7.05;-5.94;-4.60;-2.91;-1.18;0.02;0.63;1.15;1.55;1.59;1.02;0.14;-0.67;-1.17;-1.43;-1.44;-1.35;-1.24;-1.12;-0.97;-0.83;-0.71;-0.63;-0.58;-0.56;-0.46;-0.04;0.51;
Segment 12;0.00;-0.93;-1.58;-1.82;-1.78;-1.67;-1.85;-2.38;-3.23;-4.23;-5.17;-6.05;-6.97;-8.09;-9.42;-10.78;-12.03;-13.04;-13.92;-14.54;-14.95;-15.14;-15.29;-15.57;-15.77;-15.75;-15.34;-14.74;-14.19;-13.86;-13.75;-13.68;-13.80;-13.84;-13.49;-12.59;-11.19;-9.67;-8.43;-7.77;-7.29;-6.76;-5.67;-4.64;-3.77;-3.34;-3.10;-2.98;-2.99;-3.02;-3.01;-2.83;-2.58;-2.26;-1.93;-1.58;-1.21;-0.79;-0.32;0.10;0.43;0.65;0.90;1.28;1.86;2.23;2.12;1.17;
Segment 13;0.00;-1.69;-3.49;-4.82;-5.26;-5.39;-5.78;-7.02;-8.63;-10.32;-11.97;-13.58;-15.19;-16.70;-18.46;-20.51;-23.21;-25.77;-27.86;-28.98;-29.49;-29.69;-30.05;-30.47;-30.91;-31.14;-31.22;-31.29;-31.14;-30.83;-30.53;-30.37;-30.07;-29.16;-26.92;-23.88;-20.60;-17.88;-15.32;-12.90;-10.22;-7.68;-4.98;-2.08;0.88;3.19;4.12;4.25;4.06;3.92;3.76;3.58;3.51;3.42;3.29;2.97;2.62;2.20;1.88;1.57;1.33;1.17;1.11;1.18;1.37;1.47;1.38;0.85;
Segment 14;0.00;-2.38;-2.04;-2.43;-3.76;-4.89;-5.22;-5.14;-5.39;-5.72;-6.00;-6.18;-6.30;-6.41;-6.46;-6.34;-6.25;-6.22;-6.23;-6.30;-6.44;-6.42;-6.21;-5.94;-5.73;-5.59;-5.47;-5.25;-4.96;-4.32;-3.53;-2.80;-2.20;-1.80;-1.91;-1.92;-1.55;-1.19;-0.95;-0.81;-0.73;-0.49;-0.14;-0.13;-0.30;-0.30;-0.08;0.06;0.05;0.04;-0.03;-0.08;-0.15;-0.31;-0.43;-0.52;-0.56;-0.58;-0.61;-0.65;-0.69;-0.71;-0.67;-0.61;-0.72;-0.74;-0.22;0.58;
Segment 15;0.00;-2.42;-4.35;-5.07;-3.85;-1.58;0.42;0.83;-0.04;-1.29;-2.22;-2.69;-3.05;-3.79;-4.99;-6.36;-7.64;-8.65;-9.48;-10.05;-10.15;-10.08;-9.82;-10.14;-10.39;-10.80;-10.91;-10.73;-10.37;-10.29;-10.26;-9.96;-9.45;-8.78;-8.20;-7.97;-7.92;-7.64;-6.58;-4.56;-2.28;-0.23;0.83;1.36;1.40;1.58;1.54;1.45;1.28;1.22;1.26;1.33;1.41;1.49;1.60;1.73;1.82;1.82;1.73;1.63;1.62;1.70;1.92;2.20;2.53;2.61;2.09;1.38;
Segment 16;0.00;-0.15;-0.40;-0.69;-1.25;-1.69;-2.08;-2.74;-3.40;-3.99;-3.85;-3.86;-4.41;-6.35;-8.83;-11.27;-12.74;-13.82;-14.70;-15.83;-16.75;-17.55;-18.59;-19.56;-20.31;-20.72;-20.75;-20.58;-20.00;-19.23;-18.41;-17.40;-16.60;-16.09;-16.28;-16.42;-16.20;-15.62;-14.45;-12.43;-8.86;-5.34;-3.05;-2.82;-3.57;-4.21;-4.37;-4.14;-3.92;-3.80;-3.83;-3.87;-3.89;-3.88;-3.83;-3.73;-3.61;-3.53;-3.36;-3.22;-3.06;-2.90;-2.69;-2.41;-2.16;-1.86;-1.54;-0.66;
Segment 17;0.00;-1.66;-0.81;-0.08;-0.01;-0.24;-0.57;-0.89;-1.44;-2.02;-2.54;-2.95;-3.27;-3.57;-3.85;-4.14;-4.46;-4.71;-4.94;-5.22;-5.53;-5.81;-6.06;-6.23;-6.47;-6.73;-6.75;-6.33;-5.84;-5.45;-5.12;-4.80;-4.51;-4.29;-4.15;-4.02;-3.88;-3.77;-3.63;-3.41;-3.01;-2.20;-1.33;-1.09;-1.18;-1.07;-0.64;-0.24;0.05;0.12;-0.19;-0.68;-1.07;-1.28;-1.33;-1.33;-1.22;-1.05;-0.88;-0.74;-0.64;-0.56;-0.47;-0.41;-0.46;-0.47;-0.11;0.43;
Segment 18;0.00;-0.79;-1.36;-1.51;-1.41;-1.02;-0.58;-0.77;-1.43;-2.43;-3.52;-4.63;-5.68;-6.63;-7.51;-8.41;-9.40;-10.36;-11.30;-12.20;-13.21;-14.09;-14.75;-15.07;-15.20;-15.15;-14.82;-14.20;-13.39;-12.54;-11.64;-10.69;-9.62;-8.65;-7.96;-7.72;-7.72;-7.25;-5.76;-3.07;0.09;2.78;4.44;5.13;5.23;4.97;4.43;3.74;3.13;2.67;2.41;2.27;2.23;2.24;2.24;2.24;2.26;2.34;2.47;2.60;2.68;2.73;2.75;2.73;2.63;2.48;2.24;1.33;

----------------------------------------------------------


Curves
==========================================================
Longitudinal Strain Rate
Unit [1/s]
Time [ms];0.00;11.47;22.95;34.42;45.89;57.37;68.84;80.31;91.79;103.26;114.73;126.21;137.68;149.16;160.63;172.10;183.58;195.05;206.52;218.00;229.47;240.94;252.42;263.89;275.36;286.84;298.31;309.78;321.26;332.73;344.20;355.68;367.15;378.62;390.10;401.57;413.05;424.52;435.99;447.47;458.94;470.41;481.89;493.36;504.83;516.31;527.78;539.25;550.73;562.20;573.67;585.15;596.62;608.09;619.57;631.04;642.51;653.99;665.46;676.94;688.41;699.88;711.36;722.83;734.30;745.78;757.25;768.72;
Segment 1;0.30;0.22;0.11;-0.19;-0.49;-0.74;-0.94;-1.09;-1.12;-1.11;-1.05;-0.88;-0.60;-0.27;-0.07;0.16;0.28;0.23;0.02;-0.19;-0.19;-0.01;0.26;0.47;0.62;0.71;0.73;0.72;0.69;0.63;0.42;0.30;0.46;0.88;1.38;1.77;2.32;2.39;1.48;-0.74;-2.68;-2.92;-1.63;-0.09;0.42;0.14;-0.44;-0.58;-0.56;-0.39;-0.24;-0.04;0.09;0.16;0.16;0.13;0.08;0.01;-0.06;-0.09;-0.18;-0.23;-0.20;-0.06;0.14;0.19;0.38;0.50;
Segment 2;-0.95;0.30;-0.11;-2.78;-3.22;-1.17;0.56;0.32;-0.35;-0.51;-0.48;-0.39;-0.23;-0.20;-0.54;-0.80;-0.61;-0.21;-0.01;-0.14;-0.29;-0.35;-0.41;-0.29;-0.03;0.08;-0.02;0.14;0.94;1.67;1.63;1.09;0.72;0.76;0.84;0.49;-0.01;-0.34;-0.53;-0.38;0.26;0.99;1.58;1.95;1.77;1.13;0.48;-0.04;-0.35;-0.29;-0.17;-0.17;-0.20;-0.21;-0.17;-0.12;-0.10;-0.09;-0.11;-0.18;-0.19;-0.06;0.05;0.01;-0.05;0.05;0.25;-0.25;
Segment 3;0.86;0.97;0.73;0.30;-0.16;-0.48;-0.30;0.03;0.23;0.27;0.27;0.17;0.01;-0.26;-0.38;-0.34;-0.29;-0.22;-0.18;-0.13;-0.11;-0.08;-0.13;-0.04;-0.18;-0.27;-0.01;-0.07;-0.47;-0.99;-1.16;-1.03;-0.66;-0.01;1.07;2.34;2.94;2.55;0.66;-0.76;-1.35;-1.13;-0.62;-0.37;0.26;0.66;0.89;0.51;0.08;-0.07;-0.07;-0.06;-0.02;-0.15;-0.35;-0.44;-0.40;-0.27;-0.17;-0.09;-0.04;-0.01;-0.07;-0.14;-0.24;-0.20;-0.24;-0.19;
Segment 4;0.36;0.76;0.96;0.38;-0.30;-0.88;-1.24;-1.59;-1.44;-1.25;-0.99;-0.55;-0.26;0.19;0.20;0.70;0.90;0.73;0.12;-0.47;-0.48;-0.53;-0.51;-0.54;-0.43;-0.31;-0.27;-0.21;-0.14;-0.28;-0.74;-0.84;-0.25;1.20;2.45;2.55;1.40;-0.19;-0.82;-0.84;-0.34;-0.13;0.22;0.64;0.81;0.73;0.32;0.24;0.05;-0.07;-0.01;0.02;0.11;0.06;0.06;0.03;0.16;0.36;0.54;0.58;0.38;0.20;0.12;0.19;0.21;0.03;-0.53;-0.92;
Segment 5;-2.38;-0.40;1.30;0.64;0.23;0.31;0.35;-0.02;-0.48;-0.76;-0.93;-0.92;-0.76;-0.57;-0.45;-0.34;-0.05;0.30;0.37;0.04;-0.31;-0.38;-0.34;-0.30;-0.24;-0.13;0.01;0.05;0.05;0.13;0.20;0.24;0.17;-0.04;-0.19;-0.03;0.25;0.57;1.02;1.44;1.73;1.75;0.71;-0.65;-0.98;-0.58;-0.02;0.83;1.28;0.24;-1.02;-1.14;-0.37;0.24;0.17;-0.03;-0.03;0.01;0.01;-0.05;-0.10;-0.11;-0.13;-0.18;-0.18;0.04;0.39;-0.20;
Segment 6;0.75;1.23;1.79;1.60;1.02;0.56;0.08;-0.41;-0.66;-0.81;-0.83;-0.82;-0.77;-0.58;-0.56;-0.56;-0.79;-0.87;-0.83;-0.93;-0.93;-0.86;-0.66;-0.50;-0.39;-0.33;-0.27;-0.25;-0.19;-0.13;-0.10;-0.25;-0.41;-0.17;0.65;1.72;2.25;1.97;1.19;0.44;0.05;-0.06;-0.01;0.12;0.32;0.52;0.58;0.58;0.50;0.44;0.34;0.20;0.14;0.01;-0.14;-0.23;-0.28;-0.33;-0.34;-0.32;-0.23;-0.09;0.09;0.40;0.42;0.06;-0.80;-1.35;
Segment 7;0.47;0.56;0.63;0.41;0.05;-0.17;-0.40;-0.56;-0.62;-0.53;-0.37;-0.24;-0.18;-0.21;-0.33;-0.90;-1.38;-1.28;-0.75;-0.20;0.09;0.10;0.03;0.02;-0.27;-0.51;-0.49;-0.35;-0.14;-0.06;-0.00;0.18;0.59;1.33;2.07;2.48;2.43;1.99;1.09;-0.31;-1.48;-1.63;-0.89;-0.05;0.32;0.25;0.07;-0.11;-0.14;-0.13;-0.04;0.03;0.12;0.13;0.10;0.04;0.03;0.05;0.09;0.05;-0.03;-0.12;-0.14;-0.10;-0.09;-0.09;-0.14;-0.09;
Segment 8;-1.60;0.22;0.69;-1.62;-2.21;-0.84;0.41;0.35;-0.06;-0.15;-0.10;-0.14;-0.30;-0.43;-0.40;-0.31;-0.31;-0.37;-0.37;-0.37;-0.34;-0.08;0.17;0.02;-0.32;-0.53;-0.54;-0.37;-0.01;0.38;0.60;0.65;0.67;0.75;0.82;0.77;0.61;0.31;-0.03;-0.13;-0.10;0.16;1.14;2.09;1.84;0.71;-0.13;-0.25;-0.20;-0.16;-0.08;-0.05;-0.08;-0.10;-0.06;-0.02;-0.02;-0.05;-0.07;-0.05;-0.02;0.03;0.06;-0.02;-0.11;0.03;0.26;-0.43;
Segment 9;-0.45;0.21;1.04;0.79;0.24;-0.10;-0.49;-0.87;-1.01;-1.05;-1.12;-1.03;-0.88;-0.66;-0.52;-0.48;-0.55;-0.58;-0.54;-0.54;-0.51;-0.44;-0.36;-0.24;-0.32;-0.34;-0.13;-0.04;-0.03;-0.04;-0.01;0.13;0.44;0.94;1.69;2.60;3.16;3.01;2.65;2.05;1.79;1.26;0.87;0.87;0.05;-0.58;-0.67;-0.43;-0.17;-0.18;-0.20;-0.14;-0.20;-0.18;-0.15;-0.12;-0.07;-0.07;-0.04;-0.07;-0.12;-0.13;0.01;0.27;0.26;-0.50;-2.16;-3.32;
Segment 10;-0.10;-0.03;0.08;0.23;0.35;0.33;0.72;1.03;0.95;0.16;-0.61;-0.60;-0.48;-0.39;-0.61;-1.74;-2.76;-2.69;-1.52;-0.32;-0.03;-0.25;-0.54;-0.43;-0.24;0.00;0.23;0.46;0.61;0.57;-0.01;-0.44;-0.22;0.70;1.81;2.41;3.00;3.19;2.82;1.03;-0.74;-1.34;-1.31;-1.02;-0.94;-0.61;-0.35;-0.10;0.12;0.29;0.34;0.12;-0.09;-0.13;0.04;0.22;0.27;0.13;-0.03;-0.05;-0.00;0.04;0.01;-0.05;-0.12;-0.16;-0.42;-0.60;
Segment 11;-1.42;0.15;1.25;0.33;-0.13;0.02;0.06;-0.38;-0.84;-0.98;-0.93;-0.84;-0.71;-0.58;-0.56;-0.58;-0.56;-0.52;-0.49;-0.46;-0.47;-0.45;-0.39;-0.34;-0.28;-0.22;-0.17;-0.17;-0.12;0.01;0.01;-0.08;0.04;0.62;1.06;0.81;0.45;0.27;0.14;0.29;0.75;1.08;1.33;1.55;1.32;0.76;0.46;0.43;0.22;-0.23;-0.68;-0.78;-0.58;-0.33;-0.11;0.05;0.09;0.10;0.12;0.13;0.11;0.09;0.06;0.02;0.03;0.21;0.52;0.03;
Segment 12;-0.85;-0.71;-0.38;-0.07;0.10;-0.01;-0.30;-0.61;-0.83;-0.86;-0.79;-0.77;-0.88;-1.08;-1.19;-1.15;-0.99;-0.83;-0.66;-0.44;-0.25;-0.12;-0.19;-0.23;-0.10;0.19;0.47;0.53;0.39;0.17;0.08;-0.03;-0.11;0.11;0.53;1.03;1.32;1.25;0.82;0.45;0.39;0.72;0.97;0.85;0.57;0.27;0.16;0.04;-0.03;-0.02;0.08;0.19;0.26;0.28;0.29;0.31;0.35;0.39;0.39;0.33;0.23;0.19;0.26;0.44;0.45;0.16;-0.48;-0.98;
Segment 13;-1.45;-1.55;-1.43;-0.76;-0.18;-0.15;-0.70;-1.30;-1.46;-1.46;-1.41;-1.41;-1.35;-1.40;-1.63;-2.09;-2.37;-2.08;-1.40;-0.67;-0.26;-0.23;-0.36;-0.39;-0.30;-0.12;-0.07;0.03;0.21;0.28;0.19;0.15;0.45;1.36;2.37;2.84;2.63;2.27;2.15;2.23;2.29;2.26;2.44;2.60;2.39;1.42;0.39;-0.08;-0.16;-0.12;-0.16;-0.11;-0.06;-0.09;-0.19;-0.30;-0.34;-0.33;-0.27;-0.24;-0.18;-0.10;0.00;0.13;0.14;0.03;-0.26;-0.63;
Segment 14;-2.48;-0.82;0.25;-0.83;-1.19;-0.64;-0.03;-0.05;-0.29;-0.27;-0.20;-0.13;-0.10;-0.08;0.04;0.11;0.05;0.01;-0.03;-0.10;-0.07;0.11;0.22;0.22;0.15;0.10;0.14;0.21;0.40;0.65;0.68;0.58;0.46;0.11;-0.11;0.17;0.35;0.27;0.16;0.07;0.12;0.29;0.18;-0.11;-0.11;0.11;0.18;0.05;-0.01;-0.03;-0.05;-0.05;-0.10;-0.13;-0.09;-0.06;-0.03;-0.02;-0.03;-0.04;-0.03;0.01;0.06;-0.03;-0.11;0.19;0.72;0.12;
Segment 15;-2.16;-1.96;-1.25;0.22;1.66;2.03;1.11;-0.29;-1.03;-1.00;-0.59;-0.31;-0.44;-0.86;-1.15;-1.18;-1.00;-0.80;-0.63;-0.28;0.00;0.19;-0.02;-0.28;-0.30;-0.26;0.04;0.27;0.21;0.01;0.13;0.36;0.53;0.58;0.36;0.09;0.09;0.54;1.37;1.94;1.97;1.37;0.66;0.20;0.08;0.08;-0.07;-0.12;-0.11;-0.00;0.05;0.06;0.07;0.08;0.11;0.10;0.04;-0.05;-0.09;-0.05;0.03;0.13;0.22;0.29;0.22;-0.20;-0.53;-0.92;
Segment 16;-0.12;-0.18;-0.22;-0.38;-0.47;-0.33;-0.45;-0.60;-0.60;-0.18;0.14;-0.17;-1.08;-2.02;-2.24;-1.73;-1.06;-0.81;-0.88;-0.93;-0.72;-0.80;-0.91;-0.77;-0.51;-0.18;0.06;0.33;0.61;0.68;0.81;0.82;0.61;0.12;-0.22;0.02;0.34;0.74;1.32;2.48;3.27;2.66;1.08;-0.37;-0.69;-0.37;0.06;0.23;0.16;0.03;-0.04;-0.03;-0.01;0.03;0.07;0.10;0.08;0.11;0.14;0.13;0.14;0.16;0.22;0.23;0.24;0.23;0.54;0.72;
Segment 17;-1.81;-0.33;0.92;0.34;-0.11;-0.26;-0.27;-0.37;-0.51;-0.48;-0.41;-0.32;-0.27;-0.25;-0.24;-0.27;-0.25;-0.20;-0.22;-0.26;-0.26;-0.23;-0.18;-0.17;-0.24;-0.16;0.19;0.43;0.38;0.31;0.28;0.27;0.23;0.15;0.11;0.12;0.11;0.10;0.15;0.25;0.53;0.80;0.51;0.01;-0.03;0.25;0.39;0.31;0.18;-0.11;-0.38;-0.40;-0.26;-0.10;-0.02;0.05;0.12;0.15;0.14;0.10;0.07;0.07;0.08;-0.00;-0.06;0.14;0.49;0.07;
Segment 18;-0.71;-0.62;-0.32;-0.02;0.23;0.42;0.14;-0.39;-0.75;-0.93;-0.96;-0.95;-0.87;-0.79;-0.77;-0.82;-0.86;-0.83;-0.79;-0.84;-0.85;-0.68;-0.42;-0.18;-0.04;0.16;0.42;0.64;0.73;0.76;0.81;0.89;0.91;0.74;0.41;0.05;0.13;0.81;1.85;2.65;2.64;1.93;0.99;0.31;-0.09;-0.36;-0.56;-0.59;-0.47;-0.31;-0.17;-0.07;-0.01;0.01;-0.00;0.00;0.04;0.09;0.12;0.10;0.06;0.03;0.00;-0.05;-0.11;-0.13;-0.48;-1.02;

----------------------------------------------------------


Curves
==========================================================
Global Strain A2C
Unit [%]
Time [ms];0.00;11.47;22.95;34.42;45.89;57.37;68.84;80.31;91.79;103.26;114.73;126.21;137.68;149.16;160.63;172.10;183.58;195.05;206.52;218.00;229.47;240.94;252.42;263.89;275.36;286.84;298.31;309.78;321.26;332.73;344.20;355.68;367.15;378.62;390.10;401.57;413.05;424.52;435.99;447.47;458.94;470.41;481.89;493.36;504.83;516.31;527.78;539.25;550.73;562.20;573.67;585.15;596.62;608.09;619.57;631.04;642.51;653.99;665.46;676.94;688.41;699.88;711.36;722.83;734.30;745.78;757.25;768.72;
Total;0.00;-0.11;-0.15;-0.18;-0.33;-0.61;-1.11;-1.82;-2.70;-3.52;-4.42;-5.18;-5.94;-6.71;-7.53;-8.52;-9.68;-10.92;-11.90;-12.60;-12.98;-13.27;-13.62;-13.98;-14.22;-14.38;-14.36;-14.29;-13.98;-13.62;-13.34;-13.31;-13.14;-12.53;-10.97;-8.86;-6.46;-4.31;-2.50;-1.31;-0.98;-1.07;-1.25;-0.98;-0.53;-0.04;0.11;0.05;-0.04;-0.16;-0.20;-0.24;-0.21;-0.19;-0.14;-0.11;-0.07;-0.02;0.04;0.12;0.16;0.16;0.14;0.17;0.27;0.36;0.35;0.21;

----------------------------------------------------------


Curves
==========================================================
Global Strain Rate A2C
Unit [1/s]
Time [ms];0.00;11.47;22.95;34.42;45.89;57.37;68.84;80.31;91.79;103.26;114.73;126.21;137.68;149.16;160.63;172.10;183.58;195.05;206.52;218.00;229.47;240.94;252.42;263.89;275.36;286.84;298.31;309.78;321.26;332.73;344.20;355.68;367.15;378.62;390.10;401.57;413.05;424.52;435.99;447.47;458.94;470.41;481.89;493.36;504.83;516.31;527.78;539.25;550.73;562.20;573.67;585.15;596.62;608.09;619.57;631.04;642.51;653.99;665.46;676.94;688.41;699.88;711.36;722.83;734.30;745.78;757.25;768.72;
Total;-0.11;-0.07;-0.01;-0.07;-0.19;-0.33;-0.53;-0.71;-0.75;-0.75;-0.73;-0.65;-0.67;-0.69;-0.78;-0.94;-1.07;-0.99;-0.74;-0.46;-0.26;-0.28;-0.32;-0.26;-0.18;-0.06;0.04;0.16;0.31;0.30;0.12;0.05;0.29;0.94;1.64;2.01;2.02;1.74;1.35;0.65;0.06;-0.17;0.02;0.34;0.45;0.29;0.01;-0.07;-0.10;-0.07;-0.03;-0.01;0.03;0.03;0.04;0.03;0.04;0.05;0.06;0.06;0.02;-0.01;-0.00;0.06;0.09;0.04;-0.07;-0.16;

----------------------------------------------------------


Curves
==========================================================
Global Strain A3C
Unit [%]
Time [ms];0.00;11.47;22.95;34.42;45.89;57.37;68.84;80.31;91.79;103.26;114.73;126.21;137.68;149.16;160.63;172.10;183.58;195.05;206.52;218.00;229.47;240.94;252.42;263.89;275.36;286.84;298.31;309.78;321.26;332.73;344.20;355.68;367.15;378.62;390.10;401.57;413.05;424.52;435.99;447.47;458.94;470.41;481.89;493.36;504.83;516.31;527.78;539.25;550.73;562.20;573.67;585.15;596.62;608.09;619.57;631.04;642.51;653.99;665.46;676.94;688.41;699.88;711.36;722.83;734.30;745.78;757.25;768.72;
Total;0.00;-1.61;-0.57;-0.49;-1.55;-2.42;-2.44;-2.27;-2.62;-3.21;-3.84;-4.42;-4.93;-5.37;-5.77;-6.20;-6.59;-6.84;-6.97;-7.14;-7.45;-7.77;-8.00;-8.18;-8.37;-8.55;-8.67;-8.65;-8.50;-8.04;-7.43;-6.89;-6.46;-6.05;-5.61;-5.15;-4.78;-4.50;-4.28;-4.03;-3.54;-2.65;-1.58;-0.65;0.09;0.62;0.95;1.21;1.52;1.66;1.32;0.76;0.31;0.11;0.04;0.00;0.00;0.03;0.05;0.06;0.04;0.03;0.05;0.06;-0.03;-0.05;0.26;0.71;

----------------------------------------------------------


Curves
==========================================================
Global Strain Rate A3C
Unit [1/s]
Time [ms];0.00;11.47;22.95;34.42;45.89;57.37;68.84;80.31;91.79;103.26;114.73;126.21;137.68;149.16;160.63;172.10;183.58;195.05;206.52;218.00;229.47;240.94;252.42;263.89;275.36;286.84;298.31;309.78;321.26;332.73;344.20;355.68;367.15;378.62;390.10;401.57;413.05;424.52;435.99;447.47;458.94;470.41;481.89;493.36;504.83;516.31;527.78;539.25;550.73;562.20;573.67;585.15;596.62;608.09;619.57;631.04;642.51;653.99;665.46;676.94;688.41;699.88;711.36;722.83;734.30;745.78;757.25;768.72;
Total;-1.80;-0.17;0.77;-0.53;-0.98;-0.38;0.16;-0.05;-0.44;-0.55;-0.53;-0.48;-0.41;-0.36;-0.36;-0.37;-0.29;-0.15;-0.11;-0.21;-0.29;-0.24;-0.17;-0.16;-0.17;-0.14;-0.05;0.07;0.26;0.49;0.52;0.42;0.35;0.37;0.40;0.37;0.29;0.21;0.19;0.30;0.60;0.89;0.89;0.73;0.56;0.36;0.24;0.26;0.23;-0.09;-0.43;-0.47;-0.28;-0.10;-0.04;-0.02;0.01;0.03;0.02;-0.01;-0.02;0.00;0.02;-0.04;-0.08;0.11;0.44;-0.10;

----------------------------------------------------------


Curves
==========================================================
Global Strain A4C
Unit [%]
Time [ms];0.00;11.47;22.95;34.42;45.89;57.37;68.84;80.31;91.79;103.26;114.73;126.21;137.68;149.16;160.63;172.10;183.58;195.05;206.52;218.00;229.47;240.94;252.42;263.89;275.36;286.84;298.31;309.78;321.26;332.73;344.20;355.68;367.15;378.62;390.10;401.57;413.05;424.52;435.99;447.47;458.94;470.41;481.89;493.36;504.83;516.31;527.78;539.25;550.73;562.20;573.67;585.15;596.62;608.09;619.57;631.04;642.51;653.99;665.46;676.94;688.41;699.88;711.36;722.83;734.30;745.78;757.25;768.72;
Total;0.00;-0.41;-0.31;0.13;0.71;1.26;1.58;1.34;0.68;-0.15;-0.96;-1.69;-2.41;-3.18;-4.04;-4.93;-5.79;-6.63;-7.36;-8.03;-8.58;-9.05;-9.38;-9.74;-9.95;-10.22;-10.22;-10.05;-9.84;-9.80;-9.86;-9.85;-9.79;-9.52;-8.89;-7.71;-5.99;-4.06;-2.23;-0.81;0.39;1.30;1.97;2.41;2.72;2.86;2.97;3.00;2.97;2.94;2.93;2.95;3.00;3.03;3.01;2.95;2.88;2.82;2.79;2.76;2.74;2.74;2.79;2.95;3.21;3.25;2.81;1.52;

----------------------------------------------------------


Curves
==========================================================
Global Strain Rate A4C
Unit [1/s]
Time [ms];0.00;11.47;22.95;34.42;45.89;57.37;68.84;80.31;91.79;103.26;114.73;126.21;137.68;149.16;160.63;172.10;183.58;195.05;206.52;218.00;229.47;240.94;252.42;263.89;275.36;286.84;298.31;309.78;321.26;332.73;344.20;355.68;367.15;378.62;390.10;401.57;413.05;424.52;435.99;447.47;458.94;470.41;481.89;493.36;504.83;516.31;527.78;539.25;550.73;562.20;573.67;585.15;596.62;608.09;619.57;631.04;642.51;653.99;665.46;676.94;688.41;699.88;711.36;722.83;734.30;745.78;757.25;768.72;
Total;-0.42;-0.15;0.26;0.47;0.51;0.41;0.05;-0.42;-0.67;-0.73;-0.67;-0.62;-0.64;-0.71;-0.77;-0.76;-0.75;-0.69;-0.61;-0.53;-0.45;-0.34;-0.30;-0.24;-0.22;-0.14;0.09;0.19;0.12;-0.03;-0.03;0.02;0.13;0.37;0.78;1.29;1.63;1.67;1.42;1.14;0.92;0.69;0.47;0.32;0.20;0.10;0.06;-0.00;-0.03;-0.02;0.01;0.03;0.04;0.01;-0.04;-0.06;-0.06;-0.04;-0.03;-0.02;-0.01;0.02;0.09;0.20;0.17;-0.13;-0.77;-1.28;

----------------------------------------------------------


