PatientInformation
==========================================================
PatientID;No patientID
Name;,,
Date of Birth;
Sex;
Version;AutoStrainCap2 2.1.0.491925

Results
==========================================================
Global
----------------------------------------------------------
RVFWSL;-15.41;%
RV4CSL;-9.93;%
ED;0.00;ms
ES;363.66;ms

Curves
==========================================================
Longitudinal Strain
Unit [%]
Time [ms];0.00;10.54;21.08;31.62;42.16;52.70;63.24;73.79;84.33;94.87;105.41;115.95;126.49;137.03;147.57;158.11;168.65;179.19;189.73;200.28;210.82;221.36;231.90;242.44;252.98;263.52;274.06;284.60;295.14;305.68;316.22;326.76;337.31;347.85;358.39;368.93;379.47;390.01;400.55;411.09;421.63;432.17;442.71;453.25;463.80;474.34;484.88;495.42;505.96;516.50;527.04;537.58;548.12;558.66;569.20;579.74;590.28;600.83;611.37;621.91;632.45;642.99;653.53;664.07;674.61;685.15;695.69;706.23;716.77;727.32;737.86;748.40;758.94;769.48;780.02;790.56;801.10;811.64;822.18;832.72;843.26;853.80;864.35;874.89;885.43;895.97;906.51;917.05;927.59;938.13;948.67;959.21;969.75;980.29;990.84;
Basal;0.00;-0.67;-2.03;-3.60;-4.80;-5.73;-6.08;-6.20;-6.30;-6.75;-7.46;-8.46;-9.72;-11.18;-12.79;-14.42;-15.92;-17.42;-18.59;-19.47;-20.04;-20.38;-20.45;-20.26;-19.77;-19.63;-19.32;-19.02;-19.06;-19.59;-20.62;-21.84;-23.24;-24.32;-25.21;-25.55;-25.36;-24.53;-23.28;-22.01;-20.70;-19.69;-18.71;-17.71;-16.48;-15.15;-13.39;-11.25;-9.02;-6.95;-5.06;-3.36;-1.85;-0.27;1.02;2.13;2.83;3.01;2.84;2.59;2.28;2.27;2.25;2.19;2.01;1.38;0.68;-0.02;-0.64;-1.02;-1.29;-1.47;-1.65;-1.75;-1.86;-1.90;-1.86;-1.66;-1.38;-1.08;-0.81;-0.73;-0.72;-0.76;-0.87;-0.94;-1.05;-1.20;-1.36;-1.63;-1.82;-1.85;-1.67;-0.96;-0.32;
Mid;0.00;0.04;-0.20;-0.61;-0.94;-1.64;-2.10;-2.44;-2.72;-3.03;-3.46;-4.07;-4.89;-5.93;-7.08;-8.20;-9.08;-9.73;-10.03;-10.09;-10.01;-9.96;-9.78;-9.36;-8.61;-7.97;-7.07;-6.13;-5.44;-5.27;-5.54;-6.13;-6.84;-7.67;-8.31;-8.66;-8.58;-7.71;-6.53;-5.17;-3.90;-3.23;-2.67;-2.11;-1.55;-1.13;-0.54;0.19;1.03;1.40;1.70;1.92;2.17;2.85;3.49;4.07;4.40;4.51;4.38;4.16;3.87;3.70;3.52;3.31;3.05;2.57;2.07;1.56;1.07;0.69;0.36;0.12;-0.08;-0.21;-0.30;-0.31;-0.25;-0.13;0.05;0.24;0.43;0.53;0.59;0.60;0.56;0.53;0.47;0.37;0.28;0.13;0.02;-0.00;0.02;0.15;0.18;
Apical;0.00;-0.04;-0.40;-0.85;-1.12;-1.71;-2.00;-2.19;-2.35;-2.76;-3.33;-4.08;-5.01;-5.96;-6.97;-7.97;-8.74;-9.58;-10.10;-10.45;-10.74;-11.22;-11.64;-11.82;-11.64;-11.09;-10.25;-9.40;-8.80;-8.57;-8.77;-9.28;-9.85;-10.38;-10.68;-10.76;-10.62;-9.85;-8.99;-8.01;-7.11;-6.78;-6.44;-6.04;-5.54;-5.39;-5.03;-4.55;-3.84;-3.21;-2.55;-1.98;-1.49;-0.71;-0.05;0.53;0.90;1.08;1.05;0.98;0.87;0.96;1.06;1.13;1.14;0.83;0.46;0.08;-0.30;-0.63;-0.92;-1.16;-1.36;-1.49;-1.58;-1.62;-1.58;-1.48;-1.32;-1.14;-0.97;-0.85;-0.78;-0.74;-0.74;-0.71;-0.71;-0.73;-0.76;-0.90;-0.99;-0.99;-0.91;-0.51;-0.18;

----------------------------------------------------------


