PatientInformation
==========================================================
PatientID;No patientID
Name;,,
Date of Birth;
Sex;
Version;AutoStrainCap2 2.1.0.491925

Results
==========================================================
Global
----------------------------------------------------------
LaSr_ED;13.03;%
LaScd_ED;-14.74;%
LaSct_ED;1.72;%
LaSr_AC;13.25;%
LaScd_AC;-15.00;%
LaSct_AC;1.75;%
ED;0.00;ms
ES;353.42;ms
PreA;688.45;ms

Curves
==========================================================
Longitudinal Strain
Unit [%]
Time [ms];0.00;20.43;40.86;61.29;81.72;102.14;122.57;143.00;163.43;183.86;204.29;224.72;245.15;265.57;286.00;306.43;326.86;347.29;367.72;388.15;408.58;429.00;449.43;469.86;490.29;510.72;531.15;551.58;572.01;592.44;612.86;633.29;653.72;674.15;694.58;715.01;735.44;755.87;776.29;796.72;817.15;837.58;858.01;878.44;898.87;919.30;939.72;960.15;980.58;1001.01;
LAS_ED;0.00;-0.83;-0.13;1.24;2.80;4.21;5.54;6.77;8.08;9.34;10.40;10.76;10.88;11.20;11.59;12.25;12.72;13.00;12.76;11.14;9.00;6.46;4.07;1.98;0.20;-1.61;-2.59;-2.36;-1.81;-1.76;-2.06;-2.15;-2.23;-1.94;-1.69;-1.97;-2.23;-2.09;-1.88;-1.56;-1.23;-1.01;-0.98;-1.36;-1.82;-1.79;-1.51;-1.23;-0.85;-0.66;
LAS_AC;1.72;0.87;1.58;2.97;4.56;6.00;7.35;8.60;9.93;11.22;12.29;12.66;12.78;13.10;13.50;14.17;14.66;14.94;14.70;13.05;10.87;8.29;5.85;3.73;1.92;0.08;-0.91;-0.68;-0.13;-0.07;-0.38;-0.47;-0.55;-0.26;0.00;-0.29;-0.55;-0.42;-0.20;0.13;0.46;0.69;0.72;0.33;-0.14;-0.11;0.18;0.46;0.85;1.04;

----------------------------------------------------------


