PatientInformation
==========================================================
PatientID;No patientID
Name;,,
Date of Birth;
Sex;
Version;AutoStrainCap2 2.1.0.491925

Results
==========================================================
Global
----------------------------------------------------------
RVFWSL;-18.18;%
RV4CSL;-14.01;%
ED;0.00;ms
ES;302.10;ms

Curves
==========================================================
Longitudinal Strain
Unit [%]
Time [ms];0.00;13.61;27.22;40.82;54.43;68.04;81.65;95.26;108.86;122.47;136.08;149.69;163.30;176.90;190.51;204.12;217.73;231.34;244.94;258.55;272.16;285.77;299.38;312.98;326.59;340.20;353.81;367.42;381.02;394.63;408.24;421.85;435.46;449.06;462.67;476.28;489.89;503.50;517.10;530.71;544.32;557.93;571.54;585.14;598.75;612.36;625.97;639.58;653.18;666.79;680.40;694.01;707.62;721.22;734.83;748.44;
Basal;0.00;0.08;-0.27;-0.34;-0.40;-0.97;-1.82;-2.84;-3.93;-5.23;-6.48;-6.93;-7.32;-7.76;-8.47;-9.89;-11.28;-12.45;-13.43;-14.22;-14.88;-15.44;-15.90;-16.23;-16.48;-16.56;-16.07;-14.52;-12.10;-8.78;-5.20;-1.89;0.87;2.82;4.29;4.88;4.93;4.66;4.37;4.50;4.88;5.47;5.96;6.24;6.11;5.39;4.31;3.18;2.11;1.07;0.47;0.39;0.57;0.65;0.55;0.49;
Mid;0.00;-0.03;-0.43;-0.45;-0.54;-1.35;-2.54;-3.84;-5.19;-6.72;-8.17;-8.96;-9.66;-10.36;-11.20;-12.49;-13.73;-14.83;-15.76;-16.49;-17.10;-17.60;-17.93;-17.90;-17.62;-17.01;-15.96;-14.28;-11.91;-8.70;-5.21;-1.94;0.96;3.31;5.21;6.05;6.23;5.95;5.60;5.74;6.05;6.21;6.22;6.16;5.70;4.64;3.31;2.13;1.14;0.33;-0.07;-0.00;0.31;0.54;0.63;0.61;
Apical;0.00;-0.39;-1.41;-1.58;-1.60;-2.31;-3.44;-4.80;-6.28;-7.95;-9.57;-10.45;-11.23;-12.03;-12.91;-14.19;-15.37;-16.46;-17.32;-18.00;-18.54;-18.92;-19.10;-18.95;-18.62;-18.12;-17.26;-15.80;-13.53;-10.20;-6.57;-3.13;-0.07;2.62;4.86;5.52;5.58;5.78;5.86;5.97;6.11;6.14;6.05;5.90;5.39;4.47;3.35;2.34;1.50;0.79;0.41;0.39;0.64;0.82;0.84;0.65;

----------------------------------------------------------


