PatientInformation
==========================================================
PatientID;No patientID
Name;,,
Date of Birth;
Sex;
Version;AutoStrainCap2 2.1.0.491925

Results
==========================================================
Global
----------------------------------------------------------
LaSr_ED;6.68;%
LaScd_ED;-10.42;%
LaSct_ED;3.75;%
LaSr_AC;6.94;%
LaScd_AC;-10.84;%
LaSct_AC;3.90;%
ED;0.00;ms
ES;401.85;ms
PreA;571.56;ms

Curves
==========================================================
Longitudinal Strain
Unit [%]
Time [ms];0.00;19.51;39.01;58.52;78.03;97.54;117.04;136.55;156.06;175.56;195.07;214.58;234.09;253.59;273.10;292.61;312.12;331.62;351.13;370.64;390.14;409.65;429.16;448.67;468.17;487.68;507.19;526.69;546.20;565.71;585.22;604.72;624.23;643.74;663.25;682.75;702.26;721.77;
LAS_ED;0.00;-0.31;-0.99;-0.96;-0.27;0.89;1.43;2.51;2.21;2.12;2.45;2.40;2.32;2.83;3.53;4.24;4.35;4.47;5.43;5.80;6.44;6.42;3.60;-0.69;-3.98;-3.92;-3.83;-4.08;-4.22;-3.85;-3.57;-3.34;-2.93;-2.19;-1.72;-1.41;-0.78;-0.29;
LAS_AC;4.00;3.68;2.98;3.00;3.73;4.93;5.49;6.61;6.30;6.21;6.55;6.50;6.42;6.95;7.67;8.41;8.52;8.65;9.65;10.03;10.70;10.68;7.75;3.29;-0.14;-0.07;0.02;-0.24;-0.38;0.00;0.29;0.53;0.95;1.73;2.22;2.54;3.19;3.71;

----------------------------------------------------------


