PatientInformation
==========================================================
PatientID;No patientID
Name;,,
Date of Birth;
Sex;
Version;AutoStrainCap2 2.1.0.491925

Results
==========================================================
Global
----------------------------------------------------------
RVFWSL;-13.31;%
RV4CSL;-10.46;%
ED;0.00;ms
ES;315.04;ms

Curves
==========================================================
Longitudinal Strain
Unit [%]
Time [ms];0.00;10.36;20.73;31.09;41.45;51.82;62.18;72.54;82.91;93.27;103.63;114.00;124.36;134.72;145.09;155.45;165.81;176.17;186.54;196.90;207.26;217.63;227.99;238.35;248.72;259.08;269.44;279.81;290.17;300.53;310.90;321.26;331.62;341.99;352.35;362.71;373.08;383.44;393.80;404.17;414.53;424.89;
Basal;0.00;-0.11;-0.26;-1.84;-3.14;-2.86;-2.09;-2.22;-2.54;-2.42;-2.28;-2.63;-3.05;-3.00;-2.89;-3.18;-3.82;-4.67;-5.35;-5.58;-5.67;-6.06;-6.51;-6.70;-6.47;-5.68;-4.84;-4.37;-4.68;-6.42;-8.26;-8.75;-8.81;-9.19;-9.34;-8.81;-8.10;-7.97;-7.42;-6.13;-4.21;-1.96;
Mid;0.00;0.22;-0.28;-1.97;-3.38;-3.36;-2.86;-3.17;-3.60;-3.62;-3.59;-4.11;-4.78;-5.37;-5.90;-6.44;-7.31;-8.44;-9.39;-9.96;-10.31;-10.85;-11.49;-12.07;-12.34;-12.12;-11.85;-11.85;-12.42;-13.92;-15.28;-15.17;-14.63;-14.48;-14.20;-13.55;-12.63;-11.81;-10.47;-8.51;-5.90;-2.81;
Apical;0.00;-0.01;-0.80;-2.74;-4.17;-4.03;-3.48;-4.10;-4.96;-5.17;-5.24;-5.90;-6.62;-6.86;-7.02;-7.53;-8.42;-9.47;-10.33;-10.72;-10.88;-11.20;-11.66;-12.10;-12.32;-12.07;-11.85;-11.93;-12.54;-13.88;-15.06;-14.92;-14.43;-14.29;-13.91;-13.04;-11.78;-10.94;-9.56;-7.78;-5.44;-2.57;

----------------------------------------------------------


