PatientInformation
==========================================================
PatientID;No patientID
Name;,,
Date of Birth;
Sex;
Version;AutoStrainCap2 2.1.0.491925

Results
==========================================================
Global
----------------------------------------------------------
RVFWSL;-36.26;%
RV4CSL;-30.70;%
ED;0.00;ms
ES;332.69;ms

Curves
==========================================================
Longitudinal Strain
Unit [%]
Time [ms];0.00;13.92;27.84;41.76;55.68;69.60;83.52;97.44;111.36;125.28;139.20;153.12;167.04;180.96;194.88;208.80;222.72;236.64;250.56;264.48;278.40;292.32;306.24;320.16;334.08;348.00;361.92;375.84;389.76;403.68;417.60;431.52;445.44;459.36;473.28;487.20;501.12;515.04;528.96;542.88;556.80;570.72;584.64;598.56;612.48;626.40;640.32;
Basal;0.00;-0.17;-1.23;-2.92;-4.97;-7.15;-9.20;-11.09;-12.76;-14.29;-15.63;-16.82;-18.05;-19.45;-20.93;-22.29;-23.37;-24.06;-24.54;-25.23;-25.78;-25.84;-25.81;-25.96;-25.81;-25.05;-23.74;-22.12;-20.26;-18.28;-16.41;-14.99;-13.82;-12.74;-11.60;-10.00;-7.98;-6.01;-4.05;-2.39;-0.73;1.35;1.81;-1.29;-4.31;-3.73;-1.67;
Mid;0.00;-0.58;-1.99;-3.63;-5.71;-8.49;-11.32;-13.67;-15.73;-17.72;-19.58;-21.36;-23.12;-24.97;-26.76;-28.26;-29.53;-30.70;-31.69;-32.67;-33.45;-33.81;-34.01;-34.17;-34.08;-32.99;-31.57;-30.00;-28.27;-26.58;-24.84;-23.19;-21.71;-20.67;-19.60;-18.09;-16.15;-14.02;-11.49;-8.31;-5.09;-2.26;-1.26;-3.80;-6.16;-4.78;-2.10;
Apical;0.00;-1.90;-4.08;-6.03;-8.22;-10.96;-13.79;-16.41;-18.84;-21.34;-23.74;-26.07;-28.35;-30.78;-33.21;-35.41;-37.41;-39.23;-40.85;-42.51;-44.01;-45.14;-46.16;-47.16;-47.93;-46.44;-44.59;-42.49;-40.12;-37.34;-34.56;-32.42;-30.40;-28.34;-26.19;-23.74;-20.95;-18.06;-14.91;-11.50;-8.09;-4.98;-3.26;-3.95;-4.75;-3.32;-1.27;

----------------------------------------------------------


