PatientInformation
==========================================================
PatientID;No patientID
Name;,,
Date of Birth;
Sex;
Version;AutoStrainCap2 2.1.0.491925

Results
==========================================================
Global
----------------------------------------------------------
LaSr_ED;55.06;%
LaScd_ED;-25.67;%
LaSct_ED;-29.39;%
LaSr_AC;42.72;%
LaScd_AC;-19.92;%
LaSct_AC;-22.80;%
ED;0.00;ms
ES;402.45;ms
PreA;621.04;ms

Curves
==========================================================
Longitudinal Strain
Unit [%]
Time [ms];0.00;20.43;40.86;61.29;81.72;102.14;122.57;143.00;163.43;183.86;204.29;224.72;245.15;265.57;286.00;306.43;326.86;347.29;367.72;388.15;408.58;429.00;449.43;469.86;490.29;510.72;531.15;551.58;572.01;592.44;612.86;633.29;653.72;674.15;694.58;715.01;735.44;755.87;776.29;796.72;817.15;
LAS_ED;0.00;-0.62;0.99;5.39;11.45;16.02;19.50;23.02;26.23;30.10;34.14;37.84;40.68;42.52;43.65;44.69;46.39;49.55;52.75;54.67;54.95;53.14;48.68;40.76;33.12;29.32;27.66;26.92;26.74;27.53;28.88;30.12;31.35;32.43;33.37;34.06;32.90;26.54;18.10;9.95;3.95;
LAS_AC;-22.41;-22.89;-21.64;-18.23;-13.52;-9.98;-7.28;-4.54;-2.05;0.95;4.08;6.96;9.16;10.59;11.46;12.27;13.59;16.04;18.52;20.01;20.23;18.83;15.37;9.22;3.30;0.35;-0.94;-1.52;-1.65;-1.05;0.00;0.96;1.92;2.76;3.48;4.02;3.12;-1.81;-8.36;-14.68;-19.34;

----------------------------------------------------------


