PatientInformation
==========================================================
PatientID;No patientID
Name;,,
Date of Birth;
Sex;
Version;AutoStrainCap2 2.1.0.491925

Results
==========================================================
Global
----------------------------------------------------------
RVFWSL;-20.56;%
RV4CSL;-20.59;%
ED;0.00;ms
ES;251.27;ms

Curves
==========================================================
Longitudinal Strain
Unit [%]
Time [ms];0.00;20.43;40.86;61.29;81.72;102.14;122.57;143.00;163.43;183.86;204.29;224.72;245.15;265.57;286.00;306.43;326.86;347.29;367.72;388.15;408.58;429.00;449.43;469.86;490.29;510.72;531.15;551.58;572.01;592.44;612.86;633.29;653.72;674.15;694.58;715.01;735.44;755.87;776.29;796.72;817.15;
Basal;0.00;-1.59;-4.70;-7.83;-10.85;-13.79;-16.40;-18.72;-20.82;-22.72;-24.20;-24.89;-25.21;-25.68;-25.47;-23.61;-21.64;-21.03;-21.31;-21.67;-21.99;-21.96;-21.32;-20.19;-18.71;-17.48;-16.12;-14.76;-13.28;-11.71;-9.86;-7.56;-5.08;-2.53;-0.31;1.29;2.31;2.80;2.17;-0.18;-1.70;
Mid;0.00;-1.53;-4.32;-7.06;-9.58;-12.07;-14.21;-15.98;-17.45;-18.52;-19.26;-19.13;-18.79;-18.11;-16.83;-14.80;-12.75;-11.86;-11.69;-11.67;-12.05;-13.12;-13.83;-13.60;-12.97;-12.60;-11.87;-10.59;-9.04;-7.58;-6.05;-4.38;-2.62;-0.85;0.60;1.57;2.09;2.54;2.08;-0.27;-1.80;
Apical;0.00;-1.52;-4.42;-6.71;-8.53;-10.38;-11.89;-13.30;-14.56;-15.81;-16.82;-17.30;-17.51;-17.28;-16.55;-15.30;-13.95;-13.43;-13.34;-13.08;-12.96;-12.92;-12.61;-11.92;-10.97;-10.16;-9.11;-8.12;-6.85;-5.52;-4.19;-2.87;-1.60;-0.15;0.99;1.59;1.72;1.31;0.33;-1.02;-1.47;

----------------------------------------------------------


