PatientInformation
==========================================================
PatientID;No patientID
Name;,,
Date of Birth;
Sex;
Version;AutoStrainCap2 2.1.0.491925

Results
==========================================================
Global
----------------------------------------------------------
LaSr_ED;24.34;%
LaScd_ED;-28.43;%
LaSct_ED;4.10;%
LaSr_AC;25.38;%
LaScd_AC;-29.65;%
LaSct_AC;4.27;%
ED;0.00;ms
ES;350.78;ms
PreA;772.53;ms

Curves
==========================================================
Longitudinal Strain
Unit [%]
Time [ms];0.00;8.06;16.13;24.19;32.26;40.32;48.38;56.45;64.51;72.58;80.64;88.70;96.77;104.83;112.90;120.96;129.02;137.09;145.15;153.22;161.28;169.34;177.41;185.47;193.54;201.60;209.66;217.73;225.79;233.86;241.92;249.98;258.05;266.11;274.18;282.24;290.30;298.37;306.43;314.50;322.56;330.62;338.69;346.75;354.82;362.88;370.94;379.01;387.07;395.14;403.20;411.26;419.33;427.39;435.46;443.52;451.58;459.65;467.71;475.78;483.84;491.90;499.97;508.03;516.10;524.16;532.22;540.29;548.35;556.42;564.48;572.54;580.61;588.67;596.74;604.80;612.86;620.93;628.99;637.06;645.12;653.18;661.25;669.31;677.38;685.44;693.50;701.57;709.63;717.70;725.76;733.82;741.89;749.95;758.02;766.08;774.14;782.21;790.27;798.34;806.40;814.46;822.53;830.59;838.66;846.72;854.78;862.85;870.91;878.98;887.04;895.10;903.17;911.23;919.30;927.36;935.42;943.49;951.55;959.62;967.68;975.74;983.81;991.87;999.94;1008.00;1016.06;1024.13;1032.19;1040.26;1048.32;1056.38;1064.45;1072.51;1080.58;1088.64;1096.70;1104.77;1112.83;1120.90;1128.96;1137.02;1145.09;1153.15;1161.22;1169.28;1177.34;1185.41;
LAS_ED;0.00;-0.19;-2.19;-4.79;-6.91;-7.08;-4.70;-0.89;1.13;2.60;3.16;3.30;3.11;2.85;2.83;2.82;3.26;3.95;4.89;5.96;7.15;8.36;9.51;10.59;11.69;12.70;13.77;14.75;15.84;16.82;17.89;18.88;19.86;20.75;21.55;22.26;22.76;23.19;23.49;23.75;23.91;24.08;24.17;24.32;24.33;24.31;24.11;23.79;23.19;22.43;21.29;19.96;18.39;16.61;14.73;12.68;10.80;8.42;6.33;4.22;2.35;0.65;-0.77;-1.84;-2.66;-3.16;-3.42;-3.55;-3.53;-3.52;-3.39;-3.50;-3.53;-3.67;-3.79;-3.93;-4.09;-4.16;-4.36;-4.45;-4.57;-4.60;-4.66;-4.63;-4.67;-4.52;-4.46;-4.28;-4.19;-3.96;-3.90;-3.59;-3.82;-3.81;-3.97;-4.00;-4.11;-4.09;-4.15;-3.98;-3.91;-3.71;-3.64;-3.42;-3.47;-3.16;-3.65;-3.78;-4.13;-4.32;-4.57;-4.69;-4.84;-4.79;-4.75;-4.67;-4.56;-4.48;-4.33;-4.30;-4.14;-4.12;-4.02;-3.99;-3.94;-3.90;-3.88;-3.81;-3.78;-3.65;-3.60;-3.35;-3.28;-2.75;-2.83;-2.51;-2.44;-2.35;-2.49;-2.83;-3.40;-4.52;-5.65;-6.65;-7.20;-7.07;-6.00;-3.71;
LAS_AC;4.29;4.09;2.00;-0.70;-2.92;-3.10;-0.61;3.36;5.47;7.00;7.58;7.73;7.53;7.26;7.24;7.23;7.69;8.41;9.39;10.51;11.75;13.01;14.20;15.33;16.48;17.53;18.65;19.67;20.81;21.83;22.95;23.98;25.00;25.93;26.76;27.50;28.02;28.47;28.78;29.06;29.22;29.40;29.49;29.65;29.66;29.64;29.43;29.10;28.48;27.68;26.49;25.11;23.46;21.61;19.65;17.51;15.55;13.07;10.89;8.68;6.73;4.96;3.49;2.37;1.52;1.00;0.72;0.58;0.61;0.61;0.75;0.64;0.61;0.46;0.34;0.19;0.03;-0.05;-0.26;-0.36;-0.48;-0.51;-0.57;-0.54;-0.58;-0.43;-0.36;-0.18;-0.08;0.15;0.22;0.54;0.30;0.31;0.15;0.12;0.00;0.03;-0.04;0.14;0.21;0.42;0.49;0.73;0.67;0.99;0.48;0.35;-0.02;-0.21;-0.48;-0.61;-0.76;-0.71;-0.67;-0.59;-0.47;-0.38;-0.23;-0.20;-0.03;-0.01;0.09;0.12;0.18;0.22;0.24;0.31;0.35;0.48;0.54;0.80;0.87;1.42;1.34;1.67;1.74;1.84;1.69;1.34;0.74;-0.43;-1.60;-2.65;-3.22;-3.08;-1.96;0.42;

----------------------------------------------------------


