PatientInformation
==========================================================
PatientID;No patientID
Name;,,
Date of Birth;
Sex;
Version;AutoStrainCap2 2.1.0.491925

Results
==========================================================
Global
----------------------------------------------------------
RVFWSL;-23.60;%
RV4CSL;-20.73;%
ED;0.00;ms
ES;324.19;ms

Curves
==========================================================
Longitudinal Strain
Unit [%]
Time [ms];0.00;18.74;37.48;56.22;74.96;93.70;112.44;131.17;149.91;168.65;187.39;206.13;224.87;243.61;262.35;281.09;299.83;318.57;337.31;356.04;374.78;393.52;412.26;431.00;449.74;468.48;487.22;505.96;524.70;543.44;562.18;580.92;599.65;618.39;637.13;655.87;674.61;693.35;712.09;730.83;749.57;768.31;787.05;805.79;824.53;843.26;862.00;880.74;899.48;918.22;936.96;955.70;974.44;993.18;1011.92;1030.66;1049.40;1068.13;
Basal;0.00;-1.70;-2.45;-3.40;-4.61;-7.21;-10.33;-13.08;-15.74;-18.35;-20.87;-23.36;-25.63;-27.66;-29.40;-30.83;-31.82;-32.17;-31.63;-30.03;-27.61;-25.55;-23.44;-21.39;-18.92;-14.85;-10.47;-6.88;-3.99;-2.00;-0.55;0.66;1.55;1.93;1.96;1.80;1.43;0.95;0.56;0.41;0.54;1.00;1.38;1.33;1.06;0.76;0.49;0.17;0.07;0.30;0.61;0.81;0.84;0.69;0.55;0.60;0.64;0.54;
Mid;0.00;-1.14;-1.58;-2.48;-3.66;-5.86;-8.25;-9.80;-11.15;-12.48;-13.79;-15.31;-16.65;-17.71;-18.50;-19.16;-19.57;-19.69;-19.34;-18.58;-17.37;-16.46;-15.49;-14.42;-12.91;-9.91;-6.63;-4.16;-2.27;-1.13;-0.33;0.53;1.19;1.43;1.40;1.29;1.04;0.69;0.41;0.30;0.38;0.62;0.82;0.78;0.60;0.42;0.27;0.07;0.01;0.12;0.28;0.40;0.40;0.31;0.23;0.26;0.31;0.34;
Apical;0.00;-1.08;-1.51;-2.32;-3.36;-5.23;-7.24;-8.74;-10.19;-11.60;-12.94;-14.31;-15.48;-16.48;-17.26;-17.88;-18.29;-18.49;-18.18;-17.15;-15.54;-14.58;-13.65;-12.80;-11.74;-9.05;-6.13;-4.02;-2.35;-1.20;-0.34;0.38;0.89;1.16;1.23;1.20;1.02;0.75;0.51;0.38;0.43;0.69;0.92;0.89;0.70;0.49;0.30;0.11;0.07;0.18;0.37;0.51;0.53;0.46;0.36;0.40;0.46;0.46;

----------------------------------------------------------


