PatientInformation
==========================================================
PatientID;No patientID
Name;,,
Date of Birth;
Sex;
Version;AutoStrainCap2 2.1.0.491925

Results
==========================================================
Global
----------------------------------------------------------
LaSr_ED;31.23;%
LaScd_ED;-11.51;%
LaSct_ED;-19.72;%
LaSr_AC;26.07;%
LaScd_AC;-9.61;%
LaSct_AC;-16.46;%
ED;0.00;ms
ES;435.55;ms
PreA;719.51;ms

Curves
==========================================================
Longitudinal Strain
Unit [%]
Time [ms];0.00;21.35;42.70;64.05;85.40;106.75;128.10;149.45;170.80;192.15;213.50;234.85;256.20;277.56;298.91;320.26;341.61;362.96;384.31;405.66;427.01;448.36;469.71;491.06;512.41;533.76;555.11;576.46;597.81;619.16;640.51;661.86;683.21;704.56;725.91;747.26;768.61;789.96;811.32;832.67;854.02;875.37;896.72;918.07;939.42;960.77;982.12;
LAS_ED;0.00;2.92;7.07;8.84;9.96;11.63;13.85;16.79;19.52;20.72;21.82;23.74;26.05;28.89;30.48;30.87;30.30;30.37;30.79;31.06;31.21;31.09;29.94;27.38;24.23;21.42;19.50;18.13;17.65;17.13;16.94;17.82;18.89;19.46;19.80;19.97;20.46;21.85;23.26;23.98;24.92;27.21;27.43;21.86;14.36;7.91;3.15;
LAS_AC;-16.52;-14.09;-10.62;-9.15;-8.21;-6.82;-4.97;-2.51;-0.23;0.78;1.69;3.29;5.22;7.59;8.92;9.25;8.77;8.83;9.18;9.40;9.52;9.43;8.47;6.33;3.70;1.36;-0.25;-1.39;-1.79;-2.23;-2.38;-1.65;-0.76;-0.28;0.00;0.15;0.56;1.71;2.89;3.49;4.28;6.19;6.37;1.72;-4.54;-9.92;-13.90;

----------------------------------------------------------


