PatientInformation
==========================================================
PatientID;No patientID
Name;,,
Date of Birth;
Sex;
Version;AutoStrainCap2 2.1.0.491925

Results
==========================================================
Global
----------------------------------------------------------
RVFWSL;-12.57;%
RV4CSL;-15.03;%
ED;0.00;ms
ES;354.42;ms

Curves
==========================================================
Longitudinal Strain
Unit [%]
Time [ms];0.00;21.35;42.70;64.05;85.40;106.75;128.10;149.45;170.80;192.15;213.50;234.85;256.20;277.56;298.91;320.26;341.61;362.96;384.31;405.66;427.01;448.36;469.71;491.06;512.41;533.76;555.11;576.46;597.81;619.16;640.51;661.86;683.21;704.56;725.91;747.26;768.61;789.96;811.32;832.67;854.02;875.37;896.72;918.07;939.42;960.77;982.12;
Basal;0.00;-0.85;-0.99;2.14;5.32;5.24;3.16;0.31;-2.31;-3.42;-3.93;-4.66;-5.27;-6.02;-6.66;-7.17;-7.48;-7.96;-7.96;-7.21;-6.50;-6.79;-7.52;-8.38;-8.94;-8.74;-8.27;-8.00;-7.53;-6.74;-5.77;-5.08;-4.50;-3.93;-3.54;-3.49;-3.76;-4.34;-4.93;-5.25;-5.54;-6.18;-6.34;-5.21;-3.73;-2.83;-1.85;
Mid;0.00;0.32;1.01;3.58;5.77;5.12;2.72;-0.30;-3.27;-5.39;-7.04;-8.88;-10.37;-11.36;-12.10;-12.75;-13.18;-13.42;-12.95;-11.53;-10.19;-10.06;-10.42;-10.65;-10.63;-10.25;-9.67;-9.04;-8.22;-7.35;-6.31;-5.36;-4.61;-4.18;-3.95;-3.80;-3.85;-4.07;-4.30;-4.34;-4.36;-4.57;-4.66;-4.68;-4.38;-3.46;-2.07;
Apical;0.00;-0.89;-1.48;0.17;1.60;0.53;-2.11;-5.29;-8.46;-10.67;-12.27;-13.65;-14.43;-15.25;-15.87;-16.32;-16.42;-16.39;-15.68;-14.22;-12.78;-12.12;-11.84;-11.57;-11.26;-10.74;-10.18;-9.63;-8.94;-8.15;-7.24;-6.56;-6.07;-5.79;-5.68;-5.68;-5.83;-6.15;-6.47;-6.62;-6.76;-6.98;-6.84;-5.78;-4.42;-3.23;-1.90;

----------------------------------------------------------


