PatientInformation
==========================================================
PatientID;No patientID
Name;,,
Date of Birth;
Sex;
Version;AutoStrainCap2 2.1.0.491925

Results
==========================================================
Global
----------------------------------------------------------
LaSr_ED;12.44;%
LaScd_ED;-18.50;%
LaSct_ED;6.07;%
LaSr_AC;13.25;%
LaScd_AC;-19.71;%
LaSct_AC;6.46;%
ED;0.00;ms
ES;226.94;ms
PreA;762.42;ms

Curves
==========================================================
Longitudinal Strain
Unit [%]
Time [ms];0.00;11.18;22.36;33.54;44.72;55.90;67.08;78.25;89.43;100.61;111.79;122.97;134.15;145.33;156.51;167.69;178.87;190.05;201.23;212.40;223.58;234.76;245.94;257.12;268.30;279.48;290.66;301.84;313.02;324.20;335.38;346.56;357.73;368.91;380.09;391.27;402.45;413.63;424.81;435.99;447.17;458.35;469.53;480.71;491.88;503.06;514.24;525.42;536.60;547.78;558.96;570.14;581.32;592.50;603.68;614.86;626.04;637.21;648.39;659.57;670.75;681.93;693.11;704.29;715.47;726.65;737.83;749.01;760.19;771.36;782.54;793.72;804.90;816.08;827.26;838.44;849.62;860.80;871.98;883.16;894.34;905.52;916.69;927.87;939.05;950.23;961.41;972.59;983.77;994.95;1006.13;1017.31;1028.49;1039.67;1050.84;1062.02;1073.20;1084.38;1095.56;1106.74;1117.92;1129.10;1140.28;1151.46;1162.64;1173.82;1185.00;1196.17;1207.35;1218.53;1229.71;1240.89;1252.07;1263.25;1274.43;1285.61;
LAS_ED;0.00;-0.02;-0.63;-0.52;0.44;2.06;3.10;3.70;4.04;4.30;4.73;5.23;5.97;6.81;7.75;8.65;9.67;10.57;11.37;11.99;12.41;12.35;12.15;11.89;11.68;11.65;11.81;12.05;12.14;11.79;10.96;9.15;6.82;4.19;1.64;-0.44;-2.03;-3.02;-3.71;-4.22;-4.84;-5.63;-6.54;-7.22;-7.76;-7.81;-8.02;-7.84;-7.56;-7.22;-6.82;-6.93;-7.02;-7.20;-7.27;-7.35;-7.21;-7.07;-6.85;-6.71;-6.56;-6.55;-6.55;-6.62;-6.68;-6.67;-6.60;-6.39;-6.14;-5.74;-5.33;-5.01;-4.75;-4.44;-4.30;-4.09;-4.30;-4.46;-4.78;-5.10;-5.43;-5.80;-6.10;-6.30;-6.36;-6.25;-5.91;-5.45;-4.93;-4.47;-4.11;-4.00;-4.03;-4.19;-4.41;-4.62;-4.78;-4.87;-4.91;-4.91;-4.80;-4.61;-4.32;-4.05;-3.77;-3.59;-3.61;-3.76;-3.91;-4.15;-4.32;-4.57;-4.54;-4.28;-3.39;-2.08;
LAS_AC;6.54;6.51;5.86;5.98;7.01;8.73;9.84;10.47;10.84;11.12;11.58;12.11;12.90;13.79;14.79;15.75;16.84;17.79;18.65;19.31;19.76;19.70;19.48;19.20;18.99;18.94;19.12;19.37;19.47;19.10;18.22;16.28;13.80;11.00;8.29;6.07;4.37;3.32;2.58;2.04;1.38;0.53;-0.43;-1.15;-1.73;-1.78;-2.01;-1.82;-1.51;-1.15;-0.73;-0.85;-0.94;-1.14;-1.21;-1.29;-1.15;-0.99;-0.76;-0.61;-0.45;-0.45;-0.45;-0.52;-0.58;-0.57;-0.50;-0.28;0.00;0.42;0.86;1.20;1.47;1.81;1.95;2.18;1.95;1.78;1.44;1.11;0.75;0.36;0.04;-0.18;-0.24;-0.12;0.24;0.73;1.29;1.78;2.16;2.28;2.24;2.07;1.84;1.61;1.45;1.35;1.30;1.31;1.42;1.63;1.93;2.22;2.52;2.71;2.69;2.53;2.37;2.12;1.94;1.66;1.69;1.97;2.92;4.32;

----------------------------------------------------------


