PatientInformation
==========================================================
PatientID;No patientID
Name;,,
Date of Birth;
Sex;
Version;AutoStrainCap2 2.1.0.491925

Results
==========================================================
Global
----------------------------------------------------------
RVFWSL;-28.09;%
RV4CSL;-26.11;%
ED;0.00;ms
ES;309.20;ms

Curves
==========================================================
Longitudinal Strain
Unit [%]
Time [ms];0.00;9.37;18.74;28.11;37.48;46.85;56.22;65.59;74.96;84.33;93.70;103.07;112.44;121.80;131.17;140.54;149.91;159.28;168.65;178.02;187.39;196.76;206.13;215.50;224.87;234.24;243.61;252.98;262.35;271.72;281.09;290.46;299.83;309.20;318.57;327.94;337.31;346.68;356.04;365.41;374.78;384.15;393.52;402.89;412.26;421.63;431.00;440.37;449.74;459.11;468.48;477.85;487.22;496.59;505.96;515.33;524.70;534.07;543.44;552.81;562.18;571.55;580.92;590.28;599.65;
Basal;0.00;-1.40;-2.86;-4.70;-7.41;-10.25;-12.57;-13.83;-14.11;-13.69;-12.48;-11.34;-10.72;-11.40;-12.73;-14.34;-15.85;-17.26;-18.56;-19.97;-21.31;-22.66;-23.78;-24.90;-26.01;-27.31;-28.54;-29.63;-30.64;-31.46;-32.11;-32.38;-32.50;-32.57;-32.53;-32.44;-32.32;-32.02;-31.34;-29.90;-27.45;-24.47;-21.60;-19.36;-17.48;-15.65;-13.80;-11.81;-9.77;-7.81;-5.98;-4.31;-2.66;-1.08;0.46;1.86;3.11;4.15;4.88;5.25;5.18;4.68;3.80;2.63;1.32;
Mid;0.00;-1.20;-2.48;-4.08;-6.46;-8.93;-10.95;-12.05;-12.33;-12.11;-11.64;-11.32;-11.41;-12.27;-13.63;-15.30;-17.01;-18.69;-20.22;-21.22;-22.10;-23.02;-24.33;-25.66;-26.77;-27.57;-28.12;-28.54;-28.80;-29.09;-29.53;-30.68;-31.78;-32.55;-32.36;-31.79;-31.03;-30.36;-29.53;-28.37;-26.94;-25.14;-23.13;-20.73;-18.31;-15.79;-13.35;-10.85;-8.44;-6.34;-4.55;-3.13;-1.98;-1.01;-0.06;0.90;1.82;2.65;3.30;3.68;3.70;3.40;2.77;1.89;0.93;
Apical;0.00;-0.72;-1.56;-2.55;-4.12;-5.57;-6.57;-6.77;-6.33;-5.49;-4.21;-3.11;-2.46;-2.79;-3.68;-4.93;-6.26;-7.62;-8.83;-9.81;-10.60;-11.33;-12.07;-12.84;-13.49;-14.17;-14.75;-15.34;-16.12;-16.97;-17.81;-18.42;-18.79;-18.80;-18.63;-18.08;-17.31;-16.56;-15.72;-14.70;-13.32;-11.71;-10.04;-8.57;-6.95;-4.95;-2.48;0.09;2.42;4.01;5.01;5.44;5.66;5.66;5.71;5.85;6.11;6.34;6.41;6.21;5.64;4.78;3.63;2.32;1.07;

----------------------------------------------------------


