PatientInformation
==========================================================
PatientID;No patientID
Name;,,
Date of Birth;
Sex;
Version;AutoStrainCap2 2.1.0.491925

Results
==========================================================
Global
----------------------------------------------------------
LaSr_ED;16.69;%
LaScd_ED;-23.09;%
LaSct_ED;6.40;%
LaSr_AC;17.84;%
LaScd_AC;-24.69;%
LaSct_AC;6.85;%
ED;0.00;ms
ES;335.99;ms
PreA;488.01;ms

Curves
==========================================================
Longitudinal Strain
Unit [%]
Time [ms];0.00;11.02;22.03;33.05;44.06;55.08;66.10;77.11;88.13;99.14;110.16;121.18;132.19;143.21;154.22;165.24;176.26;187.27;198.29;209.30;220.32;231.34;242.35;253.37;264.38;275.40;286.42;297.43;308.45;319.46;330.48;341.50;352.51;363.53;374.54;385.56;396.58;407.59;418.61;429.62;440.64;451.66;462.67;473.69;484.70;495.72;506.74;517.75;528.77;539.78;550.80;561.82;572.83;583.85;594.86;605.88;616.90;627.91;
LAS_ED;0.00;-1.68;0.17;1.25;1.93;2.14;2.44;2.82;3.52;4.95;6.01;6.47;6.91;8.04;9.48;10.23;10.93;11.90;12.73;12.95;13.07;13.75;14.45;14.90;15.02;14.65;14.43;14.88;15.61;16.26;16.64;16.60;15.84;14.26;12.15;9.92;7.44;3.93;0.75;-1.26;-2.92;-4.80;-6.22;-6.70;-6.49;-6.24;-6.07;-5.92;-5.75;-5.31;-4.79;-4.54;-4.26;-3.68;-3.14;-2.78;-2.05;-0.72;
LAS_AC;6.94;5.14;7.12;8.27;8.99;9.22;9.55;9.96;10.70;12.23;13.37;13.86;14.32;15.53;17.08;17.87;18.63;19.66;20.55;20.78;20.92;21.64;22.38;22.87;23.00;22.60;22.37;22.85;23.62;24.33;24.72;24.68;23.87;22.19;19.93;17.54;14.89;11.14;7.74;5.59;3.81;1.80;0.29;-0.23;0.00;0.26;0.44;0.60;0.79;1.26;1.81;2.08;2.38;3.00;3.58;3.96;4.74;6.16;

----------------------------------------------------------


