PatientInformation
==========================================================
PatientID;No patientID
Name;,,
Date of Birth;
Sex;
Version;AutoStrainCap2 2.1.0.491925

Results
==========================================================
Global
----------------------------------------------------------
RVFWSL;-23.58;%
RV4CSL;-19.81;%
ED;0.00;ms
ES;328.87;ms

Curves
==========================================================
Longitudinal Strain
Unit [%]
Time [ms];0.00;15.23;30.45;45.68;60.90;76.13;91.35;106.58;121.80;137.03;152.26;167.48;182.71;197.93;213.16;228.38;243.61;258.84;274.06;289.29;304.51;319.74;334.96;350.19;365.41;380.64;395.87;411.09;426.32;441.54;456.77;471.99;487.22;502.45;517.67;532.90;548.12;563.35;578.57;593.80;609.02;624.25;639.48;654.70;669.93;685.15;700.38;715.60;730.83;
Basal;0.00;-1.55;-2.17;-1.70;-1.33;-2.45;-4.17;-5.67;-6.99;-8.31;-9.68;-11.36;-13.07;-14.51;-15.90;-17.39;-18.77;-19.92;-20.93;-21.91;-22.76;-23.45;-23.84;-23.53;-22.56;-21.02;-18.76;-15.63;-11.92;-7.85;-4.16;-1.61;-0.08;0.24;0.69;2.40;4.14;4.75;4.54;3.90;3.22;3.06;3.13;3.23;3.27;2.80;2.48;2.75;2.37;
Mid;0.00;-1.41;-2.07;-1.90;-1.84;-2.94;-4.68;-6.60;-8.47;-10.11;-11.68;-13.35;-15.01;-16.64;-18.19;-19.60;-20.87;-21.79;-22.54;-23.22;-23.65;-23.48;-22.96;-22.09;-20.68;-18.82;-16.50;-13.68;-10.61;-7.73;-5.21;-3.14;-1.72;-1.13;-0.35;1.45;3.26;4.17;4.30;3.77;3.05;2.43;2.02;1.93;1.86;1.55;1.45;1.94;1.74;
Apical;0.00;-1.43;-2.20;-2.14;-2.15;-3.18;-4.82;-6.65;-8.42;-10.06;-11.55;-13.10;-14.64;-16.10;-17.51;-18.82;-19.96;-20.81;-21.52;-22.16;-22.59;-22.63;-22.35;-21.57;-20.41;-18.91;-17.03;-14.50;-11.66;-8.78;-6.14;-3.92;-2.18;-1.20;-0.14;1.43;2.91;3.65;3.71;3.25;2.62;2.26;2.06;1.96;1.89;1.57;1.42;1.74;1.48;

----------------------------------------------------------


