PatientInformation
==========================================================
PatientID;No patientID
Name;,,
Date of Birth;
Sex;
Version;AutoStrainCap2 2.1.0.491925

Results
==========================================================
Global
----------------------------------------------------------
LaSr_ED;41.46;%
LaScd_ED;-23.04;%
LaSct_ED;-18.43;%
LaSr_AC;35.00;%
LaScd_AC;-19.44;%
LaSct_AC;-15.55;%
ED;0.00;ms
ES;435.13;ms
PreA;729.31;ms

Curves
==========================================================
Longitudinal Strain
Unit [%]
Time [ms];0.00;20.43;40.86;61.29;81.72;102.14;122.57;143.00;163.43;183.86;204.29;224.72;245.15;265.57;286.00;306.43;326.86;347.29;367.72;388.15;408.58;429.00;449.43;469.86;490.29;510.72;531.15;551.58;572.01;592.44;612.86;633.29;653.72;674.15;694.58;715.01;735.44;755.87;776.29;796.72;817.15;837.58;858.01;878.44;898.87;919.30;939.72;960.15;980.58;1001.01;
LAS_ED;0.00;-0.68;2.95;5.20;8.11;14.13;19.70;22.85;25.00;27.53;30.28;32.60;34.54;35.14;35.51;36.58;37.63;38.73;39.64;39.54;39.93;41.32;40.44;34.53;27.35;20.70;15.68;12.50;11.04;12.21;14.44;15.63;16.38;17.20;17.72;18.19;18.48;18.46;18.28;17.94;18.04;19.40;20.52;20.05;18.34;15.21;10.93;5.62;1.80;0.94;
LAS_AC;-15.60;-16.17;-13.11;-11.22;-8.75;-3.68;1.03;3.69;5.50;7.63;9.96;11.92;13.55;14.06;14.37;15.27;16.16;17.09;17.85;17.77;18.10;19.28;18.53;13.54;7.48;1.87;-2.37;-5.05;-6.29;-5.29;-3.42;-2.41;-1.78;-1.08;-0.64;-0.25;0.00;-0.02;-0.18;-0.46;-0.38;0.77;1.72;1.33;-0.12;-2.77;-6.38;-10.86;-14.09;-14.81;

----------------------------------------------------------


