PatientInformation
==========================================================
PatientID;No patientID
Name;,,
Date of Birth;
Sex;
Version;AutoStrainCap2 2.1.0.491925

Results
==========================================================
Global
----------------------------------------------------------
RVFWSL;-34.96;%
RV4CSL;-29.31;%
ED;0.00;ms
ES;363.42;ms

Curves
==========================================================
Longitudinal Strain
Unit [%]
Time [ms];0.00;10.12;20.25;30.37;40.49;50.62;60.74;70.86;80.99;91.11;101.23;111.36;121.48;131.60;141.72;151.85;161.97;172.09;182.22;192.34;202.46;212.59;222.71;232.83;242.96;253.08;263.20;273.33;283.45;293.57;303.70;313.82;323.94;334.07;344.19;354.31;364.44;374.56;384.68;394.80;404.93;415.05;425.17;435.30;445.42;455.54;465.67;475.79;485.91;496.04;506.16;516.28;526.41;536.53;546.65;556.78;566.90;577.02;587.15;597.27;607.39;617.51;627.64;637.76;647.88;658.01;668.13;678.25;688.38;698.50;708.62;718.75;728.87;738.99;749.12;759.24;769.36;779.49;789.61;799.73;809.86;819.98;830.10;840.23;850.35;860.47;870.59;880.72;890.84;900.96;911.09;921.21;931.33;941.46;951.58;961.70;971.83;981.95;992.07;1002.20;1012.32;1022.44;
Basal;0.00;-0.23;0.13;-0.29;-1.19;-2.28;-3.28;-4.26;-5.23;-6.20;-7.16;-8.16;-9.13;-10.10;-11.05;-12.00;-12.80;-13.62;-14.47;-15.41;-16.46;-18.00;-19.65;-21.40;-23.16;-24.92;-26.50;-27.97;-29.40;-30.92;-32.62;-34.58;-36.49;-38.00;-38.98;-39.16;-38.65;-37.48;-36.02;-34.44;-32.99;-31.63;-30.67;-29.59;-28.13;-26.01;-23.14;-19.71;-16.06;-12.65;-9.68;-7.47;-5.93;-5.05;-4.63;-4.62;-5.12;-5.80;-6.55;-7.26;-7.84;-8.05;-8.12;-8.13;-8.17;-8.27;-8.46;-8.72;-9.01;-9.29;-9.46;-9.47;-9.38;-9.27;-9.18;-9.18;-9.32;-9.56;-9.83;-10.12;-10.38;-10.59;-10.72;-10.71;-10.54;-10.16;-9.60;-8.79;-7.73;-6.40;-4.78;-2.80;-0.63;1.60;3.75;5.64;7.10;8.00;8.19;7.53;5.84;3.02;
Mid;0.00;0.07;0.69;0.28;-0.64;-1.78;-2.83;-3.88;-4.95;-6.05;-7.20;-8.56;-9.97;-11.41;-12.85;-14.28;-15.49;-16.66;-17.85;-19.02;-20.31;-21.46;-22.63;-23.69;-24.72;-25.65;-26.51;-27.23;-27.89;-28.52;-29.22;-30.08;-30.93;-31.64;-32.18;-32.65;-33.05;-33.30;-33.29;-33.05;-32.60;-32.19;-31.71;-31.00;-29.91;-28.28;-26.13;-23.51;-20.71;-18.00;-15.66;-13.83;-12.55;-11.70;-11.16;-10.78;-10.53;-10.29;-10.03;-9.77;-9.48;-9.17;-8.84;-8.54;-8.28;-8.10;-7.94;-7.87;-7.85;-7.88;-7.96;-8.08;-8.23;-8.38;-8.54;-8.67;-8.75;-8.82;-8.88;-8.94;-9.02;-9.12;-9.18;-9.14;-8.94;-8.53;-7.92;-7.07;-6.01;-4.78;-3.41;-2.00;-0.52;0.99;2.48;3.90;5.20;6.15;6.52;6.14;4.80;2.47;
Apical;0.00;-0.14;0.30;-0.03;-0.79;-1.76;-2.78;-3.88;-5.03;-6.19;-7.28;-8.42;-9.46;-10.48;-11.48;-12.55;-13.52;-14.57;-15.63;-16.71;-17.73;-18.96;-20.09;-21.16;-22.13;-23.03;-24.02;-24.97;-25.92;-26.90;-27.96;-29.17;-30.34;-31.35;-32.13;-32.61;-33.14;-33.25;-32.98;-32.40;-31.76;-31.39;-30.70;-29.87;-28.74;-27.06;-24.76;-22.01;-19.15;-16.44;-14.21;-12.59;-11.57;-10.93;-10.56;-10.34;-10.46;-10.60;-10.76;-10.92;-11.02;-10.87;-10.68;-10.49;-10.31;-10.15;-9.96;-9.81;-9.71;-9.63;-9.53;-9.37;-9.17;-8.97;-8.77;-8.59;-8.44;-8.31;-8.19;-8.08;-7.98;-7.93;-7.84;-7.67;-7.39;-6.97;-6.50;-5.87;-5.06;-4.11;-3.00;-1.80;-0.51;0.82;2.14;3.37;4.53;5.36;5.71;5.41;4.28;2.18;

----------------------------------------------------------


