PatientInformation
==========================================================
PatientID;No patientID
Name;,,
Date of Birth;
Sex;
Version;AutoStrainCap2 2.1.0.491925

Results
==========================================================
Global
----------------------------------------------------------
LaSr_ED;25.17;%
LaScd_ED;-15.88;%
LaSct_ED;-9.29;%
LaSr_AC;23.04;%
LaScd_AC;-14.54;%
LaSct_AC;-8.50;%
ED;0.00;ms
ES;326.44;ms
PreA;619.72;ms

Curves
==========================================================
Longitudinal Strain
Unit [%]
Time [ms];0.00;10.36;20.73;31.09;41.45;51.82;62.18;72.54;82.91;93.27;103.63;114.00;124.36;134.72;145.08;155.45;165.81;176.17;186.54;196.90;207.26;217.63;227.99;238.35;248.72;259.08;269.44;279.81;290.17;300.53;310.90;321.26;331.62;341.99;352.35;362.71;373.07;383.44;393.80;404.16;414.53;424.89;435.25;445.62;455.98;466.34;476.71;487.07;497.43;507.80;518.16;528.52;538.89;549.25;559.61;569.98;580.34;590.70;601.07;611.43;621.79;632.15;642.52;652.88;663.24;673.61;683.97;694.33;704.70;715.06;725.42;735.79;746.15;756.51;766.88;777.24;787.60;797.97;808.33;818.69;829.06;839.42;849.78;860.15;870.51;880.87;891.23;901.60;
LAS_ED;0.00;-0.15;-0.98;-0.87;0.19;1.64;2.74;3.69;4.51;4.88;5.31;5.90;6.68;8.10;9.69;11.35;12.97;13.99;14.92;15.68;16.56;17.34;18.29;19.32;20.27;21.46;22.50;23.42;24.30;24.71;25.08;25.15;25.12;24.74;24.36;23.98;23.82;23.85;24.10;24.39;24.69;24.82;24.82;24.68;24.24;23.41;22.31;20.98;19.61;18.02;16.53;15.15;14.04;12.96;12.17;11.53;11.04;10.46;9.98;9.54;9.23;9.06;9.00;9.04;9.15;9.27;9.43;9.62;9.85;10.12;10.36;10.49;10.53;10.27;9.91;9.38;8.74;7.92;6.98;5.89;4.70;3.26;1.92;0.69;-0.16;-1.02;-1.31;-1.07;
LAS_AC;-8.45;-8.59;-9.35;-9.25;-8.28;-6.96;-5.94;-5.08;-4.32;-3.99;-3.59;-3.06;-2.33;-1.04;0.41;1.93;3.42;4.35;5.21;5.90;6.71;7.42;8.29;9.23;10.10;11.19;12.14;12.98;13.80;14.17;14.51;14.57;14.54;14.19;13.85;13.50;13.35;13.38;13.61;13.88;14.14;14.27;14.27;14.14;13.73;12.98;11.97;10.75;9.50;8.04;6.67;5.42;4.40;3.41;2.69;2.10;1.65;1.12;0.68;0.28;0.00;-0.16;-0.22;-0.17;-0.08;0.03;0.17;0.35;0.57;0.81;1.03;1.15;1.18;0.95;0.62;0.13;-0.45;-1.20;-2.06;-3.06;-4.15;-5.47;-6.69;-7.82;-8.60;-9.39;-9.66;-9.44;

----------------------------------------------------------


