PatientInformation
==========================================================
PatientID;No patientID
Name;,,
Date of Birth;
Sex;
Version;AutoStrainCap2 2.1.0.491925

Results
==========================================================
Global
----------------------------------------------------------
RVFWSL;-24.42;%
RV4CSL;-24.27;%
ED;0.00;ms
ES;368.69;ms

Curves
==========================================================
Longitudinal Strain
Unit [%]
Time [ms];0.00;19.51;39.01;58.52;78.03;97.54;117.04;136.55;156.06;175.56;195.07;214.58;234.09;253.59;273.10;292.61;312.12;331.62;351.13;370.64;390.14;409.65;429.16;448.67;468.17;487.68;507.19;526.69;546.20;565.71;585.22;604.72;624.23;643.74;663.24;682.75;702.26;721.77;741.27;760.78;780.29;799.80;819.30;838.81;858.32;877.82;
Basal;0.00;-2.44;-4.14;-5.74;-7.52;-10.00;-12.50;-14.10;-15.45;-16.82;-17.95;-18.83;-19.62;-20.60;-21.63;-22.60;-23.29;-23.73;-23.92;-23.95;-23.84;-23.71;-23.45;-23.04;-22.60;-22.28;-21.98;-21.69;-20.79;-18.54;-16.17;-14.84;-13.97;-12.69;-11.68;-11.12;-10.83;-10.44;-9.93;-9.39;-8.62;-7.37;-5.34;-2.31;0.26;0.36;
Mid;0.00;-1.13;-2.00;-3.22;-4.49;-5.41;-6.49;-8.31;-10.06;-10.92;-11.52;-12.76;-13.90;-14.63;-15.15;-15.56;-15.77;-15.90;-15.88;-15.78;-15.60;-15.45;-15.22;-14.92;-14.67;-14.65;-14.73;-14.91;-14.53;-12.90;-11.05;-10.03;-9.36;-8.34;-7.61;-7.47;-7.72;-8.10;-8.34;-8.15;-7.77;-7.36;-6.29;-4.03;-1.76;-0.84;
Apical;0.00;-1.52;-2.62;-4.56;-6.94;-9.19;-11.53;-14.10;-16.70;-19.00;-21.12;-23.33;-25.27;-27.00;-28.34;-29.38;-29.99;-30.29;-30.35;-30.12;-29.58;-28.61;-27.37;-26.05;-24.73;-23.75;-23.01;-22.76;-22.00;-19.37;-16.70;-15.43;-14.63;-13.49;-12.45;-11.48;-10.75;-10.07;-9.55;-9.35;-9.16;-8.55;-7.17;-4.68;-2.03;-0.84;

----------------------------------------------------------


