PatientInformation
==========================================================
PatientID;No patientID
Name;,,
Date of Birth;
Sex;
Version;AutoStrainCap2 2.1.0.491925

Results
==========================================================
Global
----------------------------------------------------------
LaSr_ED;15.74;%
LaScd_ED;-19.81;%
LaSct_ED;4.07;%
LaSr_AC;16.36;%
LaScd_AC;-20.59;%
LaSct_AC;4.23;%
ED;0.00;ms
ES;329.47;ms
PreA;661.25;ms

Curves
==========================================================
Longitudinal Strain
Unit [%]
Time [ms];0.00;23.04;46.08;69.12;92.16;115.20;138.24;161.28;184.32;207.36;230.40;253.44;276.48;299.52;322.56;345.60;368.64;391.68;414.72;437.76;460.80;483.84;506.88;529.92;552.96;576.00;599.04;622.08;645.12;668.16;691.20;714.24;737.28;760.32;783.36;806.40;829.44;852.48;875.52;898.56;921.60;944.64;967.68;
LAS_ED;0.00;1.21;2.41;4.15;5.65;6.63;7.84;10.02;12.56;14.13;15.11;15.28;15.19;15.37;15.70;15.51;13.92;9.77;4.16;-1.36;-5.85;-7.35;-7.06;-6.44;-5.52;-5.09;-4.89;-4.65;-4.58;-3.82;-3.30;-3.87;-4.21;-3.96;-3.65;-4.23;-4.69;-4.37;-3.67;-3.19;-2.82;-2.72;-2.14;
LAS_AC;3.97;5.23;6.47;8.28;9.84;10.86;12.11;14.38;17.02;18.66;19.67;19.85;19.76;19.94;20.29;20.09;18.44;14.12;8.29;2.55;-2.11;-3.68;-3.38;-2.73;-1.77;-1.33;-1.12;-0.86;-0.79;0.00;0.54;-0.06;-0.41;-0.15;0.17;-0.44;-0.91;-0.58;0.15;0.65;1.03;1.14;1.74;

----------------------------------------------------------


