PatientInformation
==========================================================
PatientID;No patientID
Name;,,
Date of Birth;
Sex;
Version;AutoStrainCap2 2.1.0.491925

Results
==========================================================
Global
----------------------------------------------------------
GLS(3P);-13.71;%
GLS(4Ch);-16.86;%
GLS(2Ch);-16.03;%
GLS(3Ch);-8.24;%
ED;0.00;ms
ES;354.40;ms

Results
==========================================================
Longitudinal Strain
T2P
Minimum
----------------------------------------------------------
Segment 0 [mean];361.52;ms
----------------------------------------------------------
Segment 1 [ant];598.24;ms
Segment 2 [ant/sept];66.13;ms
Segment 3 [inf/sept];363.70;ms
Segment 4 [inf];410.19;ms
Segment 5 [inf/lat];359.56;ms
Segment 6 [ant/lat];360.60;ms
----------------------------------------------------------
Segment 7 [ant];393.66;ms
Segment 8 [ant/sept];693.30;ms
Segment 9 [inf/sept];283.11;ms
Segment 10 [inf];353.36;ms
Segment 11 [inf/lat];277.94;ms
Segment 12 [ant/lat];286.20;ms
----------------------------------------------------------
Segment 13 [ant];386.43;ms
Segment 14 [ant/sept];371.96;ms
Segment 15 [inf/sept];354.40;ms
Segment 16 [inf];300.67;ms
Segment 17 [inf/lat];278.97;ms
Segment 18 [ant/lat];368.86;ms
----------------------------------------------------------


Results
==========================================================
Longitudinal Strain
End-systolic

----------------------------------------------------------
Segment 0 [mean];-13.52;%
----------------------------------------------------------
Segment 1 [ant];2.25;%
Segment 2 [ant/sept];1.97;%
Segment 3 [inf/sept];-10.45;%
Segment 4 [inf];-15.17;%
Segment 5 [inf/lat];-13.55;%
Segment 6 [ant/lat];-18.39;%
----------------------------------------------------------
Segment 7 [ant];-12.80;%
Segment 8 [ant/sept];0.93;%
Segment 9 [inf/sept];-13.53;%
Segment 10 [inf];-22.30;%
Segment 11 [inf/lat];-17.66;%
Segment 12 [ant/lat];-8.72;%
----------------------------------------------------------
Segment 13 [ant];-29.00;%
Segment 14 [ant/sept];-4.20;%
Segment 15 [inf/sept];-21.63;%
Segment 16 [inf];-20.17;%
Segment 17 [inf/lat];-13.69;%
Segment 18 [ant/lat];-27.25;%
----------------------------------------------------------


Results
==========================================================
Longitudinal Strain
Peak-systolic

----------------------------------------------------------
Segment 0 [mean];-14.90;%
----------------------------------------------------------
Segment 1 [ant];0.00;%
Segment 2 [ant/sept];-4.18;%
Segment 3 [inf/sept];-10.45;%
Segment 4 [inf];-15.17;%
Segment 5 [inf/lat];-13.55;%
Segment 6 [ant/lat];-18.39;%
----------------------------------------------------------
Segment 7 [ant];-12.80;%
Segment 8 [ant/sept];0.00;%
Segment 9 [inf/sept];-17.20;%
Segment 10 [inf];-22.30;%
Segment 11 [inf/lat];-20.30;%
Segment 12 [ant/lat];-13.80;%
----------------------------------------------------------
Segment 13 [ant];-29.25;%
Segment 14 [ant/sept];-4.21;%
Segment 15 [inf/sept];-21.63;%
Segment 16 [inf];-22.12;%
Segment 17 [inf/lat];-15.60;%
Segment 18 [ant/lat];-27.25;%
----------------------------------------------------------


Curves
==========================================================
Longitudinal Strain
Unit [%]
Time [ms];0.00;10.33;20.66;31.00;41.33;51.66;61.99;72.33;82.66;92.99;103.32;113.66;123.99;134.32;144.65;154.98;165.32;175.65;185.98;196.31;206.65;216.98;227.31;237.64;247.98;258.31;268.64;278.97;289.30;299.64;309.97;320.30;330.63;340.97;351.30;361.63;371.96;382.30;392.63;402.96;413.29;423.62;433.96;444.29;454.62;464.95;475.29;485.62;495.95;506.28;516.62;526.95;537.28;547.61;557.94;568.28;578.61;588.94;599.27;609.61;619.94;630.27;640.60;650.94;661.27;671.60;681.93;692.26;702.60;712.93;723.26;733.59;743.93;754.26;764.59;774.92;785.26;795.59;
Total;0.00;0.64;1.08;1.34;1.15;0.64;-0.03;-0.77;-1.54;-2.30;-3.09;-3.81;-4.50;-5.12;-5.71;-6.26;-6.84;-7.44;-8.10;-8.75;-9.38;-9.94;-10.42;-10.89;-11.33;-11.81;-12.22;-12.54;-12.73;-12.81;-12.88;-13.03;-13.21;-13.53;-13.69;-13.65;-13.33;-12.71;-11.75;-10.56;-9.16;-7.52;-5.67;-3.80;-2.13;-0.91;-0.36;-0.18;-0.20;-0.18;-0.13;-0.02;0.12;0.25;0.34;0.33;0.25;0.17;0.15;0.22;0.38;0.59;0.82;1.03;1.21;1.36;1.47;1.54;1.57;1.55;1.45;1.27;1.00;0.67;0.31;0.03;-0.06;-0.04;
Segment 1;0.00;1.54;2.98;3.95;4.77;5.39;5.62;5.62;4.95;4.25;3.55;3.21;3.16;3.24;3.43;3.73;3.92;4.00;3.58;2.98;2.40;2.09;2.22;2.36;2.53;1.99;1.43;0.90;0.70;0.89;1.17;1.56;1.73;1.92;2.15;2.57;3.20;3.94;4.66;5.24;6.00;6.95;8.31;9.50;10.18;9.85;7.81;5.61;3.06;1.70;0.54;-0.39;-1.50;-3.27;-4.88;-6.53;-7.74;-8.53;-8.79;-8.30;-7.14;-5.67;-4.10;-2.84;-1.71;-0.70;0.13;0.75;1.11;1.17;0.86;0.28;-0.50;-1.64;-2.69;-3.36;-3.21;-1.80;
Segment 2;0.00;-1.77;-2.77;-2.97;-3.38;-3.83;-4.15;-4.14;-3.94;-3.66;-3.40;-3.13;-2.82;-2.43;-2.01;-1.62;-1.31;-1.05;-0.84;-0.64;-0.44;-0.22;0.01;0.24;0.46;0.65;0.84;1.04;1.31;1.57;1.77;1.82;1.81;1.82;1.92;2.14;2.49;3.04;3.63;4.14;4.40;4.55;4.66;4.85;5.05;5.19;5.18;5.13;5.10;5.17;5.30;5.48;5.70;5.91;6.09;6.18;6.23;6.26;6.30;6.36;6.44;6.56;6.68;6.81;6.91;7.00;7.02;6.99;6.88;6.72;6.52;6.21;5.68;4.78;3.81;2.94;2.32;1.50;
Segment 3;0.00;1.98;2.50;2.02;2.36;2.83;3.56;3.97;4.14;4.24;4.21;4.16;3.97;3.65;2.99;2.27;1.53;0.91;0.34;-0.11;-0.52;-0.84;-1.09;-1.33;-1.59;-1.88;-2.34;-2.99;-3.72;-4.54;-5.33;-6.62;-7.11;-9.22;-10.09;-11.21;-10.93;-10.36;-9.69;-9.31;-9.39;-9.49;-9.16;-8.12;-6.66;-5.27;-4.31;-3.48;-2.78;-2.43;-2.30;-2.26;-2.19;-2.13;-2.16;-2.41;-2.84;-3.28;-3.63;-3.73;-3.77;-3.75;-3.78;-3.81;-3.85;-3.93;-3.97;-3.95;-3.80;-3.56;-3.36;-3.27;-3.31;-3.35;-3.19;-2.78;-2.07;-1.13;
Segment 4;0.00;0.17;0.16;0.13;-0.04;-0.41;-0.92;-1.44;-1.99;-2.40;-2.85;-3.17;-3.49;-3.77;-3.93;-4.17;-4.22;-4.39;-4.64;-4.99;-5.36;-5.68;-5.96;-6.22;-6.46;-6.73;-7.04;-7.40;-7.96;-8.74;-9.65;-10.86;-11.99;-13.41;-14.73;-16.29;-17.92;-19.28;-20.41;-21.10;-21.21;-20.50;-18.26;-15.01;-11.32;-8.06;-6.30;-4.98;-4.63;-4.84;-5.51;-6.07;-5.78;-4.43;-2.69;-1.03;-0.04;0.52;0.76;0.78;0.65;0.46;0.35;0.49;0.83;1.25;1.89;2.56;3.17;3.70;3.66;3.66;3.37;3.07;2.57;2.19;1.74;0.58;
Segment 5;0.00;-2.00;-0.68;5.13;6.09;4.55;2.61;1.12;0.29;-0.14;-1.02;-1.51;-2.46;-2.93;-3.69;-4.16;-4.48;-4.69;-4.76;-4.77;-4.63;-4.56;-4.55;-4.64;-4.84;-5.24;-5.78;-6.31;-6.77;-7.32;-8.22;-9.83;-11.53;-12.91;-13.45;-13.64;-13.32;-13.60;-13.48;-13.55;-13.31;-13.15;-12.77;-12.21;-11.50;-10.76;-9.76;-8.74;-7.65;-6.55;-5.55;-4.69;-4.22;-3.95;-3.82;-3.89;-3.97;-4.06;-4.07;-3.96;-3.56;-2.97;-2.17;-1.62;-1.32;-1.39;-1.60;-1.96;-2.35;-2.77;-2.91;-3.01;-3.02;-2.79;-2.31;-1.29;0.26;1.19;
Segment 6;0.00;1.51;1.31;1.01;0.44;0.17;-0.25;-0.96;-1.95;-2.95;-3.74;-4.37;-4.77;-5.30;-5.84;-6.59;-7.52;-8.55;-9.72;-10.77;-11.63;-12.29;-12.89;-13.48;-14.06;-14.59;-14.99;-15.27;-15.40;-15.51;-15.73;-16.11;-16.30;-17.46;-18.17;-18.63;-17.27;-14.85;-12.01;-8.91;-5.85;-2.94;-0.19;2.11;4.05;5.37;5.61;5.51;5.28;5.18;5.21;5.32;5.53;5.71;5.80;5.68;5.37;5.03;4.74;4.68;4.56;4.50;3.99;3.59;3.04;2.78;2.56;2.52;2.75;3.13;3.53;3.73;3.67;3.39;2.82;1.95;1.05;0.17;
Segment 7;0.00;1.63;2.49;2.61;2.22;1.53;0.68;-0.15;-0.68;-1.19;-1.65;-2.25;-2.88;-3.46;-3.95;-4.29;-4.64;-5.01;-5.55;-6.18;-6.89;-7.63;-8.34;-9.06;-9.65;-10.24;-10.70;-11.08;-11.34;-11.46;-11.55;-11.69;-11.94;-12.32;-12.69;-13.05;-13.32;-13.48;-13.59;-13.48;-13.08;-11.85;-9.58;-6.58;-3.60;-1.57;-0.99;-1.17;-1.55;-1.97;-2.15;-2.09;-1.66;-0.87;-0.19;0.34;0.11;-0.31;-0.80;-1.09;-1.18;-1.22;-1.10;-1.31;-1.35;-1.64;-1.83;-2.06;-2.42;-2.71;-3.13;-3.59;-4.21;-5.11;-5.83;-6.03;-5.20;-2.87;
Segment 8;0.00;0.52;0.88;1.08;1.28;1.56;1.84;1.97;2.04;2.05;2.02;1.98;1.96;1.95;1.97;1.97;1.95;1.87;1.80;1.72;1.66;1.62;1.57;1.52;1.47;1.47;1.45;1.40;1.27;1.11;0.99;0.94;0.95;0.97;0.94;0.93;0.93;0.84;0.72;0.53;0.28;-0.04;-0.32;-0.44;-0.49;-0.51;-0.51;-0.50;-0.50;-0.53;-0.58;-0.61;-0.61;-0.61;-0.61;-0.61;-0.62;-0.65;-0.72;-0.81;-0.89;-1.00;-1.11;-1.23;-1.31;-1.39;-1.45;-1.49;-1.48;-1.47;-1.33;-1.24;-1.14;-1.21;-1.24;-1.22;-0.92;-0.51;
Segment 9;0.00;0.59;0.56;0.19;-0.48;-1.16;-1.94;-2.79;-3.73;-4.81;-5.95;-7.13;-8.25;-9.05;-9.62;-9.94;-10.51;-11.21;-12.13;-13.02;-13.80;-14.48;-15.07;-15.67;-16.23;-16.72;-17.05;-17.18;-17.14;-16.76;-16.13;-15.25;-14.51;-14.11;-13.71;-12.98;-11.94;-10.40;-8.50;-6.15;-3.53;-1.04;1.14;2.85;4.14;5.09;5.36;5.46;5.31;5.31;5.17;5.13;5.19;5.39;5.55;5.55;5.38;5.13;4.90;4.73;4.60;4.50;4.42;4.36;4.28;4.18;4.08;4.04;4.12;4.26;4.44;4.54;4.55;4.41;3.93;3.07;2.00;1.00;
Segment 10;0.00;1.24;1.65;1.23;0.53;-0.33;-1.40;-2.39;-3.47;-4.43;-5.46;-6.55;-7.71;-8.86;-9.93;-10.96;-11.91;-12.90;-13.90;-14.93;-15.96;-16.97;-17.94;-18.86;-19.74;-20.46;-21.11;-21.52;-21.62;-21.44;-21.19;-21.18;-21.55;-22.07;-22.29;-22.18;-21.63;-20.69;-19.61;-17.98;-16.27;-14.22;-12.30;-10.48;-8.90;-7.75;-6.93;-6.32;-5.51;-4.24;-2.68;-1.22;-0.51;-0.86;-1.60;-2.25;-2.52;-2.54;-2.52;-2.52;-2.51;-2.51;-2.53;-2.56;-2.65;-2.61;-2.60;-2.58;-2.58;-2.77;-2.96;-3.49;-4.14;-5.37;-6.56;-7.25;-6.57;-3.64;
Segment 11;0.00;2.32;4.02;2.25;1.57;0.84;-0.19;-1.30;-2.52;-3.79;-5.27;-6.76;-8.03;-8.80;-9.41;-9.94;-10.94;-11.90;-13.03;-14.10;-15.25;-16.31;-17.27;-18.12;-18.87;-19.59;-20.14;-20.29;-20.01;-19.39;-18.80;-18.21;-17.79;-17.56;-17.65;-17.54;-16.68;-14.35;-11.07;-7.20;-3.82;-0.68;1.75;2.98;3.42;3.34;2.98;2.43;1.79;1.21;0.68;0.33;0.18;0.13;0.05;-0.19;-0.46;-0.74;-0.84;-0.82;-0.60;-0.22;0.29;0.82;1.30;1.68;1.93;2.03;1.96;1.65;0.97;0.20;-0.49;-0.87;-1.00;-0.90;-0.75;-0.50;
Segment 12;0.00;1.40;1.63;1.09;0.57;-0.06;-0.70;-1.44;-2.23;-3.03;-3.90;-4.79;-5.68;-6.41;-7.07;-7.68;-8.28;-8.92;-9.53;-10.22;-10.91;-11.63;-12.21;-12.75;-13.19;-13.49;-13.70;-13.77;-13.79;-13.54;-13.21;-12.51;-11.82;-10.65;-9.33;-7.39;-7.23;-7.50;-7.39;-6.37;-4.36;-2.02;-0.11;0.93;1.39;1.41;1.20;0.79;0.23;0.02;-0.11;-0.03;0.11;0.39;0.71;0.98;1.17;1.29;1.41;1.50;1.57;1.54;1.54;1.44;1.34;1.21;1.13;1.07;1.04;1.02;1.08;1.17;1.26;1.28;1.14;0.91;0.51;0.18;
Segment 13;0.00;0.12;0.10;-0.24;-0.90;-1.87;-3.08;-4.40;-5.82;-7.26;-8.75;-10.09;-11.37;-12.64;-13.90;-15.22;-16.50;-17.77;-18.97;-20.13;-21.24;-22.31;-23.34;-24.29;-25.21;-26.13;-27.01;-27.80;-28.43;-28.86;-29.14;-29.25;-29.16;-29.02;-28.96;-29.16;-29.50;-29.74;-29.71;-29.29;-28.22;-26.34;-23.23;-19.32;-15.30;-11.85;-9.56;-7.90;-6.62;-5.25;-3.81;-2.40;-1.20;-0.38;0.17;0.48;0.72;0.85;0.98;1.15;1.38;1.64;1.95;2.28;2.66;2.96;3.08;3.07;2.96;2.84;2.77;2.59;2.37;1.88;1.31;0.68;0.11;-0.07;
Segment 14;0.00;2.50;4.35;4.00;4.25;4.41;4.42;4.22;3.95;3.59;3.27;2.87;2.48;2.10;1.75;1.38;0.94;0.48;0.06;-0.36;-0.76;-1.14;-1.48;-1.77;-2.05;-2.35;-2.65;-2.91;-3.28;-3.61;-3.84;-4.01;-4.11;-4.21;-4.20;-4.24;-4.28;-4.21;-4.02;-3.78;-3.51;-3.13;-2.59;-2.11;-1.69;-1.44;-1.30;-1.34;-1.48;-1.65;-1.79;-1.88;-1.93;-1.93;-1.89;-1.90;-1.89;-1.84;-1.73;-1.57;-1.40;-1.22;-1.06;-0.98;-0.99;-1.09;-1.20;-1.26;-1.34;-1.46;-1.67;-1.84;-1.96;-1.87;-1.75;-1.54;-1.40;-1.03;
Segment 15;0.00;0.58;-0.10;-1.00;-1.33;-1.47;-1.86;-2.85;-4.36;-6.05;-7.74;-9.33;-10.73;-11.98;-13.04;-14.00;-14.83;-15.61;-16.24;-16.78;-17.12;-17.37;-17.63;-18.02;-18.51;-18.98;-19.44;-19.85;-20.14;-20.33;-20.38;-20.59;-20.93;-21.31;-21.62;-21.53;-21.11;-19.88;-17.70;-14.56;-10.61;-6.09;-1.33;3.25;7.25;9.98;11.07;11.01;10.49;9.86;9.31;8.78;8.31;7.87;7.40;6.76;5.94;5.13;4.45;3.99;3.72;3.61;3.62;3.72;3.88;4.13;4.38;4.60;4.70;4.71;4.64;4.53;4.33;4.01;3.57;3.00;2.24;1.19;
Segment 16;0.00;-0.24;-0.41;-0.34;-0.75;-1.69;-2.77;-4.01;-5.03;-6.12;-7.18;-8.40;-9.66;-10.92;-12.15;-13.28;-14.38;-15.42;-16.41;-17.34;-18.16;-18.83;-19.35;-19.78;-20.23;-20.77;-21.30;-21.75;-22.03;-22.12;-22.06;-21.84;-21.58;-21.09;-20.49;-19.15;-17.29;-15.33;-13.35;-12.27;-11.04;-9.73;-8.28;-6.54;-4.70;-2.88;-0.97;0.49;2.20;3.39;4.58;5.51;5.92;5.86;5.40;4.89;4.76;4.84;5.08;5.29;5.46;5.70;5.99;6.53;7.05;7.63;8.08;8.40;8.63;8.70;8.62;8.51;8.07;7.89;7.39;6.66;5.32;2.41;
Segment 17;0.00;-1.21;-0.21;2.64;3.17;2.41;1.14;0.19;-0.67;-1.41;-2.19;-2.98;-3.93;-5.08;-6.31;-7.38;-8.22;-8.88;-9.62;-10.50;-11.49;-12.43;-13.20;-13.85;-14.41;-15.03;-15.47;-15.60;-15.48;-15.08;-14.65;-14.23;-13.99;-13.85;-13.74;-13.56;-13.27;-12.71;-11.78;-10.28;-8.43;-6.26;-4.15;-1.92;-0.21;0.72;0.55;-0.25;-1.25;-2.04;-2.57;-2.79;-2.66;-2.32;-1.89;-1.53;-1.18;-0.79;-0.35;0.18;0.79;1.46;2.15;2.86;3.49;4.03;4.39;4.52;4.37;3.97;3.24;2.43;1.71;1.33;1.22;1.27;1.64;1.46;
Segment 18;0.00;0.85;0.90;0.34;-0.71;-2.04;-3.55;-5.01;-6.37;-7.65;-8.65;-9.26;-9.72;-10.13;-10.63;-11.20;-11.90;-12.95;-14.11;-15.19;-16.36;-17.43;-18.50;-19.54;-20.54;-21.39;-21.90;-22.10;-22.10;-22.33;-22.73;-23.53;-24.56;-25.85;-27.03;-27.55;-27.62;-26.95;-25.23;-23.15;-20.64;-17.43;-14.13;-11.05;-8.45;-6.42;-4.75;-3.91;-3.75;-4.07;-4.59;-5.03;-4.93;-4.43;-3.72;-2.96;-2.23;-1.54;-0.96;-0.54;-0.18;0.12;0.27;0.37;0.43;0.42;0.41;0.42;0.58;0.87;1.21;1.65;2.13;2.46;2.54;2.28;1.73;1.02;

----------------------------------------------------------


Curves
==========================================================
Longitudinal Strain Rate
Unit [1/s]
Time [ms];0.00;10.33;20.66;31.00;41.33;51.66;61.99;72.33;82.66;92.99;103.32;113.66;123.99;134.32;144.65;154.98;165.32;175.65;185.98;196.31;206.65;216.98;227.31;237.64;247.98;258.31;268.64;278.97;289.30;299.64;309.97;320.30;330.63;340.97;351.30;361.63;371.96;382.30;392.63;402.96;413.29;423.62;433.96;444.29;454.62;464.95;475.29;485.62;495.95;506.28;516.62;526.95;537.28;547.61;557.94;568.28;578.61;588.94;599.27;609.61;619.94;630.27;640.60;650.94;661.27;671.60;681.93;692.26;702.60;712.93;723.26;733.59;743.93;754.26;764.59;774.92;785.26;795.59;
Segment 1;1.49;1.47;1.17;0.85;0.71;0.41;0.14;-0.34;-0.71;-0.70;-0.52;-0.17;0.03;0.13;0.25;0.25;0.16;-0.16;-0.53;-0.60;-0.46;-0.07;0.15;0.20;-0.17;-0.58;-0.55;-0.38;0.02;0.25;0.34;0.27;0.16;0.19;0.30;0.52;0.68;0.72;0.62;0.63;0.81;1.14;1.29;0.95;0.26;-1.22;-2.13;-2.38;-1.93;-1.15;-1.00;-0.92;-1.42;-1.68;-1.59;-1.42;-0.96;-0.53;0.09;0.83;1.31;1.51;1.38;1.14;1.04;0.89;0.71;0.48;0.21;-0.12;-0.45;-0.65;-0.94;-1.11;-0.87;-0.31;0.78;1.64;
Segment 2;-1.82;-1.40;-0.50;-0.24;-0.45;-0.40;-0.16;0.12;0.25;0.27;0.25;0.27;0.34;0.40;0.40;0.34;0.27;0.23;0.20;0.19;0.20;0.22;0.23;0.22;0.19;0.18;0.18;0.23;0.26;0.23;0.12;0.01;-0.01;0.05;0.15;0.27;0.44;0.57;0.55;0.38;0.19;0.11;0.14;0.20;0.17;0.06;-0.04;-0.05;0.02;0.10;0.15;0.19;0.21;0.19;0.13;0.07;0.03;0.03;0.05;0.06;0.10;0.12;0.12;0.12;0.10;0.05;-0.00;-0.07;-0.13;-0.17;-0.24;-0.39;-0.70;-0.94;-0.92;-0.70;-0.62;-1.14;
Segment 3;2.12;1.28;-0.15;-0.14;0.44;0.60;0.59;0.26;0.12;0.03;-0.04;-0.10;-0.23;-0.48;-0.69;-0.71;-0.66;-0.58;-0.49;-0.41;-0.36;-0.27;-0.23;-0.24;-0.26;-0.35;-0.54;-0.68;-0.76;-0.74;-1.08;-0.77;-1.29;-1.54;-0.96;-0.45;0.51;0.62;0.55;0.13;-0.15;0.07;0.67;1.26;1.43;1.14;0.84;0.76;0.52;0.21;0.06;0.05;0.07;0.03;-0.13;-0.34;-0.44;-0.40;-0.21;-0.06;-0.01;0.00;-0.03;-0.03;-0.07;-0.07;-0.01;0.08;0.19;0.23;0.15;0.02;-0.06;0.04;0.27;0.54;0.81;1.02;
Segment 4;0.19;0.08;-0.02;-0.08;-0.27;-0.44;-0.50;-0.53;-0.46;-0.42;-0.38;-0.30;-0.30;-0.20;-0.20;-0.14;-0.08;-0.21;-0.30;-0.35;-0.34;-0.29;-0.26;-0.24;-0.24;-0.28;-0.31;-0.43;-0.66;-0.81;-1.04;-1.13;-1.23;-1.33;-1.38;-1.58;-1.46;-1.21;-0.90;-0.41;0.23;1.41;2.73;3.45;3.50;2.42;1.44;0.83;0.04;-0.46;-0.68;-0.19;0.82;1.56;1.72;1.30;0.72;0.38;0.11;-0.06;-0.17;-0.17;0.01;0.25;0.37;0.52;0.65;0.62;0.59;0.23;-0.04;-0.14;-0.29;-0.39;-0.44;-0.34;-0.83;-0.90;
Segment 5;-2.36;-0.68;4.05;3.77;-0.65;-1.86;-1.72;-1.12;-0.53;-0.64;-0.66;-0.70;-0.70;-0.58;-0.63;-0.36;-0.25;-0.14;-0.04;0.07;0.12;0.04;-0.04;-0.14;-0.28;-0.47;-0.53;-0.47;-0.46;-0.66;-1.23;-1.67;-1.55;-0.93;-0.34;0.13;0.02;-0.11;0.04;0.08;0.20;0.24;0.46;0.62;0.69;0.84;0.99;1.02;1.07;1.02;0.92;0.65;0.34;0.19;0.02;-0.08;-0.08;-0.06;0.03;0.24;0.48;0.70;0.68;0.42;0.11;-0.15;-0.28;-0.36;-0.41;-0.27;-0.10;-0.07;0.10;0.32;0.69;1.31;1.40;-0.16;
Segment 6;1.72;0.62;-0.35;-0.44;-0.42;-0.29;-0.54;-0.84;-0.99;-0.88;-0.70;-0.48;-0.44;-0.52;-0.61;-0.82;-0.95;-1.08;-1.10;-0.93;-0.73;-0.60;-0.58;-0.57;-0.54;-0.46;-0.33;-0.19;-0.10;-0.14;-0.32;-0.21;-0.67;-0.98;-0.65;0.37;1.93;2.59;2.90;3.01;2.89;2.76;2.46;2.06;1.63;0.74;0.01;-0.18;-0.18;-0.02;0.06;0.16;0.20;0.15;-0.01;-0.22;-0.33;-0.32;-0.16;-0.08;-0.06;-0.28;-0.46;-0.47;-0.40;-0.22;-0.14;0.09;0.31;0.40;0.31;0.07;-0.16;-0.40;-0.71;-0.87;-0.92;-0.52;
Segment 7;1.68;1.25;0.46;-0.16;-0.55;-0.76;-0.84;-0.66;-0.48;-0.47;-0.51;-0.61;-0.59;-0.52;-0.40;-0.32;-0.33;-0.44;-0.58;-0.65;-0.71;-0.70;-0.70;-0.64;-0.57;-0.51;-0.40;-0.31;-0.17;-0.10;-0.10;-0.18;-0.31;-0.37;-0.36;-0.32;-0.21;-0.14;-0.01;0.21;0.74;1.70;2.62;3.00;2.52;1.25;0.11;-0.31;-0.41;-0.30;-0.07;0.22;0.63;0.74;0.63;0.15;-0.36;-0.46;-0.40;-0.17;-0.06;0.06;-0.05;-0.12;-0.15;-0.25;-0.18;-0.30;-0.32;-0.33;-0.42;-0.50;-0.76;-0.83;-0.50;0.23;1.56;2.62;
Segment 8;0.53;0.44;0.26;0.18;0.23;0.28;0.20;0.09;0.04;-0.01;-0.04;-0.03;-0.01;0.01;0.01;-0.01;-0.05;-0.07;-0.08;-0.07;-0.05;-0.05;-0.05;-0.05;-0.03;-0.00;-0.03;-0.09;-0.14;-0.15;-0.08;-0.01;0.02;-0.01;-0.02;0.00;-0.04;-0.10;-0.15;-0.21;-0.28;-0.30;-0.20;-0.08;-0.03;-0.01;0.01;0.01;-0.02;-0.04;-0.04;-0.02;0.00;0.00;0.00;-0.00;-0.02;-0.05;-0.08;-0.08;-0.09;-0.11;-0.12;-0.09;-0.08;-0.07;-0.05;-0.01;0.00;0.07;0.12;0.10;0.01;-0.06;-0.02;0.15;0.36;0.45;
Segment 9;0.66;0.29;-0.22;-0.52;-0.66;-0.71;-0.79;-0.86;-0.98;-1.08;-1.13;-1.14;-0.94;-0.66;-0.39;-0.41;-0.62;-0.79;-0.90;-0.81;-0.70;-0.61;-0.57;-0.57;-0.52;-0.41;-0.22;-0.05;0.20;0.50;0.76;0.82;0.54;0.34;0.53;0.85;1.24;1.67;2.06;2.44;2.51;2.28;1.89;1.44;1.11;0.58;0.15;-0.04;-0.08;-0.06;-0.10;0.01;0.13;0.19;0.09;-0.09;-0.22;-0.24;-0.19;-0.15;-0.11;-0.08;-0.07;-0.06;-0.09;-0.10;-0.07;0.01;0.12;0.16;0.14;0.06;-0.05;-0.28;-0.65;-0.96;-1.02;-0.96;
Segment 10;1.31;0.85;-0.05;-0.58;-0.76;-0.95;-1.01;-1.00;-0.99;-0.95;-1.03;-1.09;-1.13;-1.08;-1.02;-0.95;-0.93;-0.96;-0.98;-1.00;-0.99;-0.96;-0.91;-0.88;-0.78;-0.67;-0.53;-0.25;0.05;0.24;0.16;-0.18;-0.48;-0.39;-0.06;0.31;0.75;0.96;1.32;1.63;1.83;1.95;1.81;1.67;1.33;0.94;0.66;0.64;1.00;1.41;1.52;1.12;0.15;-0.60;-0.72;-0.45;-0.12;0.01;0.01;0.01;0.01;-0.01;-0.03;-0.07;-0.02;0.04;0.01;0.03;-0.10;-0.17;-0.35;-0.55;-0.91;-1.25;-0.98;-0.13;1.79;3.34;
Segment 11;2.28;2.21;-0.16;-1.44;-0.55;-0.86;-1.05;-1.13;-1.20;-1.33;-1.46;-1.38;-0.98;-0.64;-0.51;-0.74;-0.97;-1.01;-1.07;-1.07;-1.08;-0.98;-0.88;-0.77;-0.71;-0.63;-0.36;0.06;0.47;0.61;0.58;0.50;0.33;0.04;-0.06;0.39;1.53;2.77;3.55;3.56;3.16;2.76;1.77;0.76;0.14;-0.23;-0.45;-0.59;-0.60;-0.54;-0.43;-0.24;-0.08;-0.04;-0.16;-0.26;-0.28;-0.19;-0.04;0.11;0.30;0.44;0.51;0.50;0.42;0.31;0.17;0.02;-0.17;-0.49;-0.73;-0.73;-0.52;-0.24;-0.00;0.14;0.18;0.36;
Segment 12;1.52;0.84;-0.24;-0.56;-0.55;-0.61;-0.67;-0.75;-0.77;-0.81;-0.85;-0.87;-0.79;-0.67;-0.61;-0.58;-0.61;-0.60;-0.63;-0.67;-0.69;-0.63;-0.54;-0.48;-0.36;-0.25;-0.14;-0.05;0.11;0.27;0.51;0.67;0.89;1.17;1.71;1.10;-0.21;-0.16;0.51;1.51;2.19;2.13;1.44;0.69;0.21;-0.11;-0.30;-0.51;-0.38;-0.15;-0.03;0.12;0.20;0.30;0.30;0.22;0.15;0.12;0.10;0.08;0.01;-0.02;-0.05;-0.10;-0.11;-0.11;-0.07;-0.04;-0.03;0.02;0.08;0.10;0.07;-0.06;-0.18;-0.31;-0.37;-0.24;
Segment 13;0.13;0.07;-0.16;-0.49;-0.79;-1.07;-1.23;-1.34;-1.38;-1.43;-1.38;-1.26;-1.23;-1.22;-1.25;-1.26;-1.23;-1.20;-1.14;-1.10;-1.05;-1.02;-0.96;-0.90;-0.89;-0.88;-0.81;-0.69;-0.51;-0.34;-0.19;-0.00;0.13;0.11;-0.06;-0.28;-0.31;-0.12;0.20;0.70;1.38;2.42;3.47;3.92;3.70;2.78;1.86;1.38;1.26;1.37;1.39;1.29;0.98;0.66;0.40;0.26;0.18;0.12;0.14;0.19;0.23;0.28;0.31;0.35;0.34;0.21;0.05;-0.07;-0.12;-0.08;-0.11;-0.19;-0.34;-0.53;-0.58;-0.61;-0.38;-0.03;
Segment 14;2.48;2.27;0.63;-0.21;0.27;0.09;-0.09;-0.23;-0.31;-0.33;-0.35;-0.39;-0.38;-0.35;-0.34;-0.39;-0.44;-0.43;-0.41;-0.40;-0.38;-0.35;-0.30;-0.27;-0.28;-0.30;-0.26;-0.30;-0.35;-0.27;-0.19;-0.12;-0.10;-0.04;-0.01;-0.06;0.01;0.13;0.21;0.25;0.30;0.46;0.51;0.44;0.33;0.19;0.05;-0.10;-0.16;-0.15;-0.11;-0.07;-0.02;0.02;0.02;-0.00;0.03;0.08;0.13;0.16;0.17;0.17;0.12;0.03;-0.06;-0.11;-0.08;-0.06;-0.09;-0.16;-0.19;-0.15;-0.01;0.11;0.17;0.16;0.19;0.69;
Segment 15;0.75;-0.04;-0.90;-0.61;-0.17;-0.21;-0.65;-1.24;-1.58;-1.65;-1.60;-1.45;-1.28;-1.11;-0.97;-0.87;-0.78;-0.69;-0.57;-0.42;-0.27;-0.24;-0.31;-0.43;-0.47;-0.45;-0.43;-0.34;-0.24;-0.10;-0.10;-0.28;-0.36;-0.36;-0.12;0.22;0.76;1.64;2.59;3.45;4.13;4.53;4.57;4.22;3.33;1.84;0.42;-0.35;-0.58;-0.58;-0.52;-0.48;-0.43;-0.43;-0.53;-0.72;-0.81;-0.73;-0.55;-0.35;-0.18;-0.05;0.06;0.13;0.20;0.25;0.24;0.16;0.05;-0.03;-0.09;-0.14;-0.25;-0.37;-0.48;-0.64;-0.88;-1.10;
Segment 16;-0.24;-0.22;-0.01;-0.11;-0.69;-1.00;-1.15;-1.10;-1.00;-1.04;-1.10;-1.21;-1.22;-1.21;-1.14;-1.07;-1.04;-0.98;-0.93;-0.85;-0.73;-0.57;-0.45;-0.41;-0.48;-0.53;-0.49;-0.36;-0.17;-0.01;0.14;0.23;0.36;0.49;0.91;1.60;1.87;1.98;1.48;1.04;1.24;1.32;1.54;1.76;1.77;1.84;1.62;1.54;1.42;1.13;1.07;0.66;0.16;-0.28;-0.52;-0.32;-0.00;0.17;0.23;0.18;0.19;0.24;0.41;0.53;0.54;0.51;0.37;0.27;0.15;-0.01;-0.08;-0.29;-0.30;-0.30;-0.59;-0.89;-2.14;-2.69;
Segment 17;-1.47;-0.24;2.19;1.85;-0.26;-1.09;-1.11;-0.85;-0.77;-0.73;-0.75;-0.83;-1.02;-1.18;-1.13;-0.92;-0.71;-0.65;-0.79;-0.92;-0.95;-0.83;-0.68;-0.57;-0.58;-0.54;-0.27;-0.00;0.26;0.42;0.42;0.32;0.17;0.11;0.13;0.21;0.40;0.70;1.18;1.64;1.97;2.08;2.13;1.96;1.32;0.36;-0.53;-0.93;-0.89;-0.64;-0.37;-0.04;0.25;0.39;0.39;0.34;0.35;0.40;0.47;0.55;0.62;0.66;0.68;0.65;0.57;0.45;0.24;-0.01;-0.26;-0.56;-0.77;-0.77;-0.55;-0.22;-0.04;0.24;0.21;-0.83;
Segment 18;0.93;0.47;-0.27;-0.80;-1.17;-1.40;-1.46;-1.36;-1.29;-1.13;-0.77;-0.50;-0.41;-0.43;-0.52;-0.59;-0.85;-1.11;-1.08;-1.09;-1.09;-1.03;-1.02;-0.99;-0.92;-0.67;-0.34;-0.06;-0.09;-0.30;-0.58;-0.89;-1.14;-1.26;-0.84;-0.29;0.25;1.19;1.88;2.19;2.79;3.21;3.11;2.77;2.23;1.81;1.24;0.46;-0.11;-0.44;-0.51;-0.18;0.31;0.61;0.73;0.73;0.69;0.63;0.48;0.37;0.32;0.22;0.11;0.08;0.02;-0.01;-0.01;0.08;0.22;0.31;0.38;0.46;0.41;0.22;-0.09;-0.41;-0.60;-0.85;

----------------------------------------------------------


Curves
==========================================================
Global Strain A2C
Unit [%]
Time [ms];0.00;10.33;20.66;31.00;41.33;51.66;61.99;72.33;82.66;92.99;103.32;113.66;123.99;134.32;144.65;154.98;165.32;175.65;185.98;196.31;206.65;216.98;227.31;237.64;247.98;258.31;268.64;278.97;289.30;299.64;309.97;320.30;330.63;340.97;351.30;361.63;371.96;382.30;392.63;402.96;413.29;423.62;433.96;444.29;454.62;464.95;475.29;485.62;495.95;506.28;516.62;526.95;537.28;547.61;557.94;568.28;578.61;588.94;599.27;609.61;619.94;630.27;640.60;650.94;661.27;671.60;681.93;692.26;702.60;712.93;723.26;733.59;743.93;754.26;764.59;774.92;785.26;795.59;
Total;0.00;0.74;1.18;1.26;1.02;0.50;-0.23;-1.04;-1.92;-2.78;-3.66;-4.48;-5.26;-6.00;-6.66;-7.28;-7.87;-8.49;-9.23;-10.01;-10.78;-11.46;-12.02;-12.54;-13.01;-13.62;-14.18;-14.68;-15.01;-15.18;-15.30;-15.41;-15.61;-15.82;-15.99;-16.02;-15.89;-15.60;-15.18;-14.67;-13.83;-12.48;-10.43;-7.93;-5.46;-3.57;-2.71;-2.29;-2.13;-1.84;-1.50;-1.13;-0.81;-0.70;-0.69;-0.75;-0.88;-0.96;-0.99;-0.89;-0.64;-0.33;0.05;0.41;0.80;1.15;1.47;1.70;1.83;1.83;1.65;1.33;0.83;0.13;-0.62;-1.17;-1.30;-0.89;

----------------------------------------------------------


Curves
==========================================================
Global Strain Rate A2C
Unit [1/s]
Time [ms];0.00;10.33;20.66;31.00;41.33;51.66;61.99;72.33;82.66;92.99;103.32;113.66;123.99;134.32;144.65;154.98;165.32;175.65;185.98;196.31;206.65;216.98;227.31;237.64;247.98;258.31;268.64;278.97;289.30;299.64;309.97;320.30;330.63;340.97;351.30;361.63;371.96;382.30;392.63;402.96;413.29;423.62;433.96;444.29;454.62;464.95;475.29;485.62;495.95;506.28;516.62;526.95;537.28;547.61;557.94;568.28;578.61;588.94;599.27;609.61;619.94;630.27;640.60;650.94;661.27;671.60;681.93;692.26;702.60;712.93;723.26;733.59;743.93;754.26;764.59;774.92;785.26;795.59;
Total;0.76;0.59;0.25;-0.08;-0.37;-0.62;-0.76;-0.83;-0.84;-0.84;-0.82;-0.77;-0.74;-0.68;-0.62;-0.58;-0.58;-0.66;-0.74;-0.76;-0.71;-0.60;-0.52;-0.47;-0.52;-0.58;-0.52;-0.41;-0.24;-0.13;-0.10;-0.15;-0.21;-0.19;-0.10;0.04;0.21;0.35;0.44;0.62;1.03;1.65;2.25;2.47;2.18;1.32;0.57;0.25;0.20;0.31;0.35;0.35;0.21;0.05;-0.03;-0.10;-0.11;-0.06;0.03;0.17;0.28;0.34;0.36;0.36;0.36;0.33;0.27;0.17;0.07;-0.08;-0.24;-0.39;-0.59;-0.73;-0.66;-0.35;0.13;0.66;

----------------------------------------------------------


Curves
==========================================================
Global Strain A3C
Unit [%]
Time [ms];0.00;10.33;20.66;31.00;41.33;51.66;61.99;72.33;82.66;92.99;103.32;113.66;123.99;134.32;144.65;154.98;165.32;175.65;185.98;196.31;206.65;216.98;227.31;237.64;247.98;258.31;268.64;278.97;289.30;299.64;309.97;320.30;330.63;340.97;351.30;361.63;371.96;382.30;392.63;402.96;413.29;423.62;433.96;444.29;454.62;464.95;475.29;485.62;495.95;506.28;516.62;526.95;537.28;547.61;557.94;568.28;578.61;588.94;599.27;609.61;619.94;630.27;640.60;650.94;661.27;671.60;681.93;692.26;702.60;712.93;723.26;733.59;743.93;754.26;764.59;774.92;785.26;795.59;
Total;0.00;0.02;0.92;2.13;2.29;1.74;0.97;0.32;-0.19;-0.64;-1.20;-1.73;-2.30;-2.73;-3.18;-3.56;-3.96;-4.33;-4.72;-5.11;-5.51;-5.88;-6.22;-6.52;-6.80;-7.14;-7.43;-7.60;-7.65;-7.60;-7.61;-7.75;-7.95;-8.15;-8.23;-8.19;-7.89;-7.34;-6.48;-5.44;-4.43;-3.43;-2.49;-1.68;-1.08;-0.73;-0.62;-0.68;-0.80;-0.87;-0.88;-0.82;-0.71;-0.57;-0.45;-0.43;-0.42;-0.40;-0.33;-0.18;0.06;0.39;0.78;1.11;1.37;1.51;1.55;1.51;1.37;1.12;0.80;0.44;0.10;-0.14;-0.24;-0.13;0.22;0.39;

----------------------------------------------------------


Curves
==========================================================
Global Strain Rate A3C
Unit [1/s]
Time [ms];0.00;10.33;20.66;31.00;41.33;51.66;61.99;72.33;82.66;92.99;103.32;113.66;123.99;134.32;144.65;154.98;165.32;175.65;185.98;196.31;206.65;216.98;227.31;237.64;247.98;258.31;268.64;278.97;289.30;299.64;309.97;320.30;330.63;340.97;351.30;361.63;371.96;382.30;392.63;402.96;413.29;423.62;433.96;444.29;454.62;464.95;475.29;485.62;495.95;506.28;516.62;526.95;537.28;547.61;557.94;568.28;578.61;588.94;599.27;609.61;619.94;630.27;640.60;650.94;661.27;671.60;681.93;692.26;702.60;712.93;723.26;733.59;743.93;754.26;764.59;774.92;785.26;795.59;
Total;-0.11;0.42;1.16;0.73;-0.25;-0.69;-0.71;-0.55;-0.45;-0.49;-0.53;-0.54;-0.49;-0.42;-0.40;-0.37;-0.38;-0.36;-0.38;-0.39;-0.37;-0.34;-0.31;-0.28;-0.30;-0.32;-0.23;-0.10;0.01;0.03;-0.07;-0.18;-0.21;-0.14;-0.03;0.16;0.41;0.69;0.94;1.00;0.97;0.95;0.85;0.69;0.46;0.22;0.01;-0.10;-0.10;-0.04;0.03;0.09;0.12;0.13;0.07;0.01;0.01;0.04;0.10;0.19;0.28;0.35;0.36;0.29;0.19;0.09;0.00;-0.09;-0.19;-0.28;-0.34;-0.35;-0.28;-0.17;-0.01;0.24;0.31;-0.12;

----------------------------------------------------------


Curves
==========================================================
Global Strain A4C
Unit [%]
Time [ms];0.00;10.33;20.66;31.00;41.33;51.66;61.99;72.33;82.66;92.99;103.32;113.66;123.99;134.32;144.65;154.98;165.32;175.65;185.98;196.31;206.65;216.98;227.31;237.64;247.98;258.31;268.64;278.97;289.30;299.64;309.97;320.30;330.63;340.97;351.30;361.63;371.96;382.30;392.63;402.96;413.29;423.62;433.96;444.29;454.62;464.95;475.29;485.62;495.95;506.28;516.62;526.95;537.28;547.61;557.94;568.28;578.61;588.94;599.27;609.61;619.94;630.27;640.60;650.94;661.27;671.60;681.93;692.26;702.60;712.93;723.26;733.59;743.93;754.26;764.59;774.92;785.26;795.59;
Total;0.00;1.17;1.15;0.63;0.14;-0.31;-0.84;-1.58;-2.49;-3.47;-4.39;-5.22;-5.96;-6.63;-7.30;-7.96;-8.69;-9.50;-10.35;-11.14;-11.85;-12.47;-13.04;-13.61;-14.17;-14.66;-15.06;-15.35;-15.53;-15.66;-15.74;-15.93;-16.06;-16.62;-16.85;-16.74;-16.21;-15.19;-13.61;-11.58;-9.22;-6.64;-4.08;-1.79;0.17;1.56;2.24;2.44;2.33;2.19;1.99;1.87;1.89;2.02;2.16;2.17;2.05;1.89;1.76;1.72;1.70;1.71;1.63;1.57;1.47;1.42;1.38;1.40;1.52;1.70;1.89;2.04;2.08;2.02;1.79;1.39;0.90;0.39;

----------------------------------------------------------


Curves
==========================================================
Global Strain Rate A4C
Unit [1/s]
Time [ms];0.00;10.33;20.66;31.00;41.33;51.66;61.99;72.33;82.66;92.99;103.32;113.66;123.99;134.32;144.65;154.98;165.32;175.65;185.98;196.31;206.65;216.98;227.31;237.64;247.98;258.31;268.64;278.97;289.30;299.64;309.97;320.30;330.63;340.97;351.30;361.63;371.96;382.30;392.63;402.96;413.29;423.62;433.96;444.29;454.62;464.95;475.29;485.62;495.95;506.28;516.62;526.95;537.28;547.61;557.94;568.28;578.61;588.94;599.27;609.61;619.94;630.27;640.60;650.94;661.27;671.60;681.93;692.26;702.60;712.93;723.26;733.59;743.93;754.26;764.59;774.92;785.26;795.59;
Total;1.31;0.58;-0.36;-0.52;-0.44;-0.46;-0.61;-0.81;-0.93;-0.93;-0.85;-0.75;-0.68;-0.65;-0.64;-0.67;-0.75;-0.81;-0.80;-0.73;-0.64;-0.57;-0.55;-0.55;-0.52;-0.43;-0.33;-0.23;-0.14;-0.09;-0.14;-0.13;-0.35;-0.44;-0.06;0.30;0.74;1.26;1.76;2.13;2.42;2.52;2.36;2.07;1.65;1.00;0.40;0.02;-0.14;-0.17;-0.17;-0.05;0.08;0.15;0.08;-0.06;-0.15;-0.15;-0.08;-0.02;0.00;-0.03;-0.07;-0.08;-0.08;-0.04;-0.01;0.07;0.15;0.19;0.17;0.10;-0.01;-0.14;-0.31;-0.44;-0.50;-0.43;

----------------------------------------------------------


