PatientInformation
==========================================================
PatientID;No patientID
Name;,,
Date of Birth;
Sex;
Version;AutoStrainCap2 2.1.0.491925

Results
==========================================================
Global
----------------------------------------------------------
RVFWSL;-24.07;%
RV4CSL;-19.36;%
ED;0.00;ms
ES;359.90;ms

Curves
==========================================================
Longitudinal Strain
Unit [%]
Time [ms];0.00;11.04;22.08;33.12;44.16;55.20;66.24;77.28;88.32;99.36;110.40;121.44;132.48;143.52;154.56;165.60;176.64;187.68;198.72;209.76;220.80;231.84;242.88;253.92;264.96;276.00;287.04;298.08;309.12;320.16;331.20;342.24;353.28;364.32;375.36;386.40;397.44;408.48;419.52;430.56;441.60;452.64;463.68;474.72;485.76;496.80;507.84;518.88;529.92;540.96;552.00;563.04;574.08;585.12;596.16;607.20;618.24;629.28;640.32;651.36;662.40;673.44;684.48;
Basal;0.00;1.75;1.61;-0.99;-2.72;-3.67;-4.11;-4.45;-4.79;-5.30;-6.29;-7.54;-8.98;-10.67;-12.30;-13.84;-15.02;-16.09;-17.07;-18.08;-19.09;-20.16;-21.34;-22.48;-23.51;-24.21;-24.83;-25.45;-26.37;-27.35;-28.42;-29.30;-29.82;-29.55;-27.88;-25.22;-22.04;-19.13;-16.28;-13.64;-10.70;-8.24;-6.13;-5.32;-4.62;-4.10;-2.98;-2.01;-1.27;-1.24;-1.33;-0.98;0.30;1.91;3.01;3.20;2.65;2.05;1.57;1.26;0.77;-0.09;-0.60;
Mid;0.00;1.58;0.69;-2.81;-4.31;-4.61;-4.37;-4.35;-4.53;-5.07;-6.18;-7.67;-9.35;-11.25;-13.04;-14.68;-15.87;-16.89;-17.75;-18.60;-19.39;-20.19;-20.99;-21.76;-22.48;-23.08;-23.58;-23.91;-23.93;-23.83;-23.80;-24.07;-24.16;-23.79;-22.40;-20.21;-17.51;-14.72;-11.96;-9.39;-6.97;-4.97;-3.34;-2.43;-1.68;-1.14;-0.41;0.14;0.62;0.76;0.87;1.08;1.55;2.07;2.34;2.27;1.82;1.38;0.98;0.68;0.19;-0.67;-1.05;
Apical;0.00;1.62;1.56;-0.93;-2.17;-2.55;-2.48;-2.42;-2.48;-2.80;-3.57;-4.65;-5.95;-7.47;-8.95;-10.32;-11.33;-12.19;-12.92;-13.66;-14.37;-15.10;-15.93;-16.74;-17.46;-17.92;-18.23;-18.41;-18.67;-18.81;-18.84;-18.57;-17.92;-17.16;-15.45;-13.07;-10.35;-7.83;-5.52;-3.60;-2.02;-0.91;-0.07;0.25;0.57;0.79;1.18;1.45;1.66;1.61;1.55;1.68;2.19;2.81;3.15;3.07;2.59;2.09;1.62;1.23;0.73;-0.02;-0.46;

----------------------------------------------------------


