PatientInformation
==========================================================
PatientID;No patientID
Name;,,
Date of Birth;
Sex;
Version;AutoStrainCap2 2.1.0.491925

Results
==========================================================
Global
----------------------------------------------------------
RVFWSL;-32.89;%
RV4CSL;-21.52;%
ED;0.00;ms
ES;338.33;ms

Curves
==========================================================
Longitudinal Strain
Unit [%]
Time [ms];0.00;11.28;22.56;33.83;45.11;56.39;67.67;78.94;90.22;101.50;112.78;124.05;135.33;146.61;157.89;169.16;180.44;191.72;203.00;214.27;225.55;236.83;248.11;259.38;270.66;281.94;293.22;304.50;315.77;327.05;338.33;349.61;360.88;372.16;383.44;394.72;405.99;417.27;428.55;439.83;451.10;462.38;473.66;484.94;496.21;507.49;518.77;530.05;541.32;552.60;563.88;575.16;586.44;597.71;608.99;620.27;631.55;642.82;654.10;665.38;676.66;687.93;699.21;710.49;721.77;733.04;744.32;755.60;766.88;778.15;789.43;800.71;811.99;823.26;834.54;845.82;857.10;868.38;879.65;890.93;902.21;913.49;924.76;936.04;947.32;958.60;969.87;981.15;992.43;1003.71;1014.98;1026.26;1037.54;1048.82;1060.09;1071.37;1082.65;1093.93;1105.20;1116.48;1127.76;1139.04;1150.32;
Basal;0.00;-2.63;-5.26;-7.60;-9.62;-11.17;-12.26;-12.96;-13.35;-13.68;-13.85;-14.32;-14.75;-15.35;-16.01;-16.83;-17.94;-19.15;-20.35;-21.49;-22.49;-23.11;-23.71;-24.45;-25.51;-27.01;-29.31;-31.77;-34.01;-35.61;-35.91;-34.69;-32.32;-29.04;-25.11;-20.80;-16.75;-12.75;-8.94;-5.46;-2.53;0.04;2.04;3.65;4.94;6.00;6.78;7.38;7.83;8.13;8.36;8.68;8.97;9.21;9.39;9.56;9.57;9.57;9.54;9.51;9.46;9.44;9.40;9.39;9.37;9.35;9.35;9.35;9.40;9.45;9.63;9.63;9.76;9.85;9.98;10.00;10.14;10.16;10.21;10.22;10.28;10.35;10.46;10.57;10.69;10.77;10.81;10.82;10.86;10.91;11.03;11.29;11.59;11.85;12.04;12.05;11.86;11.37;10.57;9.37;7.72;5.43;2.77;
Mid;0.00;-1.87;-3.82;-5.52;-6.91;-7.93;-8.74;-9.28;-9.67;-10.05;-10.49;-11.24;-12.11;-13.10;-14.09;-15.07;-15.95;-16.77;-17.51;-18.25;-18.94;-19.93;-21.01;-22.35;-24.01;-26.14;-28.77;-31.57;-34.14;-36.06;-36.75;-35.67;-33.38;-30.18;-26.33;-22.21;-18.40;-14.68;-11.04;-7.72;-4.80;-2.43;-0.53;0.97;2.21;3.24;4.18;4.97;5.62;6.08;6.41;6.61;6.71;6.70;6.66;6.56;6.44;6.29;6.15;6.01;5.91;5.81;5.75;5.70;5.66;5.62;5.63;5.65;5.69;5.73;5.79;5.66;5.53;5.41;5.30;5.21;5.23;5.26;5.30;5.35;5.42;5.49;5.60;5.71;5.83;5.96;6.08;6.20;6.34;6.49;6.65;6.86;7.07;7.24;7.39;7.44;7.50;7.36;6.97;6.21;5.07;3.62;1.89;
Apical;0.00;-1.97;-3.86;-5.32;-6.44;-7.18;-7.79;-8.19;-8.48;-8.79;-9.07;-9.56;-10.04;-10.63;-11.19;-11.80;-12.56;-13.33;-14.00;-14.61;-15.10;-15.44;-15.78;-16.26;-17.00;-18.05;-19.77;-21.60;-23.29;-24.57;-25.14;-24.56;-23.17;-21.10;-18.51;-15.59;-12.99;-10.31;-7.65;-5.11;-2.87;-0.76;0.99;2.48;3.74;4.86;5.77;6.54;7.13;7.51;7.69;7.89;7.94;7.87;7.75;7.62;7.42;7.25;7.12;7.01;6.94;6.90;6.87;6.84;6.82;6.78;6.73;6.68;6.66;6.66;6.74;6.67;6.68;6.68;6.71;6.67;6.73;6.72;6.72;6.69;6.70;6.70;6.74;6.80;6.89;6.99;7.08;7.19;7.30;7.40;7.51;7.69;7.87;8.04;8.21;8.32;8.42;8.34;8.03;7.33;6.14;4.43;2.30;

----------------------------------------------------------


