PatientInformation
==========================================================
PatientID;6290553
Name;???,Huang Wei Zhe,
Date of Birth;
Sex;
Version;AutoStrainCap2 2.1.0.491925

Results
==========================================================
Global
----------------------------------------------------------
RVFWSL;-28.37;%
RV4CSL;-20.09;%
ED;0.00;ms
ES;301.47;ms

Curves
==========================================================
Longitudinal Strain
Unit [%]
Time [ms];0.00;12.88;25.77;38.65;51.53;64.42;77.30;90.18;103.07;115.95;128.83;141.72;154.60;167.48;180.36;193.25;206.13;219.01;231.90;244.78;257.66;270.55;283.43;296.31;309.20;322.08;334.96;347.85;360.73;373.61;386.50;399.38;412.26;425.15;438.03;450.91;463.80;476.68;489.56;502.44;515.33;528.21;541.09;553.98;566.86;579.74;592.63;605.51;618.39;631.28;644.16;657.04;669.93;682.81;695.69;
Basal;0.00;-2.13;-4.28;-6.28;-7.86;-8.82;-9.75;-11.14;-12.76;-14.35;-15.91;-17.41;-18.71;-19.73;-20.70;-21.79;-22.97;-24.15;-25.31;-26.41;-27.39;-28.17;-28.70;-28.95;-28.85;-28.39;-27.46;-25.97;-23.89;-21.22;-18.41;-15.87;-13.78;-12.26;-11.09;-10.03;-9.16;-8.54;-8.08;-7.74;-7.43;-7.10;-6.69;-6.18;-5.50;-4.61;-3.45;-1.95;-0.41;0.92;1.77;1.92;1.76;1.75;1.39;
Mid;0.00;-1.34;-2.75;-4.25;-5.51;-6.36;-7.26;-8.64;-10.23;-11.71;-13.12;-14.53;-15.78;-16.80;-17.80;-19.00;-20.32;-21.67;-23.02;-24.33;-25.52;-26.50;-27.22;-27.66;-27.74;-27.44;-26.65;-25.26;-23.27;-20.66;-17.87;-15.33;-13.26;-11.81;-10.75;-9.84;-9.12;-8.67;-8.39;-8.19;-8.01;-7.77;-7.44;-6.95;-6.28;-5.38;-4.20;-2.67;-1.09;0.24;1.09;1.24;1.11;1.13;0.92;
Apical;0.00;-1.51;-3.09;-4.50;-5.60;-6.35;-7.17;-8.42;-9.98;-11.54;-13.06;-14.47;-15.62;-16.54;-17.46;-18.60;-19.87;-21.11;-22.33;-23.50;-24.56;-25.43;-26.06;-26.42;-26.44;-26.17;-25.45;-24.14;-22.33;-20.06;-17.65;-15.40;-13.57;-12.34;-11.43;-10.57;-9.78;-9.14;-8.62;-8.21;-7.83;-7.46;-7.02;-6.49;-5.83;-4.98;-3.93;-2.59;-1.22;-0.02;0.76;0.92;0.83;0.91;0.79;

----------------------------------------------------------


