PatientInformation
==========================================================
PatientID;No patientID
Name;,,
Date of Birth;
Sex;
Version;AutoStrainCap2 2.1.0.491925

Results
==========================================================
Global
----------------------------------------------------------
RVFWSL;-20.47;%
RV4CSL;-17.19;%
ED;0.00;ms
ES;364.26;ms

Curves
==========================================================
Longitudinal Strain
Unit [%]
Time [ms];0.00;23.81;47.62;71.42;95.23;119.04;142.85;166.66;190.46;214.27;238.08;261.89;285.70;309.50;333.31;357.12;380.93;404.74;428.54;452.35;476.16;499.97;523.78;547.58;571.39;595.20;619.01;642.82;666.62;690.43;714.24;738.05;761.86;785.66;809.47;833.28;857.09;880.90;904.70;
Basal;0.00;-1.80;-4.15;-5.06;-6.38;-10.79;-14.97;-15.43;-14.06;-13.16;-12.03;-10.67;-10.13;-11.55;-13.88;-16.62;-18.32;-17.43;-15.21;-14.97;-13.68;-8.03;-2.31;-0.63;-0.84;-1.29;-1.30;-0.44;-0.06;-1.52;-3.10;-2.92;-2.15;-1.93;-1.71;-0.92;-0.38;-0.86;-1.08;
Mid;0.00;-3.10;-6.52;-7.36;-8.13;-11.17;-14.56;-16.75;-17.23;-14.63;-11.89;-11.95;-13.15;-14.68;-16.47;-18.27;-19.22;-19.10;-17.81;-17.64;-16.52;-12.39;-8.13;-5.74;-4.76;-4.06;-3.04;-1.69;-0.80;-1.49;-2.41;-2.30;-1.76;-1.45;-1.25;-1.06;-0.99;-1.01;-0.71;
Apical;0.00;-2.08;-4.69;-6.15;-7.64;-11.32;-15.15;-16.89;-17.41;-17.01;-16.60;-16.87;-17.70;-19.32;-20.95;-22.27;-22.38;-20.41;-17.18;-15.54;-13.27;-7.91;-2.78;-0.75;-0.25;-0.14;0.18;0.80;1.06;0.25;-0.76;-0.82;-0.53;-0.45;-0.48;-0.45;-0.56;-0.89;-0.81;

----------------------------------------------------------


