PatientInformation
==========================================================
PatientID;No patientID
Name;,,
Date of Birth;
Sex;
Version;AutoStrainCap2 2.1.0.491925

Results
==========================================================
Global
----------------------------------------------------------
LaSr_ED;23.48;%
LaScd_ED;-5.93;%
LaSct_ED;-17.55;%
LaSr_AC;19.98;%
LaScd_AC;-5.05;%
LaSct_AC;-14.93;%
ED;0.00;ms
ES;400.69;ms
PreA;620.42;ms

Curves
==========================================================
Longitudinal Strain
Unit [%]
Time [ms];0.00;10.77;21.54;32.31;43.08;53.86;64.63;75.40;86.17;96.94;107.71;118.48;129.25;140.03;150.80;161.57;172.34;183.11;193.88;204.65;215.42;226.20;236.97;247.74;258.51;269.28;280.05;290.82;301.59;312.36;323.14;333.91;344.68;355.45;366.22;376.99;387.76;398.53;409.31;420.08;430.85;441.62;452.39;463.16;473.93;484.70;495.48;506.25;517.02;527.79;538.56;549.33;560.10;570.87;581.65;592.42;603.19;613.96;624.73;635.50;646.27;657.04;667.81;678.59;689.36;700.13;710.90;721.67;732.44;743.21;753.98;764.76;775.53;786.30;797.07;807.84;818.61;829.38;
LAS_ED;0.00;0.04;-0.21;1.23;1.47;1.52;1.84;3.13;4.86;6.47;7.64;8.51;9.42;10.51;11.71;12.92;13.97;14.91;15.68;16.32;16.85;17.41;18.09;18.81;19.49;20.05;20.49;20.85;21.06;21.22;21.34;21.42;21.56;21.83;22.35;22.91;23.32;23.48;23.43;23.35;23.20;23.04;22.75;22.20;21.61;20.88;20.30;19.63;19.21;18.70;18.47;18.27;18.19;18.10;18.06;17.90;17.75;17.61;17.52;17.45;17.41;17.40;17.31;16.94;16.29;14.99;13.01;10.06;6.83;3.62;0.72;-1.51;-2.60;-2.81;-2.20;-1.36;-1.11;-0.91;
LAS_AC;-14.91;-14.88;-15.09;-13.86;-13.66;-13.61;-13.34;-12.24;-10.78;-9.40;-8.41;-7.66;-6.89;-5.97;-4.94;-3.91;-3.02;-2.22;-1.57;-1.02;-0.57;-0.10;0.48;1.10;1.68;2.15;2.53;2.83;3.01;3.15;3.25;3.32;3.43;3.67;4.11;4.58;4.94;5.07;5.03;4.96;4.83;4.70;4.45;3.98;3.48;2.85;2.37;1.80;1.44;1.01;0.81;0.64;0.57;0.49;0.46;0.32;0.20;0.07;0.00;-0.06;-0.10;-0.10;-0.18;-0.49;-1.05;-2.15;-3.84;-6.35;-9.10;-11.83;-14.30;-16.20;-17.12;-17.30;-16.78;-16.07;-15.85;-15.68;

----------------------------------------------------------


