PatientInformation
==========================================================
PatientID;No patientID
Name;,,
Date of Birth;
Sex;
Version;AutoStrainCap2 2.1.0.491925

Results
==========================================================
Global
----------------------------------------------------------
RVFWSL;-30.27;%
RV4CSL;-23.72;%
ED;0.00;ms
ES;424.12;ms

Curves
==========================================================
Longitudinal Strain
Unit [%]
Time [ms];0.00;8.57;17.14;25.70;34.27;42.84;51.41;59.98;68.54;77.11;85.68;94.25;102.82;111.38;119.95;128.52;137.09;145.66;154.22;162.79;171.36;179.93;188.50;197.06;205.63;214.20;222.77;231.34;239.90;248.47;257.04;265.61;274.18;282.74;291.31;299.88;308.45;317.02;325.58;334.15;342.72;351.29;359.86;368.42;376.99;385.56;394.13;402.70;411.26;419.83;428.40;436.97;445.54;454.10;462.67;471.24;479.81;488.38;496.94;505.51;514.08;522.65;531.22;539.78;548.35;556.92;565.49;574.06;582.62;591.19;599.76;608.33;616.90;625.46;634.03;642.60;651.17;659.74;668.30;676.87;685.44;694.01;702.58;711.14;719.71;728.28;736.85;745.42;753.98;762.55;771.12;779.69;788.26;796.82;805.39;813.96;822.53;831.10;839.66;
Basal;0.00;1.08;2.34;3.48;4.30;4.53;4.12;3.08;1.63;-0.09;-1.85;-3.86;-5.72;-7.45;-9.00;-10.35;-11.72;-12.94;-14.04;-15.02;-15.94;-16.72;-17.49;-18.22;-18.98;-19.78;-20.69;-21.65;-22.63;-23.61;-24.57;-25.44;-26.20;-26.84;-27.34;-27.72;-27.99;-28.23;-28.49;-28.82;-29.27;-29.94;-30.67;-31.36;-31.90;-32.17;-32.10;-31.72;-31.08;-30.25;-29.29;-28.30;-27.29;-26.31;-25.37;-24.51;-23.73;-23.04;-22.42;-21.88;-21.41;-21.06;-20.78;-20.60;-20.47;-20.42;-20.42;-20.45;-20.49;-20.49;-20.44;-20.26;-20.04;-19.83;-19.67;-19.61;-19.70;-19.77;-19.69;-19.32;-18.48;-17.08;-15.23;-13.12;-10.88;-8.75;-6.75;-5.03;-3.50;-2.26;-1.30;-0.75;-0.47;-0.44;-0.54;-0.76;-0.76;-0.71;-0.46;
Mid;0.00;0.53;1.11;1.58;1.77;1.52;0.94;-0.12;-1.52;-3.15;-4.85;-6.85;-8.74;-10.51;-12.09;-13.47;-14.75;-15.84;-16.78;-17.60;-18.37;-19.04;-19.70;-20.31;-20.88;-21.40;-21.81;-22.20;-22.60;-23.06;-23.64;-24.44;-25.31;-26.15;-26.91;-27.56;-28.05;-28.48;-28.88;-29.33;-29.85;-30.49;-31.14;-31.71;-32.09;-32.17;-31.86;-31.22;-30.34;-29.30;-28.20;-27.17;-26.18;-25.22;-24.31;-23.43;-22.58;-21.78;-21.04;-20.38;-19.83;-19.43;-19.14;-18.94;-18.83;-18.78;-18.81;-18.87;-18.93;-18.95;-18.92;-18.79;-18.61;-18.45;-18.33;-18.30;-18.36;-18.41;-18.35;-18.06;-17.44;-16.46;-15.14;-13.55;-11.80;-10.00;-8.10;-6.32;-4.67;-3.23;-2.04;-1.20;-0.63;-0.31;-0.18;-0.24;-0.26;-0.31;-0.23;
Apical;0.00;0.24;0.64;1.02;1.25;1.17;0.95;0.37;-0.46;-1.50;-2.54;-3.94;-5.19;-6.38;-7.46;-8.45;-9.55;-10.55;-11.46;-12.29;-13.08;-13.75;-14.41;-15.02;-15.58;-16.09;-16.52;-16.94;-17.39;-17.88;-18.45;-19.07;-19.72;-20.34;-20.88;-21.32;-21.67;-21.96;-22.23;-22.53;-22.91;-23.46;-24.05;-24.61;-25.05;-25.27;-25.25;-24.98;-24.52;-23.91;-23.23;-22.57;-21.89;-21.21;-20.54;-19.88;-19.23;-18.59;-17.96;-17.35;-16.79;-16.27;-15.81;-15.42;-15.08;-14.80;-14.62;-14.48;-14.36;-14.24;-14.08;-13.81;-13.53;-13.30;-13.16;-13.14;-13.26;-13.42;-13.51;-13.42;-13.05;-12.35;-11.32;-10.03;-8.55;-7.03;-5.40;-3.86;-2.41;-1.13;-0.04;0.70;1.19;1.41;1.39;1.08;0.86;0.50;0.19;

----------------------------------------------------------


