PatientInformation
==========================================================
PatientID;No patientID
Name;,,
Date of Birth;
Sex;
Version;AutoStrainCap2 2.1.0.491925

Results
==========================================================
Global
----------------------------------------------------------
LaSr_ED;17.86;%
LaScd_ED;-22.60;%
LaSct_ED;4.74;%
LaSr_AC;18.72;%
LaScd_AC;-23.68;%
LaSct_AC;4.96;%
ED;0.00;ms
ES;346.13;ms
PreA;483.96;ms

Curves
==========================================================
Longitudinal Strain
Unit [%]
Time [ms];0.00;10.36;20.73;31.09;41.45;51.82;62.18;72.54;82.91;93.27;103.63;114.00;124.36;134.72;145.08;155.45;165.81;176.17;186.54;196.90;207.26;217.63;227.99;238.35;248.72;259.08;269.44;279.81;290.17;300.53;310.90;321.26;331.62;341.99;352.35;362.71;373.08;383.44;393.80;404.16;414.53;424.89;435.25;445.62;455.98;466.34;476.71;487.07;497.43;507.80;518.16;528.52;538.89;549.25;559.61;569.98;580.34;590.70;601.07;611.43;
LAS_ED;0.00;2.96;2.25;0.50;-0.23;0.05;0.50;0.95;1.22;1.51;1.50;1.68;2.17;3.42;4.90;6.38;7.39;8.23;9.06;10.11;11.19;12.14;12.83;13.31;13.74;14.07;14.45;14.85;15.20;15.62;16.09;16.75;17.34;17.82;17.73;16.93;15.20;11.91;8.19;4.36;1.96;-0.02;-1.30;-2.93;-4.05;-4.98;-4.98;-4.55;-3.60;-2.63;-1.51;-0.47;0.07;0.49;1.05;1.66;2.00;1.28;-0.95;-2.29;
LAS_AC;4.77;7.87;7.13;5.30;4.53;4.82;5.30;5.77;6.05;6.35;6.34;6.53;7.04;8.35;9.91;11.46;12.52;13.39;14.27;15.36;16.50;17.49;18.21;18.71;19.17;19.51;19.91;20.33;20.70;21.14;21.63;22.32;22.94;23.44;23.35;22.51;20.70;17.25;13.35;9.34;6.83;4.75;3.40;1.71;0.52;-0.45;-0.45;0.00;1.00;2.01;3.18;4.28;4.85;5.29;5.87;6.51;6.87;6.11;3.78;2.37;

----------------------------------------------------------


