PatientInformation
==========================================================
PatientID;No patientID
Name;,,
Date of Birth;
Sex;
Version;AutoStrainCap2 2.1.0.491925

Results
==========================================================
Global
----------------------------------------------------------
RVFWSL;-23.77;%
RV4CSL;-17.15;%
ED;0.00;ms
ES;293.04;ms

Curves
==========================================================
Longitudinal Strain
Unit [%]
Time [ms];0.00;11.72;23.44;35.16;46.89;58.61;70.33;82.05;93.77;105.49;117.22;128.94;140.66;152.38;164.10;175.82;187.55;199.27;210.99;222.71;234.43;246.15;257.88;269.60;281.32;293.04;304.76;316.48;328.20;339.93;351.65;363.37;375.09;386.81;398.53;410.26;421.98;433.70;445.42;457.14;468.86;480.59;492.31;504.03;515.75;527.47;539.19;550.92;562.64;574.36;586.08;597.80;609.52;621.24;632.97;644.69;656.41;668.13;679.85;691.57;703.30;715.02;726.74;738.46;750.18;761.90;773.63;785.35;797.07;808.79;
Basal;0.00;-1.30;-2.88;-4.09;-4.54;-4.53;-4.63;-5.11;-6.11;-7.39;-8.99;-10.62;-12.13;-13.19;-14.08;-15.02;-16.18;-17.44;-18.56;-19.51;-20.38;-21.43;-22.81;-24.25;-25.36;-25.89;-25.94;-25.71;-25.23;-24.60;-23.88;-23.17;-22.34;-21.16;-19.59;-17.67;-15.65;-13.73;-11.91;-10.06;-8.55;-7.04;-5.70;-4.32;-3.18;-2.23;-1.45;-0.84;-0.42;-0.00;0.21;0.25;0.03;-0.29;-0.67;-0.96;-1.15;-1.15;-0.92;-0.56;-0.10;0.23;0.57;0.82;0.98;1.01;0.88;0.55;0.16;-0.14;
Mid;0.00;-1.98;-4.21;-5.94;-6.55;-6.57;-6.66;-7.33;-8.48;-9.85;-11.32;-12.72;-14.01;-14.95;-15.73;-16.42;-17.08;-17.71;-18.30;-18.92;-19.57;-20.32;-21.22;-22.09;-22.70;-22.86;-22.67;-22.33;-21.95;-21.51;-20.95;-20.33;-19.53;-18.48;-17.23;-15.76;-14.22;-12.70;-11.24;-9.75;-8.45;-7.05;-5.66;-4.01;-2.51;-1.22;-0.29;0.35;0.72;0.95;0.97;0.83;0.54;0.18;-0.22;-0.59;-0.85;-0.97;-0.90;-0.70;-0.34;0.02;0.45;0.80;1.09;1.23;1.21;0.94;0.55;0.17;
Apical;0.00;-1.25;-2.84;-3.97;-4.24;-4.02;-3.92;-4.41;-5.41;-6.67;-8.04;-9.38;-10.62;-11.54;-12.36;-13.18;-14.09;-15.06;-15.93;-16.75;-17.51;-18.33;-19.29;-20.19;-20.83;-20.96;-20.78;-20.44;-20.01;-19.53;-18.97;-18.49;-17.83;-16.88;-15.71;-14.27;-12.78;-11.39;-10.08;-8.72;-7.73;-6.61;-5.44;-3.89;-2.46;-1.26;-0.30;0.34;0.69;0.89;0.84;0.62;0.27;-0.14;-0.54;-0.86;-1.06;-1.11;-1.02;-0.82;-0.49;-0.21;0.14;0.43;0.70;0.89;1.02;0.96;0.76;0.34;

----------------------------------------------------------


