PatientInformation
==========================================================
PatientID;No patientID
Name;,,
Date of Birth;
Sex;
Version;AutoStrainCap2 2.1.0.491925

Results
==========================================================
Global
----------------------------------------------------------
LaSr_ED;42.58;%
LaScd_ED;-24.85;%
LaSct_ED;-17.73;%
LaSr_AC;36.18;%
LaScd_AC;-21.11;%
LaSct_AC;-15.07;%
ED;0.00;ms
ES;323.82;ms
PreA;649.59;ms

Curves
==========================================================
Longitudinal Strain
Unit [%]
Time [ms];0.00;19.51;39.01;58.52;78.03;97.54;117.04;136.55;156.06;175.56;195.07;214.58;234.09;253.59;273.10;292.61;312.12;331.62;351.13;370.64;390.14;409.65;429.16;448.67;468.17;487.68;507.19;526.69;546.20;565.71;585.22;604.72;624.23;643.74;663.24;682.75;702.26;721.77;741.27;760.78;780.29;799.80;819.30;838.81;858.32;877.82;897.33;916.84;936.35;955.85;
LAS_ED;0.00;1.90;7.16;11.02;14.36;17.66;21.18;24.35;27.46;30.42;33.20;35.81;37.94;39.37;40.49;41.66;42.46;42.54;42.26;42.44;42.01;39.44;35.68;30.69;26.16;22.75;20.31;18.47;17.36;17.33;17.74;17.74;17.61;17.71;17.73;17.53;17.30;17.29;16.56;14.52;10.83;4.48;-1.78;-6.78;-9.42;-8.69;-6.28;-3.66;-1.56;-0.42;
LAS_AC;-15.05;-13.43;-8.96;-5.68;-2.85;-0.05;2.94;5.64;8.28;10.80;13.16;15.37;17.18;18.40;19.35;20.34;21.02;21.09;20.85;21.01;20.64;18.46;15.26;11.03;7.18;4.28;2.21;0.64;-0.30;-0.32;0.03;0.02;-0.08;0.00;0.01;-0.15;-0.35;-0.36;-0.97;-2.71;-5.85;-11.24;-16.55;-20.81;-23.05;-22.43;-20.38;-18.15;-16.37;-15.41;

----------------------------------------------------------


