PatientInformation
==========================================================
PatientID;No patientID
Name;,,
Date of Birth;
Sex;
Version;AutoStrainCap2 2.1.0.491925

Results
==========================================================
Global
----------------------------------------------------------
RVFWSL;-28.68;%
RV4CSL;-24.33;%
ED;0.00;ms
ES;295.42;ms

Curves
==========================================================
Longitudinal Strain
Unit [%]
Time [ms];0.00;7.92;15.84;23.76;31.68;39.60;47.52;55.44;63.36;71.28;79.20;87.12;95.04;102.96;110.88;118.80;126.72;134.64;142.56;150.48;158.40;166.32;174.24;182.16;190.08;198.00;205.92;213.84;221.76;229.68;237.60;245.52;253.44;261.36;269.28;277.20;285.12;293.04;300.96;308.88;316.80;324.72;332.64;340.56;348.48;356.40;364.32;372.24;380.16;388.08;396.00;403.92;411.84;419.76;427.68;435.60;443.52;451.44;459.36;467.28;475.20;483.12;491.04;498.96;506.88;514.80;522.72;530.64;538.56;546.48;554.40;562.32;570.24;578.16;586.08;594.00;601.92;609.84;617.76;625.68;633.60;641.52;649.44;657.36;665.28;673.20;681.12;689.04;696.96;704.88;712.80;720.72;728.64;736.56;744.48;752.40;760.32;768.24;776.16;784.08;792.00;799.92;807.84;815.76;823.68;831.60;839.52;847.44;855.36;863.28;871.20;879.12;887.04;894.96;902.88;910.80;
Basal;0.00;-1.19;-2.29;-3.20;-3.48;-3.72;-4.42;-5.49;-6.78;-8.34;-9.96;-11.85;-13.70;-15.56;-17.34;-19.04;-20.56;-21.98;-23.34;-24.65;-25.98;-27.29;-28.63;-29.94;-31.18;-32.28;-33.22;-34.01;-34.68;-35.25;-35.78;-36.25;-36.69;-37.08;-37.42;-37.71;-37.87;-37.95;-37.88;-37.69;-37.30;-36.82;-36.18;-35.44;-34.61;-33.85;-32.88;-31.98;-30.94;-29.84;-28.51;-27.05;-25.49;-24.03;-22.76;-21.84;-21.39;-21.25;-21.22;-21.13;-20.80;-20.10;-19.14;-18.06;-16.97;-16.02;-15.30;-14.79;-14.45;-14.24;-14.10;-14.03;-13.97;-13.96;-13.99;-14.06;-14.19;-14.35;-14.55;-14.77;-15.04;-15.25;-15.49;-15.69;-15.87;-15.95;-16.02;-15.94;-15.75;-15.38;-14.81;-13.92;-12.66;-11.04;-9.11;-6.99;-4.82;-2.55;-0.21;2.12;4.27;6.10;7.51;8.49;8.99;9.02;8.45;7.54;6.41;5.23;4.18;3.38;2.78;2.27;1.75;1.11;
Mid;0.00;-1.73;-3.08;-3.84;-3.45;-2.93;-3.33;-4.28;-5.55;-7.05;-8.54;-9.98;-11.29;-12.53;-13.70;-14.77;-15.87;-16.87;-17.87;-18.78;-19.72;-20.45;-21.20;-21.88;-22.53;-23.09;-23.61;-24.05;-24.42;-24.74;-25.02;-25.27;-25.49;-25.67;-25.81;-25.88;-25.89;-25.82;-25.70;-25.55;-25.43;-25.46;-25.51;-25.49;-25.42;-25.24;-25.11;-24.79;-24.40;-23.74;-22.85;-21.42;-19.86;-18.24;-16.81;-15.66;-15.14;-14.88;-14.73;-14.55;-14.18;-13.52;-12.66;-11.70;-10.73;-9.89;-9.26;-8.84;-8.57;-8.45;-8.44;-8.57;-8.76;-9.00;-9.24;-9.49;-9.67;-9.84;-10.00;-10.17;-10.36;-10.51;-10.68;-10.83;-10.96;-11.04;-11.16;-11.18;-11.13;-10.95;-10.62;-10.04;-9.17;-8.01;-6.57;-4.89;-3.05;-1.07;0.98;2.99;4.80;6.21;7.23;7.87;8.11;7.97;7.41;6.61;5.68;4.77;4.06;3.71;3.55;3.38;2.99;2.09;
Apical;0.00;-0.84;-1.62;-2.27;-2.49;-2.67;-3.13;-3.81;-4.65;-5.62;-6.61;-7.69;-8.70;-9.68;-10.59;-11.42;-12.37;-13.25;-14.13;-14.96;-15.85;-16.57;-17.33;-18.06;-18.75;-19.33;-19.82;-20.20;-20.50;-20.75;-20.97;-21.17;-21.37;-21.54;-21.67;-21.75;-21.78;-21.74;-21.66;-21.55;-21.45;-21.33;-21.16;-20.94;-20.67;-20.28;-19.92;-19.40;-18.85;-18.06;-17.24;-16.12;-15.05;-13.93;-12.97;-12.17;-11.83;-11.63;-11.52;-11.38;-11.12;-10.66;-10.05;-9.38;-8.72;-8.13;-7.73;-7.46;-7.29;-7.23;-7.21;-7.24;-7.29;-7.36;-7.45;-7.57;-7.70;-7.85;-8.01;-8.17;-8.36;-8.51;-8.67;-8.79;-8.90;-8.94;-8.97;-8.94;-8.86;-8.72;-8.50;-8.06;-7.42;-6.55;-5.47;-4.21;-2.95;-1.56;-0.10;1.36;2.70;3.84;4.69;5.24;5.49;5.45;5.07;4.50;3.85;3.20;2.67;2.29;2.03;1.78;1.43;0.93;

----------------------------------------------------------


