PatientInformation
==========================================================
PatientID;No patientID
Name;,,
Date of Birth;
Sex;
Version;AutoStrainCap2 2.1.0.491925

Results
==========================================================
Global
----------------------------------------------------------
LaSr_ED;13.62;%
LaScd_ED;-10.38;%
LaSct_ED;-3.24;%
LaSr_AC;13.20;%
LaScd_AC;-10.06;%
LaSct_AC;-3.14;%
ED;0.00;ms
ES;396.80;ms
PreA;684.47;ms

Curves
==========================================================
Longitudinal Strain
Unit [%]
Time [ms];0.00;19.84;39.68;59.52;79.36;99.20;119.04;138.88;158.72;178.56;198.40;218.24;238.08;257.92;277.76;297.60;317.44;337.28;357.12;376.96;396.80;416.64;436.48;456.32;476.16;495.99;515.83;535.67;555.51;575.35;595.19;615.03;634.87;654.71;674.55;694.39;714.23;734.07;753.91;773.75;793.59;813.43;833.27;853.11;872.95;892.79;912.63;932.47;952.31;
LAS_ED;0.00;0.69;2.35;3.86;4.98;5.57;6.03;6.94;8.04;9.11;10.07;10.83;11.32;11.40;11.45;11.71;12.09;12.46;12.86;13.33;13.62;13.39;13.09;13.11;12.83;11.62;10.10;8.81;7.52;5.97;4.58;3.78;3.41;3.31;3.29;3.16;3.01;2.92;2.84;2.74;2.60;2.44;2.28;2.20;2.11;1.93;1.90;2.09;1.76;
LAS_AC;-3.07;-2.40;-0.79;0.68;1.76;2.33;2.78;3.66;4.72;5.76;6.69;7.43;7.90;7.98;8.03;8.29;8.65;9.01;9.39;9.86;10.13;9.92;9.62;9.64;9.37;8.20;6.72;5.48;4.22;2.71;1.37;0.60;0.24;0.14;0.12;0.00;-0.15;-0.24;-0.31;-0.41;-0.55;-0.70;-0.86;-0.94;-1.03;-1.20;-1.22;-1.04;-1.36;

----------------------------------------------------------


