PatientInformation
==========================================================
PatientID;No patientID
Name;,,
Date of Birth;
Sex;
Version;AutoStrainCap2 2.1.0.491925

Results
==========================================================
Global
----------------------------------------------------------
RVFWSL;-24.76;%
RV4CSL;-20.80;%
ED;0.00;ms
ES;492.03;ms

Curves
==========================================================
Longitudinal Strain
Unit [%]
Time [ms];0.00;19.84;39.68;59.52;79.36;99.20;119.04;138.88;158.72;178.56;198.40;218.24;238.08;257.92;277.76;297.60;317.44;337.28;357.12;376.96;396.80;416.64;436.48;456.32;476.16;495.99;515.83;535.67;555.51;575.35;595.19;615.03;634.87;654.71;674.55;694.39;714.23;734.07;753.91;773.75;793.59;813.43;833.27;853.11;872.95;892.79;912.63;932.47;952.31;
Basal;0.00;-0.15;-1.17;-3.08;-5.29;-7.50;-9.86;-11.97;-13.93;-15.84;-17.42;-18.53;-19.15;-19.15;-19.02;-19.46;-20.30;-21.35;-22.23;-22.38;-22.57;-23.27;-24.35;-26.05;-27.70;-28.94;-29.76;-30.21;-30.32;-29.95;-29.31;-28.67;-27.61;-25.86;-24.32;-23.88;-23.70;-22.95;-22.12;-21.65;-21.35;-21.00;-20.65;-20.41;-18.76;-14.24;-8.94;-5.11;-2.42;
Mid;0.00;-0.01;-0.62;-1.88;-3.45;-5.22;-7.26;-9.11;-10.91;-12.76;-14.28;-15.23;-15.44;-14.51;-13.48;-13.41;-13.91;-14.73;-15.61;-16.37;-17.33;-18.76;-20.47;-22.57;-24.52;-26.08;-27.13;-27.69;-27.79;-27.25;-26.39;-25.50;-24.26;-22.44;-20.85;-20.34;-20.16;-19.53;-18.89;-18.63;-18.55;-18.40;-18.30;-18.35;-16.91;-12.47;-7.33;-3.85;-1.65;
Apical;0.00;0.02;-0.31;-0.99;-1.98;-3.37;-5.18;-6.78;-8.19;-9.36;-10.13;-10.40;-10.16;-9.63;-9.13;-9.18;-9.54;-9.97;-10.29;-10.88;-11.45;-12.29;-13.30;-15.04;-16.68;-17.60;-18.05;-18.05;-17.64;-16.88;-15.92;-15.09;-14.08;-12.51;-11.25;-11.12;-11.33;-11.19;-11.06;-11.22;-11.55;-11.88;-12.26;-12.81;-12.08;-8.82;-4.90;-2.33;-0.89;

----------------------------------------------------------


