PatientInformation
==========================================================
PatientID;No patientID
Name;,,
Date of Birth;
Sex;
Version;AutoStrainCap2 2.1.0.491925

Results
==========================================================
Global
----------------------------------------------------------
LaSr_ED;23.46;%
LaScd_ED;-13.30;%
LaSct_ED;-10.16;%
LaSr_AC;21.42;%
LaScd_AC;-12.14;%
LaSct_AC;-9.27;%
ED;0.00;ms
ES;324.82;ms
PreA;704.79;ms

Curves
==========================================================
Longitudinal Strain
Unit [%]
Time [ms];0.00;20.43;40.86;61.29;81.72;102.14;122.57;143.00;163.43;183.86;204.29;224.72;245.15;265.57;286.00;306.43;326.86;347.29;367.72;388.15;408.58;429.01;449.43;469.86;490.29;510.72;531.15;551.58;572.01;592.44;612.86;633.29;653.72;674.15;694.58;715.01;735.44;755.87;776.29;796.72;817.15;837.58;858.01;878.44;898.87;919.30;939.73;960.15;980.58;1001.01;1021.44;1041.87;1062.30;
LAS_ED;0.00;0.10;0.52;2.09;4.83;7.24;10.15;12.51;14.44;15.43;16.29;17.91;19.70;21.51;22.91;23.37;23.46;23.40;23.21;22.40;22.10;22.78;22.91;21.13;18.36;15.00;11.85;10.10;8.77;7.39;6.74;7.72;9.31;10.18;10.56;9.55;8.67;9.26;10.16;10.39;10.51;10.87;11.24;11.68;11.62;10.97;10.26;10.22;9.33;5.77;1.98;-0.10;-0.69;
LAS_AC;-8.72;-8.63;-8.25;-6.81;-4.31;-2.11;0.55;2.70;4.46;5.36;6.15;7.63;9.26;10.91;12.19;12.62;12.70;12.64;12.47;11.72;11.45;12.07;12.19;10.56;8.04;4.97;2.10;0.50;-0.71;-1.97;-2.57;-1.68;-0.22;0.58;0.92;0.00;-0.81;-0.27;0.56;0.76;0.87;1.20;1.54;1.94;1.89;1.29;0.65;0.61;-0.20;-3.46;-6.91;-8.81;-9.35;

----------------------------------------------------------


