PatientInformation
==========================================================
PatientID;No patientID
Name;,,
Date of Birth;
Sex;
Version;AutoStrainCap2 2.1.0.491925

Results
==========================================================
Global
----------------------------------------------------------
RVFWSL;-28.19;%
RV4CSL;-22.23;%
ED;0.00;ms
ES;443.91;ms

Curves
==========================================================
Longitudinal Strain
Unit [%]
Time [ms];0.00;13.41;26.82;40.23;53.64;67.06;80.47;93.88;107.29;120.70;134.11;147.52;160.93;174.35;187.76;201.17;214.58;227.99;241.40;254.81;268.22;281.64;295.05;308.46;321.87;335.28;348.69;362.10;375.51;388.92;402.34;415.75;429.16;442.57;455.98;469.39;482.80;496.21;509.63;523.04;536.45;549.86;563.27;576.68;590.09;603.50;616.92;630.33;643.74;657.15;670.56;683.97;697.38;710.79;724.20;737.62;751.03;764.44;777.85;791.26;804.67;818.08;831.49;844.91;858.32;871.73;885.14;898.55;911.96;925.37;938.78;952.20;965.61;979.02;992.43;1005.84;1019.25;1032.66;1046.07;1059.48;1072.90;1086.31;1099.72;1113.13;1126.54;
Basal;0.00;-2.01;-3.66;-4.95;-6.08;-7.91;-9.90;-11.91;-13.71;-14.84;-15.75;-16.62;-17.54;-18.90;-20.38;-21.91;-23.39;-24.79;-26.09;-27.29;-28.38;-29.42;-30.33;-31.09;-31.65;-32.08;-32.31;-32.43;-32.46;-32.23;-31.94;-31.64;-31.39;-31.41;-31.30;-30.86;-29.84;-28.32;-26.31;-24.10;-21.97;-19.78;-17.88;-16.13;-14.69;-13.61;-12.80;-12.21;-11.67;-11.39;-11.14;-11.10;-11.20;-11.48;-11.88;-12.27;-12.65;-12.89;-13.06;-13.14;-13.12;-13.10;-12.97;-12.79;-12.51;-12.19;-11.87;-11.69;-11.76;-12.10;-12.57;-12.94;-12.93;-12.42;-11.42;-10.08;-8.52;-6.68;-4.78;-2.83;-1.03;0.32;1.25;1.65;1.27;
Mid;0.00;-0.86;-1.68;-2.31;-2.86;-3.98;-5.32;-6.76;-8.20;-9.37;-10.44;-11.41;-12.36;-13.54;-14.75;-15.97;-17.12;-18.26;-19.32;-20.34;-21.30;-22.11;-22.81;-23.41;-23.84;-24.40;-24.84;-25.28;-25.85;-26.53;-27.25;-27.76;-27.90;-27.57;-26.85;-25.87;-24.77;-24.09;-23.38;-22.59;-21.67;-20.38;-19.06;-17.75;-16.51;-15.22;-14.07;-13.07;-12.25;-11.72;-11.37;-11.25;-11.28;-11.53;-11.85;-12.17;-12.43;-12.53;-12.54;-12.45;-12.32;-12.26;-12.15;-11.98;-11.72;-11.42;-11.12;-10.98;-11.07;-11.34;-11.75;-12.10;-12.23;-12.13;-11.67;-10.79;-9.62;-7.94;-6.10;-4.24;-2.51;-1.39;-0.57;-0.10;0.01;
Apical;0.00;-0.98;-1.85;-2.53;-2.96;-4.03;-5.17;-6.43;-7.81;-9.02;-10.26;-11.41;-12.30;-13.23;-13.91;-14.53;-15.25;-15.93;-16.79;-17.73;-18.69;-19.58;-20.41;-21.14;-21.59;-22.16;-22.47;-22.77;-23.26;-23.36;-23.59;-23.65;-23.58;-23.60;-23.43;-23.01;-22.16;-21.58;-20.67;-19.68;-18.75;-17.36;-16.08;-14.77;-13.54;-12.46;-11.55;-10.80;-10.23;-9.94;-9.82;-9.93;-10.15;-10.54;-10.97;-11.38;-11.71;-11.93;-12.04;-12.08;-12.07;-12.15;-12.19;-12.21;-12.13;-11.96;-11.76;-11.61;-11.58;-11.61;-11.71;-11.80;-11.74;-11.53;-11.07;-10.32;-9.31;-7.86;-6.19;-4.39;-2.60;-1.35;-0.34;0.28;0.35;

----------------------------------------------------------


