PatientInformation
==========================================================
PatientID;No patientID
Name;,,
Date of Birth;
Sex;
Version;AutoStrainCap2 2.1.0.491925

Results
==========================================================
Global
----------------------------------------------------------
RVFWSL;-15.75;%
RV4CSL;-13.57;%
ED;0.00;ms
ES;282.85;ms

Curves
==========================================================
Longitudinal Strain
Unit [%]
Time [ms];0.00;19.51;39.01;58.52;78.03;97.54;117.04;136.55;156.06;175.56;195.07;214.58;234.09;253.59;273.10;292.61;312.12;331.62;351.13;370.64;390.14;
Basal;0.00;1.88;3.70;2.34;2.61;3.11;2.72;-2.39;-3.81;-6.38;-7.64;-5.88;-4.31;-4.13;-5.67;-4.62;-4.67;-5.17;-5.56;-3.89;-1.57;
Mid;0.00;-0.05;-0.25;-2.32;-2.47;-2.71;-3.90;-9.01;-11.31;-14.18;-15.70;-14.42;-13.19;-12.87;-13.92;-13.19;-12.35;-11.66;-10.96;-8.10;-3.31;
Apical;0.00;-1.18;-2.71;-6.13;-7.42;-8.76;-10.44;-15.19;-17.56;-20.79;-22.85;-22.44;-22.03;-22.21;-23.31;-23.15;-20.16;-17.05;-13.85;-9.39;-4.14;

----------------------------------------------------------


