PatientInformation
==========================================================
PatientID;No patientID
Name;,,
Date of Birth;
Sex;
Version;AutoStrainCap2 2.1.0.491925

Results
==========================================================
Global
----------------------------------------------------------
LaSr_ED;29.70;%
LaScd_ED;-26.91;%
LaSct_ED;-2.79;%
LaSr_AC;28.74;%
LaScd_AC;-26.04;%
LaSct_AC;-2.70;%
ED;0.00;ms
ES;288.05;ms
PreA;604.69;ms

Curves
==========================================================
Longitudinal Strain
Unit [%]
Time [ms];0.00;20.43;40.86;61.29;81.72;102.14;122.57;143.00;163.43;183.86;204.29;224.72;245.15;265.57;286.00;306.43;326.86;347.29;367.72;388.15;408.58;429.00;449.43;469.86;490.29;510.72;531.15;551.58;572.01;592.44;612.86;633.29;653.72;674.15;694.58;715.01;735.44;755.87;776.29;796.72;817.15;837.58;858.01;878.44;898.87;
LAS_ED;0.00;0.63;1.66;4.23;7.67;11.02;14.03;17.07;19.96;22.35;24.51;26.25;27.60;28.88;29.69;29.35;28.74;28.61;28.63;28.68;27.40;25.50;21.57;16.25;10.43;4.54;0.60;-0.02;1.08;2.00;3.35;4.54;5.79;7.00;7.87;8.80;9.39;9.32;9.30;8.74;7.44;4.72;1.36;-1.42;-2.15;
LAS_AC;-3.24;-2.63;-1.63;0.86;4.19;7.42;10.34;13.28;16.08;18.39;20.48;22.16;23.47;24.71;25.49;25.16;24.57;24.44;24.47;24.52;23.28;21.44;17.64;12.48;6.86;1.15;-2.65;-3.26;-2.19;-1.30;0.00;1.15;2.37;3.53;4.38;5.27;5.85;5.78;5.76;5.22;3.96;1.33;-1.92;-4.62;-5.32;

----------------------------------------------------------


