PatientInformation
==========================================================
PatientID;No patientID
Name;,,
Date of Birth;
Sex;
Version;AutoStrainCap2 2.1.0.491925

Results
==========================================================
Global
----------------------------------------------------------
RVFWSL;-30.39;%
RV4CSL;-25.73;%
ED;0.00;ms
ES;278.96;ms

Curves
==========================================================
Longitudinal Strain
Unit [%]
Time [ms];0.00;7.56;15.12;22.68;30.24;37.80;45.36;52.92;60.48;68.04;75.60;83.16;90.72;98.28;105.84;113.40;120.96;128.52;136.08;143.64;151.20;158.76;166.32;173.88;181.44;189.00;196.56;204.12;211.68;219.24;226.80;234.36;241.92;249.48;257.04;264.60;272.16;279.72;287.28;294.84;302.40;309.96;317.52;325.08;332.64;340.20;347.76;355.32;362.88;370.44;378.00;385.56;393.12;400.68;408.24;415.80;423.36;430.92;438.48;446.04;453.60;461.16;468.72;476.28;483.84;491.40;498.96;506.52;514.08;521.64;529.20;536.76;544.32;551.88;559.44;567.00;574.56;582.12;589.68;597.24;604.80;612.36;619.92;627.48;635.04;642.60;650.16;657.72;665.28;672.84;680.40;687.96;695.52;703.08;710.64;718.20;725.76;733.32;740.88;748.44;756.00;763.56;771.12;778.68;786.24;793.80;801.36;808.92;816.48;824.04;831.60;839.16;846.72;854.28;861.84;869.40;876.96;884.52;892.08;899.64;907.20;914.76;922.32;929.88;937.44;
Basal;0.00;-0.93;-2.07;-3.31;-4.54;-5.64;-6.47;-6.81;-6.83;-6.66;-6.42;-6.24;-6.25;-6.62;-7.26;-8.11;-9.09;-10.16;-11.28;-12.40;-13.55;-14.74;-15.97;-17.25;-18.56;-19.87;-21.17;-22.47;-23.73;-24.97;-26.17;-27.54;-28.84;-30.01;-30.94;-31.58;-31.90;-31.85;-31.51;-30.94;-30.17;-29.25;-28.18;-26.85;-25.43;-23.98;-22.61;-21.44;-20.56;-20.26;-20.27;-20.50;-20.85;-21.25;-21.59;-21.86;-21.98;-21.98;-21.87;-21.63;-21.34;-20.89;-20.36;-19.67;-18.79;-17.72;-16.40;-14.81;-13.04;-11.22;-9.47;-7.94;-6.77;-6.33;-6.28;-6.51;-6.90;-7.34;-7.73;-7.89;-7.94;-7.92;-7.89;-7.88;-7.95;-8.04;-8.22;-8.45;-8.71;-8.96;-9.16;-9.38;-9.52;-9.65;-9.74;-9.85;-9.96;-10.07;-10.20;-10.37;-10.57;-10.80;-11.07;-11.36;-11.60;-11.67;-11.48;-10.91;-9.81;-8.17;-6.11;-3.89;-1.72;0.22;1.69;2.51;2.79;2.74;2.45;2.07;1.66;1.26;0.94;0.67;0.38;
Mid;0.00;-0.28;-0.50;-0.73;-1.00;-1.35;-1.84;-2.66;-3.60;-4.56;-5.54;-6.55;-7.56;-8.54;-9.55;-10.60;-11.68;-12.75;-13.78;-14.66;-15.49;-16.32;-17.20;-18.17;-19.29;-20.64;-22.10;-23.56;-24.94;-26.17;-27.17;-27.89;-28.36;-28.58;-28.61;-28.50;-28.38;-28.26;-28.19;-28.11;-27.97;-27.74;-27.35;-26.90;-26.26;-25.51;-24.68;-23.81;-22.91;-21.83;-20.79;-19.80;-18.89;-18.05;-17.32;-16.83;-16.40;-16.00;-15.62;-15.25;-14.99;-14.93;-14.92;-14.81;-14.54;-14.05;-13.25;-12.31;-11.12;-9.83;-8.52;-7.32;-6.28;-5.49;-4.91;-4.50;-4.23;-4.04;-3.89;-3.77;-3.66;-3.58;-3.52;-3.50;-3.54;-3.64;-3.79;-3.98;-4.19;-4.38;-4.53;-4.62;-4.64;-4.64;-4.61;-4.58;-4.55;-4.51;-4.49;-4.48;-4.48;-4.50;-4.52;-4.55;-4.52;-4.37;-4.06;-3.54;-2.83;-2.24;-1.51;-0.69;0.13;0.89;1.55;2.23;2.75;3.08;3.23;3.21;2.99;2.46;1.85;1.21;0.58;
Apical;0.00;-0.79;-1.64;-2.63;-3.71;-4.84;-5.94;-6.85;-7.66;-8.41;-9.13;-9.88;-10.71;-11.73;-12.89;-14.12;-15.40;-16.69;-17.97;-19.17;-20.37;-21.60;-22.87;-24.22;-25.63;-27.08;-28.49;-29.82;-30.95;-31.80;-32.33;-32.74;-32.65;-32.35;-31.91;-31.45;-31.02;-30.80;-30.69;-30.68;-30.73;-30.77;-30.82;-30.57;-30.25;-29.79;-29.23;-28.60;-27.92;-27.47;-27.02;-26.60;-26.20;-25.83;-25.46;-24.95;-24.43;-23.89;-23.35;-22.80;-22.26;-21.82;-21.37;-20.85;-20.20;-19.39;-18.41;-17.31;-16.07;-14.76;-13.45;-12.19;-11.03;-10.22;-9.55;-9.03;-8.63;-8.35;-8.15;-8.02;-7.94;-7.92;-7.97;-8.07;-8.27;-8.42;-8.65;-8.93;-9.23;-9.54;-9.79;-10.04;-10.22;-10.37;-10.48;-10.56;-10.61;-10.60;-10.58;-10.55;-10.52;-10.50;-10.49;-10.56;-10.58;-10.52;-10.29;-9.86;-9.15;-8.23;-7.06;-5.77;-4.45;-3.19;-2.09;-1.20;-0.52;0.03;0.47;0.82;0.99;0.99;0.82;0.60;0.33;

----------------------------------------------------------


