PatientInformation
==========================================================
PatientID;No patientID
Name;,,
Date of Birth;
Sex;
Version;AutoStrainCap2 2.1.0.491925

Results
==========================================================
Global
----------------------------------------------------------
LaSr_ED;31.55;%
LaScd_ED;-14.84;%
LaSct_ED;-16.71;%
LaSr_AC;27.04;%
LaScd_AC;-12.72;%
LaSct_AC;-14.32;%
ED;0.00;ms
ES;471.12;ms
PreA;756.45;ms

Curves
==========================================================
Longitudinal Strain
Unit [%]
Time [ms];0.00;22.12;44.24;66.36;88.47;110.59;132.71;154.83;176.95;199.07;221.18;243.30;265.42;287.54;309.66;331.78;353.89;376.01;398.13;420.25;442.37;464.49;486.60;508.72;530.84;552.96;575.08;597.20;619.32;641.43;663.55;685.67;707.79;729.91;752.03;774.14;796.26;818.38;840.50;862.62;884.74;906.85;928.97;951.09;973.21;995.33;1017.45;
LAS_ED;0.00;0.48;2.02;2.51;4.01;6.37;8.95;11.91;14.73;17.36;19.89;22.84;25.51;27.51;29.01;30.16;30.77;30.67;30.36;30.61;31.13;31.52;31.24;29.39;26.49;22.74;19.74;18.47;17.88;16.96;16.14;16.00;16.29;16.51;16.68;16.78;16.77;16.55;16.18;15.79;14.78;13.11;10.28;6.60;3.17;1.25;0.66;
LAS_AC;-14.30;-13.88;-12.57;-12.14;-10.86;-8.83;-6.62;-4.09;-1.67;0.58;2.75;5.28;7.57;9.28;10.56;11.55;12.08;11.99;11.72;11.94;12.39;12.72;12.48;10.90;8.41;5.20;2.62;1.53;1.02;0.24;-0.47;-0.58;-0.34;-0.15;0.00;0.09;0.08;-0.11;-0.43;-0.76;-1.63;-3.06;-5.49;-8.64;-11.58;-13.22;-13.73;

----------------------------------------------------------


