PatientInformation
==========================================================
PatientID;No patientID
Name;,,
Date of Birth;
Sex;
Version;AutoStrainCap2 2.1.0.491925

Results
==========================================================
Global
----------------------------------------------------------
RVFWSL;-28.15;%
RV4CSL;-23.38;%
ED;0.00;ms
ES;332.50;ms

Curves
==========================================================
Longitudinal Strain
Unit [%]
Time [ms];0.00;9.96;19.91;29.87;39.82;49.78;59.73;69.69;79.64;89.60;99.55;109.51;119.46;129.42;139.37;149.33;159.28;169.24;179.19;189.15;199.10;209.06;219.01;228.97;238.92;248.88;258.84;268.79;278.75;288.70;298.66;308.61;318.57;328.52;338.48;348.43;358.39;368.34;378.30;388.25;398.21;408.16;418.12;428.07;438.03;447.98;457.94;467.89;477.85;487.81;497.76;507.72;517.67;527.63;537.58;547.54;557.49;567.45;577.40;587.36;597.31;607.27;617.22;627.18;637.13;647.09;657.04;667.00;676.95;686.91;696.86;706.82;716.77;726.73;736.69;746.64;756.60;766.55;776.51;786.46;796.42;806.37;816.33;826.28;836.24;846.19;856.15;866.10;876.06;886.01;895.97;905.92;915.88;925.83;935.79;945.74;955.70;
Basal;0.00;-1.30;-0.91;2.68;6.21;6.39;4.44;1.59;-0.94;-2.24;-2.66;-2.86;-3.36;-4.89;-6.94;-9.15;-11.21;-12.64;-13.73;-14.54;-15.24;-15.92;-16.58;-17.20;-17.82;-18.38;-19.02;-19.82;-20.87;-22.36;-23.96;-25.47;-26.60;-27.14;-27.09;-26.42;-25.22;-23.30;-21.00;-18.47;-15.86;-13.45;-11.22;-9.35;-7.78;-7.25;-6.99;-6.97;-7.04;-7.00;-7.05;-7.27;-7.81;-8.80;-10.03;-11.30;-12.53;-13.52;-14.38;-15.17;-15.91;-16.61;-17.26;-17.81;-18.10;-18.00;-17.66;-17.18;-16.70;-16.32;-16.00;-15.72;-15.41;-15.03;-14.62;-14.20;-13.82;-13.50;-13.03;-12.22;-10.83;-8.65;-6.10;-3.58;-1.48;-0.30;0.29;0.61;0.78;1.19;1.59;1.99;2.26;2.41;2.34;1.98;1.29;
Mid;0.00;-1.22;-1.61;0.07;1.94;1.94;0.55;-1.57;-3.59;-5.06;-6.00;-6.74;-7.54;-8.64;-9.99;-11.47;-12.96;-14.39;-15.68;-16.81;-17.80;-18.60;-19.29;-19.94;-20.57;-21.34;-22.18;-23.12;-24.15;-25.20;-26.22;-27.13;-27.80;-28.26;-28.28;-27.86;-26.88;-25.35;-23.43;-21.38;-19.41;-17.76;-16.40;-15.23;-14.15;-13.21;-12.27;-11.40;-10.64;-9.91;-9.33;-8.92;-8.72;-8.98;-9.37;-9.84;-10.26;-10.59;-10.81;-11.03;-11.30;-11.67;-12.09;-12.48;-12.69;-12.72;-12.55;-12.31;-12.04;-11.89;-11.79;-11.70;-11.59;-11.38;-11.14;-10.87;-10.61;-10.29;-9.84;-9.10;-7.98;-6.52;-4.85;-3.19;-1.78;-0.81;-0.21;0.16;0.38;0.68;0.90;1.07;1.09;0.96;0.66;0.29;-0.05;
Apical;0.00;-1.43;-1.97;-0.42;1.26;1.01;-0.59;-2.82;-4.87;-6.32;-7.19;-7.86;-8.61;-9.87;-11.37;-13.00;-14.60;-15.93;-17.11;-18.15;-19.09;-19.98;-20.81;-21.58;-22.30;-22.95;-23.62;-24.34;-25.16;-26.15;-27.15;-28.03;-28.66;-28.97;-28.91;-28.36;-27.43;-26.22;-24.72;-23.12;-21.54;-20.18;-18.94;-17.78;-16.73;-16.18;-15.71;-15.21;-14.67;-13.92;-13.16;-12.49;-12.01;-11.85;-11.84;-11.92;-12.12;-12.37;-12.70;-13.06;-13.41;-13.67;-13.91;-14.13;-14.26;-14.21;-14.05;-13.84;-13.63;-13.46;-13.30;-13.14;-12.96;-12.72;-12.46;-12.20;-11.95;-11.71;-11.35;-10.71;-9.62;-7.92;-5.89;-3.83;-2.02;-0.89;-0.17;0.32;0.65;1.04;1.31;1.49;1.50;1.41;1.19;0.88;0.47;

----------------------------------------------------------


