PatientInformation
==========================================================
PatientID;No patientID
Name;,,
Date of Birth;
Sex;
Version;AutoStrainCap2 2.1.0.491925

Results
==========================================================
Global
----------------------------------------------------------
RVFWSL;-27.60;%
RV4CSL;-21.03;%
ED;0.00;ms
ES;316.02;ms

Curves
==========================================================
Longitudinal Strain
Unit [%]
Time [ms];0.00;19.51;39.01;58.52;78.03;97.54;117.04;136.55;156.06;175.56;195.07;214.58;234.09;253.59;273.10;292.61;312.12;331.62;351.13;370.64;390.14;409.65;429.16;448.67;468.17;487.68;507.19;526.69;546.20;565.71;585.22;604.72;624.23;643.74;663.24;682.75;702.26;721.77;741.27;760.78;780.29;799.79;819.30;838.81;858.32;877.82;897.33;
Basal;0.00;-0.11;-0.44;-1.26;-2.42;-4.52;-6.99;-9.30;-11.49;-13.70;-15.77;-17.79;-19.51;-20.96;-22.29;-23.43;-24.19;-24.23;-23.83;-23.48;-22.50;-20.42;-17.25;-14.38;-11.91;-10.41;-9.63;-9.51;-9.42;-8.87;-8.43;-8.52;-8.97;-9.35;-9.68;-9.84;-9.96;-10.11;-9.84;-8.74;-6.86;-4.70;-2.48;-0.75;-0.07;-0.38;-0.71;
Mid;0.00;-1.21;-2.82;-4.24;-5.70;-7.75;-10.08;-12.26;-14.37;-16.85;-19.08;-20.98;-22.52;-23.87;-25.13;-26.25;-27.03;-27.61;-27.15;-25.17;-22.73;-20.59;-18.13;-15.71;-13.68;-12.23;-11.41;-11.14;-10.84;-10.20;-9.63;-9.75;-10.24;-10.61;-10.95;-11.27;-11.55;-11.80;-11.58;-10.49;-8.43;-5.58;-2.72;-0.96;-0.33;-0.47;-0.54;
Apical;0.00;-1.05;-2.50;-3.92;-5.66;-8.16;-10.93;-13.72;-16.51;-18.86;-21.08;-23.19;-25.02;-26.76;-28.32;-29.84;-30.53;-29.29;-27.01;-24.49;-22.04;-19.99;-17.75;-15.73;-13.78;-12.38;-11.41;-10.79;-10.21;-9.57;-9.11;-9.09;-9.48;-9.83;-10.22;-10.45;-10.58;-10.65;-10.43;-9.66;-7.90;-5.17;-2.40;-0.80;-0.39;-0.53;-0.55;

----------------------------------------------------------


