PatientInformation
==========================================================
PatientID;No patientID
Name;,,
Date of Birth;
Sex;
Version;AutoStrainCap2 2.1.0.491925

Results
==========================================================
Global
----------------------------------------------------------
LaSr_ED;34.39;%
LaScd_ED;-18.67;%
LaSct_ED;-15.72;%
LaSr_AC;29.72;%
LaScd_AC;-16.13;%
LaSct_AC;-13.59;%
ED;0.00;ms
ES;454.05;ms
PreA;691.56;ms

Curves
==========================================================
Longitudinal Strain
Unit [%]
Time [ms];0.00;9.98;19.96;29.94;39.92;49.90;59.88;69.85;79.83;89.81;99.79;109.77;119.75;129.73;139.71;149.69;159.67;169.65;179.63;189.60;199.58;209.56;219.54;229.52;239.50;249.48;259.46;269.44;279.42;289.40;299.38;309.36;319.33;329.31;339.29;349.27;359.25;369.23;379.21;389.19;399.17;409.15;419.13;429.11;439.08;449.06;459.04;469.02;479.00;488.98;498.96;508.94;518.92;528.90;538.88;548.86;558.83;568.81;578.79;588.77;598.75;608.73;618.71;628.69;638.67;648.65;658.63;668.61;678.59;688.56;698.54;708.52;718.50;728.48;738.46;748.44;758.42;768.40;778.38;788.36;798.34;808.31;818.29;828.27;838.25;848.23;858.21;868.19;878.17;888.15;898.13;908.11;918.09;
LAS_ED;0.00;-2.63;-5.14;-4.36;-2.46;-1.96;-2.16;-2.64;-2.79;-1.83;-0.25;1.64;3.43;4.41;5.18;5.93;7.05;8.70;10.80;12.98;15.21;17.05;18.75;20.30;21.67;23.05;24.22;25.34;26.21;26.78;27.19;27.57;27.95;28.39;28.86;29.14;29.43;30.12;30.86;31.54;32.24;32.77;33.24;33.69;33.94;34.33;34.34;33.93;33.09;30.74;28.14;25.50;23.04;21.16;19.59;18.33;17.18;16.31;15.55;14.98;14.80;14.88;15.27;15.67;15.99;16.02;15.92;15.79;15.72;15.71;15.77;15.89;16.01;16.15;16.28;16.36;16.47;16.53;16.46;16.15;15.30;13.80;11.84;9.57;7.43;5.17;3.29;1.45;0.04;-1.58;-2.44;-2.69;-1.81;
LAS_AC;-13.58;-15.85;-18.02;-17.34;-15.70;-15.27;-15.44;-15.86;-15.99;-15.16;-13.79;-12.16;-10.61;-9.76;-9.10;-8.45;-7.48;-6.05;-4.24;-2.36;-0.44;1.15;2.63;3.97;5.15;6.35;7.36;8.32;9.07;9.57;9.92;10.25;10.58;10.96;11.36;11.61;11.86;12.46;13.09;13.68;14.28;14.74;15.15;15.54;15.76;16.09;16.10;15.75;15.02;12.99;10.75;8.46;6.33;4.71;3.36;2.26;1.27;0.52;-0.14;-0.63;-0.79;-0.72;-0.38;-0.04;0.24;0.27;0.18;0.07;0.01;0.00;0.05;0.16;0.26;0.38;0.49;0.56;0.66;0.71;0.65;0.38;-0.35;-1.65;-3.34;-5.31;-7.15;-9.11;-10.73;-12.33;-13.54;-14.94;-15.68;-15.90;-15.14;

----------------------------------------------------------


