PatientInformation
==========================================================
PatientID;No patientID
Name;,,
Date of Birth;
Sex;
Version;AutoStrainCap2 2.1.0.491925

Results
==========================================================
Global
----------------------------------------------------------
RVFWSL;-42.47;%
RV4CSL;-27.34;%
ED;0.00;ms
ES;405.35;ms

Curves
==========================================================
Longitudinal Strain
Unit [%]
Time [ms];0.00;11.14;22.27;33.41;44.54;55.68;66.82;77.95;89.09;100.22;111.36;122.50;133.63;144.77;155.90;167.04;178.18;189.31;200.45;211.58;222.72;233.86;244.99;256.13;267.26;278.40;289.54;300.67;311.81;322.94;334.08;345.22;356.35;367.49;378.62;389.76;400.90;412.03;423.17;434.30;445.44;456.58;467.71;478.85;489.98;501.12;512.26;523.39;534.53;545.66;556.80;567.94;579.07;590.21;601.34;612.48;623.62;634.75;645.89;657.02;668.16;679.30;690.43;701.57;712.70;723.84;734.98;746.11;757.25;768.38;779.52;790.66;801.79;812.93;824.06;835.20;846.34;857.47;868.61;879.74;890.88;902.02;913.15;
Basal;0.00;-1.54;-3.41;-5.54;-7.48;-9.07;-10.30;-11.38;-12.30;-13.33;-14.34;-15.44;-16.73;-18.27;-20.10;-22.17;-24.46;-26.82;-29.15;-31.22;-32.78;-33.61;-33.95;-34.10;-34.41;-35.12;-36.13;-37.20;-38.09;-38.88;-39.55;-40.36;-41.56;-43.16;-44.96;-46.68;-47.73;-47.60;-46.67;-45.22;-43.63;-42.12;-40.54;-38.63;-35.81;-32.22;-27.88;-23.65;-20.23;-18.71;-18.00;-17.50;-16.70;-15.13;-13.27;-11.46;-10.07;-9.29;-9.11;-9.24;-9.58;-9.94;-10.27;-10.50;-10.61;-10.56;-10.46;-10.48;-10.74;-11.45;-12.33;-13.13;-13.70;-13.73;-13.33;-12.41;-10.93;-8.77;-6.34;-3.94;-2.11;-0.65;-0.02;
Mid;0.00;-0.25;-0.81;-1.71;-2.69;-3.83;-4.96;-6.12;-7.32;-8.92;-10.57;-12.27;-13.98;-15.55;-17.16;-18.83;-20.48;-21.95;-23.25;-24.32;-25.05;-25.40;-25.48;-25.45;-25.61;-26.01;-26.68;-27.42;-28.05;-28.81;-29.53;-30.46;-31.83;-33.96;-36.32;-38.65;-40.20;-40.08;-39.05;-37.44;-35.66;-33.86;-32.01;-29.80;-26.81;-23.01;-18.57;-14.26;-10.84;-9.46;-8.98;-8.83;-8.65;-8.21;-7.68;-7.20;-6.95;-6.86;-7.08;-7.47;-7.92;-8.24;-8.46;-8.61;-8.72;-8.82;-8.96;-9.20;-9.57;-10.13;-10.73;-11.19;-11.33;-11.00;-10.25;-9.12;-7.84;-6.68;-5.57;-4.42;-3.49;-2.00;-0.84;
Apical;0.00;0.02;-0.15;-0.64;-1.36;-2.39;-3.56;-4.83;-6.08;-7.54;-8.98;-10.50;-12.18;-14.03;-16.06;-18.15;-20.16;-21.73;-23.04;-24.07;-24.77;-25.27;-25.59;-25.91;-26.48;-27.43;-28.66;-29.93;-30.95;-31.37;-31.49;-31.59;-31.93;-32.85;-33.83;-35.04;-35.59;-35.69;-35.03;-33.82;-32.34;-30.84;-29.18;-27.25;-24.98;-22.13;-19.08;-16.09;-13.48;-11.88;-10.81;-10.00;-9.23;-8.20;-7.17;-6.26;-5.66;-5.47;-5.64;-6.03;-6.56;-7.17;-7.76;-8.29;-8.71;-8.91;-9.06;-9.24;-9.55;-10.13;-10.75;-11.24;-11.43;-11.30;-10.78;-9.91;-8.75;-7.25;-5.65;-4.05;-2.77;-1.46;-0.58;

----------------------------------------------------------


