PatientInformation
==========================================================
PatientID;No patientID
Name;,,
Date of Birth;
Sex;
Version;AutoStrainCap2 2.1.0.491925

Results
==========================================================
Global
----------------------------------------------------------
LaSr_ED;17.78;%
LaScd_ED;-9.18;%
LaSct_ED;-8.60;%
LaSr_AC;16.37;%
LaScd_AC;-8.45;%
LaSct_AC;-7.92;%
ED;0.00;ms
ES;428.75;ms
PreA;713.60;ms

Curves
==========================================================
Longitudinal Strain
Unit [%]
Time [ms];0.00;14.68;29.37;44.05;58.73;73.42;88.10;102.78;117.47;132.15;146.83;161.52;176.20;190.88;205.56;220.25;234.93;249.61;264.30;278.98;293.66;308.35;323.03;337.71;352.40;367.08;381.76;396.45;411.13;425.81;440.50;455.18;469.86;484.55;499.23;513.91;528.59;543.28;557.96;572.64;587.33;602.01;616.69;631.38;646.06;660.74;675.43;690.11;704.79;719.48;734.16;748.84;763.53;778.21;792.89;807.58;822.26;836.94;851.63;866.31;880.99;895.67;910.36;925.04;939.72;954.41;969.09;983.77;
LAS_ED;0.00;-0.28;-0.62;-0.76;-0.24;0.61;1.61;2.23;2.59;2.91;2.98;3.39;3.73;4.73;5.75;7.28;8.97;10.82;12.37;13.36;14.06;14.76;15.60;16.44;17.08;17.21;17.19;17.29;17.50;17.77;17.66;17.21;16.47;15.71;14.62;13.48;12.32;11.25;10.32;9.64;9.32;9.26;9.31;9.59;9.72;9.89;9.42;9.08;8.62;8.63;8.66;8.94;9.15;9.41;9.48;9.28;8.85;8.18;7.46;6.46;5.09;3.20;1.24;-0.24;-0.88;-0.95;-0.58;-0.35;
LAS_AC;-7.95;-8.21;-8.52;-8.65;-8.16;-7.39;-6.46;-5.90;-5.56;-5.27;-5.20;-4.83;-4.52;-3.60;-2.66;-1.25;0.31;2.01;3.44;4.35;5.00;5.64;6.41;7.19;7.77;7.90;7.88;7.97;8.16;8.41;8.31;7.89;7.21;6.51;5.51;4.46;3.40;2.41;1.55;0.93;0.63;0.58;0.63;0.88;1.00;1.16;0.73;0.41;-0.01;0.00;0.03;0.28;0.47;0.71;0.78;0.59;0.20;-0.41;-1.08;-2.00;-3.26;-5.00;-6.80;-8.17;-8.75;-8.82;-8.48;-8.27;

----------------------------------------------------------


