PatientInformation
==========================================================
PatientID;No patientID
Name;,,
Date of Birth;
Sex;
Version;AutoStrainCap2 2.1.0.491925

Results
==========================================================
Global
----------------------------------------------------------
RVFWSL;-30.06;%
RV4CSL;-15.84;%
ED;0.00;ms
ES;547.18;ms

Curves
==========================================================
Longitudinal Strain
Unit [%]
Time [ms];0.00;9.75;19.51;29.26;39.01;48.77;58.52;68.28;78.03;87.78;97.54;107.29;117.04;126.80;136.55;146.30;156.06;165.81;175.56;185.32;195.07;204.83;214.58;224.33;234.09;243.84;253.59;263.35;273.10;282.85;292.61;302.36;312.12;321.87;331.62;341.38;351.13;360.88;370.64;380.39;390.14;399.90;409.65;419.40;429.16;438.91;448.67;458.42;468.17;477.93;487.68;497.43;507.19;516.94;526.69;536.45;546.20;555.95;565.71;575.46;585.22;594.97;604.72;614.48;624.23;633.98;643.74;653.49;663.24;673.00;682.75;692.51;702.26;712.01;721.77;731.52;741.27;751.03;760.78;770.53;780.29;790.04;799.79;809.55;819.30;829.06;838.81;848.56;858.32;868.07;877.82;887.58;897.33;907.08;916.84;926.59;936.35;946.10;955.85;965.61;975.36;985.11;994.87;1004.62;
Basal;0.00;-0.87;-1.35;-1.76;-2.19;-2.89;-3.70;-4.75;-5.84;-6.94;-8.08;-9.37;-10.78;-12.27;-13.79;-15.33;-16.95;-18.57;-20.18;-21.77;-23.35;-24.92;-26.43;-27.80;-28.99;-30.01;-30.82;-31.50;-32.05;-32.48;-32.77;-32.94;-32.98;-32.93;-32.80;-32.67;-32.49;-32.33;-32.14;-31.97;-31.75;-31.58;-31.25;-30.77;-30.15;-29.44;-28.78;-28.27;-28.05;-28.22;-28.91;-30.23;-31.88;-33.57;-35.09;-36.22;-36.92;-37.01;-36.41;-34.99;-32.64;-29.30;-25.30;-21.05;-17.07;-13.88;-11.92;-11.00;-10.81;-11.04;-11.35;-11.49;-11.47;-11.37;-11.25;-11.21;-11.30;-11.49;-11.73;-11.99;-12.23;-12.39;-12.48;-12.47;-12.36;-12.10;-11.72;-11.16;-10.45;-9.56;-8.58;-7.35;-6.03;-4.53;-2.94;-1.13;0.63;2.42;3.89;4.98;5.33;4.64;3.29;1.69;
Mid;0.00;-0.68;-0.89;-0.91;-0.90;-1.08;-1.45;-2.01;-2.59;-3.16;-3.67;-4.10;-4.57;-5.09;-5.65;-6.26;-7.08;-7.93;-8.78;-9.64;-10.50;-11.40;-12.28;-13.13;-13.93;-14.73;-15.68;-16.64;-17.54;-18.34;-18.97;-19.45;-19.76;-19.98;-20.13;-20.29;-20.54;-20.80;-21.05;-21.25;-21.35;-21.27;-21.02;-20.62;-20.14;-19.67;-19.48;-19.50;-19.77;-20.34;-21.27;-22.42;-23.76;-25.07;-26.23;-27.02;-27.55;-27.49;-26.80;-25.36;-23.03;-19.63;-15.61;-11.45;-7.57;-4.53;-2.80;-2.11;-2.09;-2.48;-2.92;-3.13;-3.16;-3.12;-3.05;-3.04;-3.11;-3.26;-3.46;-3.67;-3.87;-4.03;-4.14;-4.17;-4.14;-4.02;-3.91;-3.66;-3.29;-2.75;-2.09;-1.32;-0.47;0.55;1.61;2.80;3.96;5.06;5.81;6.16;5.88;4.91;3.40;1.70;
Apical;0.00;-1.07;-1.56;-1.79;-2.00;-2.41;-2.92;-3.68;-4.56;-5.48;-6.40;-7.51;-8.55;-9.50;-10.35;-11.12;-12.02;-12.88;-13.73;-14.55;-15.37;-16.14;-16.90;-17.62;-18.30;-18.96;-19.62;-20.26;-20.83;-21.35;-21.75;-22.14;-22.39;-22.56;-22.64;-22.68;-22.73;-22.75;-22.70;-22.60;-22.41;-22.16;-21.75;-21.23;-20.63;-19.99;-19.42;-18.97;-18.74;-18.78;-19.15;-19.86;-20.75;-21.61;-22.28;-22.54;-22.51;-21.92;-20.79;-19.09;-16.75;-14.02;-10.88;-7.70;-4.77;-2.49;-0.95;-0.19;0.04;-0.08;-0.28;-0.41;-0.43;-0.43;-0.40;-0.43;-0.51;-0.65;-0.81;-0.96;-1.10;-1.19;-1.25;-1.26;-1.26;-1.18;-1.09;-0.88;-0.56;-0.04;0.65;1.61;2.75;4.09;5.52;7.09;8.55;9.90;10.82;11.17;10.62;8.59;5.83;2.86;

----------------------------------------------------------


