PatientInformation
==========================================================
PatientID;No patientID
Name;,,
Date of Birth;
Sex;
Version;AutoStrainCap2 2.1.0.491925

Results
==========================================================
Global
----------------------------------------------------------
LaSr_ED;13.54;%
LaScd_ED;-14.32;%
LaSct_ED;0.78;%
LaSr_AC;13.65;%
LaScd_AC;-14.44;%
LaSct_AC;0.79;%
ED;0.00;ms
ES;354.42;ms
PreA;550.84;ms

Curves
==========================================================
Longitudinal Strain
Unit [%]
Time [ms];0.00;21.35;42.70;64.05;85.40;106.75;128.10;149.45;170.80;192.15;213.50;234.85;256.20;277.56;298.91;320.26;341.61;362.96;384.31;405.66;427.01;448.36;469.71;491.06;512.41;533.76;555.11;576.46;597.81;619.16;640.51;661.86;683.21;704.56;725.91;
LAS_ED;0.00;1.77;1.86;2.21;2.52;3.00;3.22;4.30;5.44;5.98;7.07;8.60;9.95;10.21;10.64;11.82;13.26;13.39;11.90;9.42;5.19;1.79;0.67;-0.70;-0.80;-0.94;-0.84;-1.78;-1.16;-1.75;-1.61;-2.06;-1.85;-1.65;-0.90;
LAS_AC;0.85;2.64;2.73;3.08;3.39;3.88;4.10;5.18;6.34;6.87;7.98;9.52;10.88;11.14;11.58;12.77;14.22;14.35;12.85;10.35;6.08;2.66;1.53;0.14;0.04;-0.10;0.00;-0.95;-0.32;-0.91;-0.77;-1.23;-1.02;-0.82;-0.06;

----------------------------------------------------------


