PatientInformation
==========================================================
PatientID;No patientID
Name;,,
Date of Birth;
Sex;
Version;AutoStrainCap2 2.1.0.491925

Results
==========================================================
Global
----------------------------------------------------------
RVFWSL;-19.25;%
RV4CSL;-18.36;%
ED;0.00;ms
ES;359.65;ms

Curves
==========================================================
Longitudinal Strain
Unit [%]
Time [ms];0.00;16.13;32.26;48.38;64.51;80.64;96.77;112.90;129.02;145.15;161.28;177.41;193.54;209.66;225.79;241.92;258.05;274.18;290.30;306.43;322.56;338.69;354.82;370.94;387.07;403.20;419.33;435.46;451.58;467.71;483.84;499.97;516.10;532.22;548.35;564.48;580.61;596.74;612.86;628.99;645.12;661.25;677.38;693.50;709.63;725.76;741.89;758.02;774.14;790.27;806.40;
Basal;0.00;1.28;2.03;1.44;0.29;-1.30;-2.69;-3.51;-4.38;-5.66;-7.27;-8.85;-10.32;-11.78;-12.72;-13.17;-13.28;-13.51;-13.83;-14.31;-15.04;-15.96;-16.51;-16.40;-15.46;-13.79;-11.07;-6.99;-3.79;-3.71;-5.56;-8.22;-9.88;-8.91;-6.74;-4.57;-2.83;-2.12;-1.98;-2.03;-2.02;-1.92;-1.66;-1.38;-1.10;-0.86;-0.63;-0.44;-0.33;-0.37;-0.35;
Mid;0.00;0.33;0.38;-0.45;-1.66;-3.22;-4.69;-5.90;-7.19;-8.77;-10.52;-12.25;-13.92;-15.61;-16.96;-17.84;-18.32;-18.43;-18.44;-18.56;-18.79;-19.19;-19.03;-17.71;-15.78;-14.07;-11.56;-7.63;-4.39;-3.86;-5.02;-6.60;-7.53;-6.91;-5.42;-3.89;-2.59;-1.80;-1.47;-1.57;-1.66;-1.48;-1.14;-0.84;-0.59;-0.34;-0.09;0.17;0.37;0.41;0.28;
Apical;0.00;0.07;0.00;-1.15;-2.65;-4.22;-5.61;-6.75;-8.01;-9.68;-11.53;-13.31;-15.00;-16.74;-18.07;-18.86;-19.39;-20.02;-20.56;-20.81;-21.16;-21.97;-22.31;-21.26;-19.40;-17.40;-14.35;-9.58;-5.58;-4.69;-5.62;-6.99;-7.70;-6.83;-4.97;-2.66;-0.65;0.13;0.21;0.04;-0.08;0.07;0.39;0.61;0.78;0.93;1.08;1.21;1.28;1.25;0.90;

----------------------------------------------------------


