PatientInformation
==========================================================
PatientID;No patientID
Name;,,
Date of Birth;
Sex;
Version;AutoStrainCap2 2.1.0.491925

Results
==========================================================
Global
----------------------------------------------------------
LaSr_ED;20.41;%
LaScd_ED;-11.39;%
LaSct_ED;-9.01;%
LaSr_AC;18.73;%
LaScd_AC;-10.46;%
LaSct_AC;-8.27;%
ED;0.00;ms
ES;303.18;ms
PreA;642.65;ms

Curves
==========================================================
Longitudinal Strain
Unit [%]
Time [ms];0.00;21.35;42.70;64.05;85.40;106.75;128.10;149.45;170.80;192.15;213.50;234.85;256.20;277.56;298.91;320.26;341.61;362.96;384.31;405.66;427.01;448.36;469.71;491.06;512.41;533.76;555.11;576.46;597.81;619.16;640.51;661.86;683.21;704.56;725.91;747.26;768.61;789.97;811.32;832.67;854.02;875.37;896.72;918.07;939.42;960.77;
LAS_ED;0.00;-2.70;-1.38;1.80;4.86;5.40;5.68;7.14;9.44;11.88;14.36;16.45;18.23;19.61;20.37;20.22;19.85;19.86;19.48;18.65;17.07;14.49;11.83;9.39;7.58;6.53;6.31;6.60;7.26;8.22;8.94;9.65;10.21;10.52;10.88;11.10;10.93;9.93;8.27;5.75;3.53;2.42;2.14;2.60;2.75;1.40;
LAS_AC;-8.21;-10.69;-9.47;-6.55;-3.74;-3.25;-2.99;-1.65;0.46;2.70;4.97;6.89;8.53;9.80;10.50;10.36;10.01;10.03;9.68;8.91;7.46;5.09;2.66;0.41;-1.25;-2.21;-2.41;-2.14;-1.54;-0.66;0.00;0.65;1.16;1.45;1.78;1.98;1.83;0.91;-0.62;-2.92;-4.96;-5.98;-6.24;-5.82;-5.68;-6.92;

----------------------------------------------------------


