PatientInformation
==========================================================
PatientID;No patientID
Name;,,
Date of Birth;
Sex;
Version;AutoStrainCap2 2.1.0.491925

Results
==========================================================
Global
----------------------------------------------------------
RVFWSL;-26.02;%
RV4CSL;-23.44;%
ED;0.00;ms
ES;438.35;ms

Curves
==========================================================
Longitudinal Strain
Unit [%]
Time [ms];0.00;12.01;24.02;36.03;48.04;60.05;72.06;84.07;96.08;108.09;120.10;132.11;144.12;156.12;168.13;180.14;192.15;204.16;216.17;228.18;240.19;252.20;264.21;276.22;288.23;300.24;312.25;324.26;336.27;348.28;360.29;372.30;384.31;396.32;408.33;420.34;432.35;444.36;456.36;468.37;480.38;492.39;504.40;516.41;528.42;540.43;552.44;564.45;576.46;588.47;600.48;612.49;624.50;636.51;648.52;660.53;672.54;684.55;696.56;708.57;720.58;732.59;744.60;756.61;768.61;780.62;792.63;804.64;816.65;828.66;840.67;852.68;864.69;876.70;888.71;900.72;912.73;924.74;936.75;948.76;960.77;972.78;984.79;996.80;1008.81;1020.82;1032.83;1044.84;1056.85;1068.85;1080.86;
Basal;0.00;-0.33;-0.88;-1.63;-2.40;-3.37;-4.33;-5.31;-6.33;-7.18;-8.24;-9.64;-11.39;-13.96;-16.51;-18.79;-20.78;-22.02;-23.03;-23.62;-24.00;-24.25;-24.50;-24.69;-24.83;-24.85;-24.85;-24.79;-24.73;-24.64;-24.57;-24.55;-24.54;-24.75;-24.88;-24.92;-24.81;-24.60;-24.07;-23.10;-21.65;-19.43;-16.98;-14.52;-12.34;-11.04;-10.09;-9.36;-8.67;-8.11;-7.52;-6.95;-6.48;-5.83;-5.37;-5.08;-5.04;-5.18;-5.50;-5.90;-6.29;-6.63;-6.90;-7.12;-7.25;-7.37;-7.45;-7.55;-7.70;-7.93;-8.07;-7.98;-7.41;-6.38;-4.86;-3.18;-1.35;-0.54;0.37;1.26;2.03;3.45;4.50;5.10;4.99;3.98;2.56;1.16;0.23;-0.23;-0.18;
Mid;0.00;-0.26;-0.79;-1.45;-2.16;-2.99;-3.81;-4.61;-5.47;-6.28;-7.35;-8.87;-10.90;-13.92;-17.02;-19.87;-22.33;-24.00;-25.30;-26.14;-26.78;-27.58;-28.47;-29.29;-30.01;-30.30;-30.47;-30.49;-30.46;-30.24;-30.02;-29.84;-29.78;-30.14;-30.48;-30.64;-30.39;-29.53;-28.11;-26.33;-24.41;-22.37;-20.50;-18.84;-17.36;-15.95;-14.63;-13.41;-12.24;-11.45;-10.68;-9.99;-9.42;-8.88;-8.55;-8.39;-8.45;-8.68;-9.06;-9.51;-9.96;-10.37;-10.73;-11.04;-11.28;-11.43;-11.55;-11.67;-11.84;-12.04;-12.17;-12.10;-11.68;-10.87;-9.66;-8.14;-6.26;-4.30;-2.11;0.05;1.94;2.95;3.40;3.28;2.63;1.83;0.82;-0.15;-0.72;-0.77;-0.42;
Apical;0.00;-0.38;-0.94;-1.59;-2.16;-3.06;-3.88;-4.71;-5.72;-6.62;-7.89;-9.61;-11.60;-14.69;-17.58;-20.10;-22.14;-22.99;-23.50;-23.48;-23.21;-22.79;-22.48;-22.21;-22.07;-21.97;-22.00;-22.06;-22.10;-21.94;-21.74;-21.58;-21.50;-21.94;-22.29;-22.37;-21.98;-21.11;-19.80;-18.25;-16.82;-15.20;-13.93;-12.86;-11.86;-11.44;-10.92;-10.34;-9.55;-8.94;-8.19;-7.51;-7.03;-6.48;-6.26;-6.26;-6.52;-6.71;-7.03;-7.38;-7.69;-8.01;-8.24;-8.41;-8.51;-8.60;-8.67;-8.73;-8.81;-8.91;-8.94;-8.84;-8.48;-8.04;-7.24;-6.16;-4.58;-3.52;-1.99;-0.38;1.04;2.77;3.92;4.51;4.37;3.73;2.68;1.59;0.84;0.27;0.09;

----------------------------------------------------------


