PatientInformation
==========================================================
PatientID;No patientID
Name;,,
Date of Birth;
Sex;
Version;AutoStrainCap2 2.1.0.491925

Results
==========================================================
Global
----------------------------------------------------------
LaSr_ED;20.51;%
LaScd_ED;-12.07;%
LaSct_ED;-8.44;%
LaSr_AC;18.92;%
LaScd_AC;-11.13;%
LaSct_AC;-7.79;%
ED;0.00;ms
ES;390.19;ms
PreA;829.41;ms

Curves
==========================================================
Longitudinal Strain
Unit [%]
Time [ms];0.00;20.43;40.86;61.29;81.72;102.14;122.57;143.00;163.43;183.86;204.29;224.72;245.15;265.57;286.00;306.43;326.86;347.29;367.72;388.15;408.58;429.00;449.43;469.86;490.29;510.72;531.15;551.58;572.01;592.44;612.86;633.29;653.72;674.15;694.58;715.01;735.44;755.87;776.29;796.72;817.15;837.58;858.01;878.44;898.87;919.30;939.73;960.15;980.58;1001.01;1021.44;1041.87;1062.30;1082.73;1103.16;1123.58;1144.01;1164.44;1184.87;1205.30;1225.73;1246.16;
LAS_ED;0.00;-0.08;0.49;1.78;2.58;3.66;4.74;6.16;7.63;9.11;10.55;11.95;13.42;15.03;16.61;18.08;19.13;19.92;20.35;20.51;20.46;20.49;20.48;20.43;19.65;17.78;15.51;13.17;11.68;10.56;10.24;10.23;10.59;10.88;10.69;10.30;9.76;9.37;8.98;8.77;8.49;8.43;8.39;8.64;8.82;9.04;8.99;8.96;8.87;8.92;8.94;9.01;8.87;8.73;8.55;8.55;8.42;8.23;7.51;6.48;4.89;2.37;
LAS_AC;-7.77;-7.85;-7.32;-6.13;-5.39;-4.40;-3.40;-2.09;-0.74;0.63;1.96;3.24;4.60;6.09;7.54;8.90;9.86;10.59;10.99;11.14;11.09;11.12;11.12;11.06;10.34;8.62;6.53;4.37;3.00;1.96;1.67;1.66;1.99;2.26;2.08;1.73;1.23;0.86;0.51;0.32;0.06;0.00;-0.04;0.19;0.36;0.56;0.52;0.49;0.41;0.45;0.47;0.53;0.41;0.28;0.11;0.11;-0.01;-0.19;-0.85;-1.80;-3.26;-5.59;

----------------------------------------------------------


