PatientInformation
==========================================================
PatientID;No patientID
Name;,,
Date of Birth;
Sex;
Version;AutoStrainCap2 2.1.0.491925

Results
==========================================================
Global
----------------------------------------------------------
RVFWSL;-34.64;%
RV4CSL;-29.00;%
ED;0.00;ms
ES;455.56;ms

Curves
==========================================================
Longitudinal Strain
Unit [%]
Time [ms];0.00;20.43;40.86;61.29;81.72;102.14;122.57;143.00;163.43;183.86;204.29;224.72;245.15;265.57;286.00;306.43;326.86;347.29;367.72;388.15;408.58;429.00;449.43;469.86;490.29;510.72;531.15;551.58;572.01;592.44;612.86;633.29;653.72;674.15;694.58;715.01;735.44;755.87;776.29;796.72;817.15;837.58;858.01;878.44;898.87;919.30;939.73;960.15;980.58;1001.01;1021.44;1041.87;1062.30;1082.73;1103.16;1123.58;1144.01;1164.44;1184.87;1205.30;1225.73;1246.16;
Basal;0.00;-1.18;-2.56;-4.97;-8.54;-12.63;-16.65;-20.03;-23.07;-25.74;-28.05;-30.15;-32.13;-34.03;-35.81;-37.09;-38.00;-38.12;-37.99;-37.03;-36.63;-35.81;-35.00;-33.62;-31.64;-28.67;-25.30;-21.95;-19.15;-16.85;-15.09;-13.84;-12.96;-12.19;-11.56;-11.01;-10.73;-10.70;-10.94;-11.28;-11.72;-12.15;-12.59;-13.00;-13.37;-13.71;-13.92;-14.11;-14.25;-14.41;-14.52;-14.64;-14.66;-14.80;-15.07;-15.88;-16.02;-14.80;-11.18;-6.78;-3.19;-0.79;
Mid;0.00;-1.13;-2.23;-4.00;-6.94;-10.27;-13.43;-16.01;-18.24;-20.35;-22.44;-24.48;-26.31;-27.91;-29.15;-30.16;-30.79;-31.24;-31.21;-31.13;-31.22;-31.17;-30.81;-29.97;-28.23;-25.24;-21.71;-18.43;-16.32;-14.86;-13.77;-12.52;-11.40;-10.48;-9.85;-9.48;-9.32;-9.36;-9.55;-9.84;-10.19;-10.55;-10.89;-11.21;-11.47;-11.71;-11.87;-12.02;-12.12;-12.23;-12.29;-12.34;-12.30;-12.38;-12.65;-13.39;-13.53;-12.13;-8.16;-3.38;0.10;0.96;
Apical;0.00;-2.02;-3.91;-6.27;-9.34;-12.67;-15.77;-18.42;-20.92;-23.41;-25.81;-28.03;-29.94;-31.54;-32.77;-33.76;-34.44;-34.98;-35.25;-35.28;-35.19;-34.68;-33.68;-31.96;-29.31;-25.56;-21.43;-17.60;-14.70;-12.49;-10.80;-9.42;-8.35;-7.56;-7.13;-6.97;-7.00;-7.15;-7.40;-7.72;-8.10;-8.48;-8.83;-9.14;-9.39;-9.60;-9.71;-9.77;-9.75;-9.70;-9.60;-9.52;-9.43;-9.47;-9.67;-10.20;-10.17;-8.84;-5.33;-1.38;1.26;1.49;

----------------------------------------------------------


