PatientInformation
==========================================================
PatientID;No patientID
Name;,,
Date of Birth;
Sex;
Version;AutoStrainCap2 2.1.0.491925

Results
==========================================================
Global
----------------------------------------------------------
LaSr_ED;32.20;%
LaScd_ED;-23.58;%
LaSct_ED;-8.63;%
LaSr_AC;29.55;%
LaScd_AC;-21.64;%
LaSct_AC;-7.92;%
ED;0.00;ms
ES;388.15;ms
PreA;725.22;ms

Curves
==========================================================
Longitudinal Strain
Unit [%]
Time [ms];0.00;20.43;40.86;61.29;81.72;102.14;122.57;143.00;163.43;183.86;204.29;224.72;245.15;265.57;286.00;306.43;326.86;347.29;367.72;388.15;408.58;429.00;449.43;469.86;490.29;510.72;531.15;551.58;572.01;592.43;612.86;633.29;653.72;674.15;694.58;715.01;735.44;755.87;776.29;796.72;817.15;837.58;858.01;878.44;898.87;919.30;939.72;960.15;980.58;1001.01;1021.44;1041.87;
LAS_ED;0.00;-2.95;-1.38;-0.06;1.27;4.87;8.85;11.38;13.63;16.05;18.57;21.34;24.02;26.42;28.60;30.19;31.34;31.81;31.97;32.20;31.86;30.70;29.20;28.68;27.30;23.85;19.17;14.05;10.09;8.59;8.35;7.79;7.43;7.11;7.33;8.16;8.97;9.02;8.86;9.05;9.23;9.51;9.38;8.87;7.74;5.38;1.63;-3.87;-7.86;-7.29;-4.00;-0.55;
LAS_AC;-8.23;-10.94;-9.50;-8.29;-7.07;-3.77;-0.11;2.21;4.28;6.49;8.81;11.35;13.81;16.01;18.01;19.48;20.52;20.96;21.11;21.32;21.01;19.94;18.57;18.08;16.82;13.65;9.36;4.66;1.03;-0.35;-0.57;-1.08;-1.41;-1.71;-1.50;-0.75;0.00;0.05;-0.11;0.07;0.24;0.49;0.38;-0.09;-1.13;-3.30;-6.74;-11.78;-15.45;-14.92;-11.91;-8.73;

----------------------------------------------------------


