PatientInformation
==========================================================
PatientID;No patientID
Name;,,
Date of Birth;
Sex;
Version;AutoStrainCap2 2.1.0.491925

Results
==========================================================
Global
----------------------------------------------------------
RVFWSL;-24.54;%
RV4CSL;-15.66;%
ED;0.00;ms
ES;343.53;ms

Curves
==========================================================
Longitudinal Strain
Unit [%]
Time [ms];0.00;16.13;32.26;48.38;64.51;80.64;96.77;112.90;129.02;145.15;161.28;177.41;193.54;209.66;225.79;241.92;258.05;274.18;290.30;306.43;322.56;338.69;354.82;370.94;387.07;403.20;419.33;435.46;451.58;467.71;483.84;499.97;516.10;532.22;548.35;564.48;580.61;596.74;612.86;628.99;645.12;661.25;677.38;693.50;709.63;725.76;741.89;758.02;774.14;790.27;806.40;822.53;838.66;854.78;870.91;887.04;903.17;919.30;935.42;951.55;967.68;983.81;999.94;1016.06;1032.19;1048.32;1064.45;1080.58;1096.70;1112.83;1128.96;1145.09;1161.22;1177.34;1193.47;
Basal;0.00;-3.84;-6.57;-7.30;-8.78;-10.49;-12.39;-13.94;-15.25;-16.17;-16.72;-17.16;-17.66;-18.73;-19.83;-20.64;-20.69;-20.47;-20.40;-20.89;-21.45;-22.32;-22.35;-21.46;-19.99;-18.06;-15.84;-13.35;-10.43;-7.63;-5.28;-4.76;-4.77;-4.84;-4.27;-3.54;-2.94;-2.60;-2.52;-2.61;-2.82;-3.24;-3.88;-4.66;-5.50;-6.29;-6.95;-7.42;-7.71;-7.86;-7.91;-7.93;-8.00;-8.11;-8.22;-8.30;-8.39;-8.51;-8.68;-8.88;-9.05;-9.18;-8.71;-7.14;-3.81;0.42;4.81;8.52;11.41;13.16;13.26;12.12;10.10;7.49;4.17;
Mid;0.00;-1.96;-3.07;-3.49;-4.69;-6.17;-7.57;-8.75;-9.68;-10.43;-11.34;-12.25;-13.41;-14.84;-16.34;-17.48;-17.93;-18.07;-18.31;-19.03;-19.65;-20.13;-19.15;-17.32;-15.05;-13.25;-11.32;-9.16;-6.34;-3.45;-0.98;-0.06;0.20;0.24;0.51;0.76;0.90;1.00;0.97;0.77;0.44;-0.07;-0.70;-1.33;-1.97;-2.58;-3.22;-3.73;-4.09;-4.29;-4.38;-4.43;-4.56;-4.70;-4.86;-4.95;-5.05;-5.16;-5.32;-5.52;-5.76;-6.07;-5.98;-5.02;-2.84;0.10;3.27;6.05;8.30;9.64;9.72;8.76;7.16;5.29;2.98;
Apical;0.00;-3.02;-5.14;-5.98;-7.31;-8.79;-10.24;-11.59;-12.82;-13.95;-15.44;-16.94;-18.67;-20.54;-22.49;-24.16;-25.32;-26.13;-26.87;-27.63;-28.28;-28.35;-27.81;-26.70;-25.10;-23.40;-21.39;-19.21;-16.46;-13.68;-11.33;-10.82;-10.93;-11.10;-10.47;-9.68;-9.02;-8.57;-8.37;-8.35;-8.37;-8.55;-8.82;-9.18;-9.55;-9.90;-10.24;-10.47;-10.58;-10.59;-10.51;-10.39;-10.30;-10.21;-10.15;-10.06;-9.98;-9.92;-9.89;-9.88;-9.90;-9.99;-9.76;-8.82;-6.90;-4.17;-0.95;2.38;5.40;7.49;8.05;7.45;6.20;4.75;2.79;

----------------------------------------------------------


