PatientInformation
==========================================================
PatientID;No patientID
Name;,,
Date of Birth;
Sex;
Version;AutoStrainCap2 2.1.0.491925

Results
==========================================================
Global
----------------------------------------------------------
GLS(3P);-8.55;%
GLS(4Ch);-0.52;%
GLS(2Ch);-16.26;%
GLS(3Ch);-8.88;%
ED;0.00;ms
ES;140.54;ms

Results
==========================================================
Longitudinal Strain
T2P
Minimum
----------------------------------------------------------
Segment 0 [mean];247.25;ms
----------------------------------------------------------
Segment 1 [ant];287.78;ms
Segment 2 [ant/sept];334.63;ms
Segment 3 [inf/sept];103.74;ms
Segment 4 [inf];332.12;ms
Segment 5 [inf/lat];485.21;ms
Segment 6 [ant/lat];108.75;ms
----------------------------------------------------------
Segment 7 [ant];200.78;ms
Segment 8 [ant/sept];348.85;ms
Segment 9 [inf/sept];62.74;ms
Segment 10 [inf];205.80;ms
Segment 11 [inf/lat];504.46;ms
Segment 12 [ant/lat];33.46;ms
----------------------------------------------------------
Segment 13 [ant];216.67;ms
Segment 14 [ant/sept];539.59;ms
Segment 15 [inf/sept];21.75;ms
Segment 16 [inf];231.73;ms
Segment 17 [inf/lat];432.51;ms
Segment 18 [ant/lat];0.00;ms
----------------------------------------------------------


Results
==========================================================
Longitudinal Strain
End-systolic

----------------------------------------------------------
Segment 0 [mean];-3.93;%
----------------------------------------------------------
Segment 1 [ant];-12.69;%
Segment 2 [ant/sept];2.18;%
Segment 3 [inf/sept];-0.84;%
Segment 4 [inf];-9.11;%
Segment 5 [inf/lat];5.59;%
Segment 6 [ant/lat];-1.32;%
----------------------------------------------------------
Segment 7 [ant];-24.63;%
Segment 8 [ant/sept];1.68;%
Segment 9 [inf/sept];-0.90;%
Segment 10 [inf];-17.49;%
Segment 11 [inf/lat];-1.77;%
Segment 12 [ant/lat];1.82;%
----------------------------------------------------------
Segment 13 [ant];-6.97;%
Segment 14 [ant/sept];-6.07;%
Segment 15 [inf/sept];3.92;%
Segment 16 [inf];-15.81;%
Segment 17 [inf/lat];5.78;%
Segment 18 [ant/lat];5.96;%
----------------------------------------------------------


Results
==========================================================
Longitudinal Strain
Peak-systolic

----------------------------------------------------------
Segment 0 [mean];-6.04;%
----------------------------------------------------------
Segment 1 [ant];-12.69;%
Segment 2 [ant/sept];-4.43;%
Segment 3 [inf/sept];-1.26;%
Segment 4 [inf];-9.11;%
Segment 5 [inf/lat];0.00;%
Segment 6 [ant/lat];-1.60;%
----------------------------------------------------------
Segment 7 [ant];-24.63;%
Segment 8 [ant/sept];-1.72;%
Segment 9 [inf/sept];-2.27;%
Segment 10 [inf];-17.49;%
Segment 11 [inf/lat];-4.19;%
Segment 12 [ant/lat];-0.43;%
----------------------------------------------------------
Segment 13 [ant];-6.97;%
Segment 14 [ant/sept];-6.07;%
Segment 15 [inf/sept];-0.06;%
Segment 16 [inf];-15.81;%
Segment 17 [inf/lat];0.00;%
Segment 18 [ant/lat];0.00;%
----------------------------------------------------------


Curves
==========================================================
Longitudinal Strain
Unit [%]
Time [ms];0.00;8.37;16.73;25.10;33.46;41.83;50.19;58.56;66.93;75.29;83.66;92.02;100.39;108.75;117.12;125.49;133.85;142.22;150.58;158.95;167.32;175.68;184.05;192.41;200.78;209.14;217.51;225.88;234.24;242.61;250.97;259.34;267.70;276.07;284.44;292.80;301.17;309.53;317.90;326.26;334.63;343.00;351.36;359.73;368.09;376.46;384.82;393.19;401.56;409.92;418.29;426.65;435.02;443.39;451.75;460.12;468.48;476.85;485.21;493.58;501.95;510.31;518.68;527.04;535.41;543.77;552.14;560.51;568.87;577.24;585.60;593.97;602.33;610.70;619.07;627.43;635.80;644.16;652.53;660.89;669.26;677.63;685.99;694.36;702.72;711.09;719.46;727.82;736.19;744.55;752.92;761.28;769.65;778.02;786.38;794.75;803.11;811.48;819.84;828.21;836.58;844.94;853.31;861.67;870.04;878.40;886.77;895.14;903.50;911.87;920.23;928.60;
Total;0.00;-0.16;-0.52;-0.83;-1.04;-1.21;-1.43;-1.69;-1.98;-2.29;-2.61;-2.89;-3.16;-3.39;-3.57;-3.68;-3.74;-3.72;-3.66;-3.56;-3.41;-3.25;-3.07;-2.90;-2.76;-2.64;-2.61;-2.61;-2.62;-2.62;-2.62;-2.61;-2.58;-2.48;-2.34;-2.17;-1.96;-1.69;-1.42;-1.15;-0.92;-0.81;-0.77;-0.79;-0.85;-0.90;-1.01;-1.11;-1.20;-1.27;-1.31;-1.30;-1.23;-1.12;-1.01;-0.89;-0.89;-0.96;-1.01;-1.04;-1.04;-0.91;-0.66;-0.33;0.03;0.38;0.67;0.90;1.09;1.25;1.39;1.51;1.63;1.74;1.83;1.91;1.95;1.96;1.94;1.90;1.83;1.80;1.74;1.69;1.63;1.60;1.56;1.55;1.55;1.57;1.63;1.64;1.66;1.67;1.66;1.63;1.54;1.39;1.23;1.04;0.85;0.69;0.49;0.30;0.10;-0.10;-0.30;-0.44;-0.51;-0.53;-0.41;-0.18;
Segment 1;0.00;-1.75;-3.36;-5.04;-6.79;-8.41;-9.61;-10.64;-11.36;-11.93;-12.13;-12.28;-12.13;-12.05;-11.90;-12.08;-12.29;-12.80;-13.26;-13.76;-13.97;-14.29;-14.27;-14.22;-13.99;-13.83;-13.49;-13.32;-13.18;-13.36;-13.81;-14.77;-15.92;-16.98;-17.69;-17.56;-16.31;-14.14;-11.68;-9.17;-7.15;-6.18;-5.91;-5.97;-6.27;-6.50;-6.77;-6.85;-6.87;-6.84;-6.76;-6.73;-6.65;-6.58;-6.45;-6.27;-5.93;-5.52;-5.14;-4.74;-4.52;-4.18;-4.05;-3.93;-3.95;-3.95;-4.31;-4.63;-5.00;-5.34;-5.61;-5.92;-6.15;-6.37;-6.60;-6.90;-7.27;-7.63;-8.00;-8.02;-7.96;-6.54;-5.12;-3.37;-1.96;-0.64;-0.33;-0.16;-0.17;-0.06;0.49;0.76;1.48;2.16;2.69;2.76;2.08;0.99;-0.27;-1.39;-2.30;-2.39;-2.15;-1.46;-0.50;0.85;2.57;4.33;5.75;6.32;5.83;3.09;
Segment 2;0.00;-2.74;-4.35;-3.85;-1.50;1.13;2.17;2.38;2.07;1.51;0.95;0.60;0.48;0.53;0.73;1.07;1.65;2.32;3.07;3.88;4.56;5.43;6.19;6.76;7.19;7.39;7.15;6.66;5.92;4.89;3.83;2.22;0.50;-1.17;-2.90;-4.35;-5.56;-6.52;-7.18;-7.52;-7.82;-7.48;-6.89;-6.22;-5.29;-4.35;-3.60;-2.91;-2.24;-1.67;-0.97;-0.67;-0.57;-0.44;-0.39;-0.59;-0.69;-0.78;-0.91;-0.64;-0.39;0.70;2.44;4.30;6.23;7.90;8.58;8.36;7.79;7.03;6.07;5.67;5.85;6.08;6.29;6.74;6.98;6.97;7.08;6.87;6.62;6.22;5.67;5.13;4.57;4.05;3.58;3.20;2.89;2.61;2.46;2.32;2.14;2.12;2.18;2.33;2.50;2.63;2.81;3.02;3.23;3.43;3.62;3.82;4.08;4.43;4.92;5.57;6.05;6.04;5.32;3.43;
Segment 3;0.00;-0.33;-0.68;-0.97;-1.10;-1.01;-0.81;-0.65;-0.67;-0.84;-1.05;-1.21;-1.26;-1.25;-1.21;-1.12;-0.99;-0.80;-0.63;-0.53;-0.50;-0.51;-0.52;-0.52;-0.52;-0.53;-0.55;-0.61;-0.70;-0.79;-0.86;-0.94;-1.01;-1.04;-1.01;-0.91;-0.76;-0.57;-0.35;-0.09;0.20;0.52;0.86;1.22;1.61;2.05;2.57;3.13;3.65;4.04;4.31;4.52;4.73;5.00;5.32;5.60;5.76;5.75;5.61;5.43;5.27;5.10;4.93;4.75;4.59;4.43;4.27;4.11;3.95;3.78;3.62;3.45;3.27;3.08;2.91;2.76;2.65;2.56;2.46;2.34;2.21;2.08;1.93;1.74;1.54;1.33;1.15;1.01;0.88;0.76;0.65;0.56;0.48;0.40;0.33;0.27;0.22;0.16;0.07;-0.03;-0.10;-0.12;-0.05;0.07;0.19;0.26;0.32;0.36;0.37;0.32;0.23;0.11;
Segment 4;0.00;-2.45;-4.74;-5.54;-4.55;-3.65;-3.21;-3.37;-3.81;-4.43;-5.07;-5.67;-6.19;-6.63;-7.10;-7.59;-8.44;-9.28;-10.12;-10.76;-11.17;-11.13;-10.89;-10.39;-10.06;-9.51;-9.61;-9.58;-10.10;-10.62;-12.00;-13.63;-15.97;-18.09;-20.21;-21.72;-23.02;-23.68;-24.01;-24.11;-24.16;-23.75;-23.44;-23.18;-23.05;-22.91;-22.88;-22.78;-22.68;-22.48;-22.17;-21.70;-21.13;-20.48;-19.82;-19.18;-18.60;-18.09;-17.64;-17.27;-16.96;-16.79;-16.66;-16.60;-16.53;-16.49;-16.40;-16.31;-16.17;-16.00;-15.75;-15.42;-15.02;-14.58;-14.12;-13.67;-13.26;-12.87;-12.53;-12.24;-12.03;-11.89;-11.83;-11.77;-11.72;-11.63;-11.47;-11.25;-11.00;-10.72;-10.42;-10.13;-9.83;-9.56;-9.31;-9.13;-8.99;-8.90;-8.78;-8.66;-8.45;-8.17;-7.84;-7.60;-7.47;-7.58;-7.99;-8.35;-8.51;-7.80;-6.61;-3.04;
Segment 5;0.00;0.81;1.06;1.04;0.85;0.37;0.22;0.38;0.84;1.38;1.49;1.94;2.05;2.14;2.59;3.26;4.39;5.91;7.55;9.11;10.70;11.53;12.16;12.50;12.33;12.25;11.46;10.59;9.78;8.94;8.39;7.97;7.60;7.27;6.91;5.78;4.57;2.93;0.93;-0.98;-2.59;-3.57;-4.03;-4.13;-4.09;-3.96;-4.12;-4.47;-4.86;-5.29;-5.49;-6.24;-7.12;-7.79;-8.66;-9.20;-9.84;-10.35;-10.45;-10.37;-9.97;-8.78;-7.02;-5.12;-3.02;-1.19;0.15;0.92;1.21;1.40;1.17;0.97;0.88;0.65;0.47;0.59;0.73;0.89;1.34;1.76;2.16;2.46;2.62;2.65;2.67;2.60;2.46;2.27;2.03;1.83;1.63;1.48;1.41;1.38;1.34;1.36;1.45;1.58;1.78;1.86;1.95;1.86;1.38;0.94;0.50;0.06;-0.17;0.04;0.40;0.52;0.93;1.15;
Segment 6;0.00;-0.09;-0.19;-0.28;-0.38;-0.47;-0.57;-0.68;-0.85;-1.08;-1.31;-1.49;-1.58;-1.60;-1.58;-1.52;-1.42;-1.29;-1.10;-0.85;-0.49;-0.09;0.28;0.55;0.72;0.87;1.07;1.36;1.70;2.08;2.47;2.88;3.31;3.79;4.37;5.07;5.83;6.58;7.29;7.99;8.67;9.31;9.90;10.44;10.96;11.49;12.05;12.60;13.07;13.37;13.50;13.54;13.54;13.57;13.58;13.55;13.44;13.22;12.91;12.59;12.34;12.17;12.03;11.84;11.53;11.10;10.64;10.23;9.93;9.68;9.48;9.32;9.22;9.17;9.11;8.97;8.75;8.49;8.25;8.05;7.89;7.73;7.53;7.27;6.97;6.65;6.35;6.05;5.76;5.48;5.23;5.02;4.82;4.61;4.39;4.16;3.92;3.67;3.42;3.16;2.89;2.60;2.28;1.94;1.61;1.30;1.01;0.73;0.49;0.32;0.20;0.10;
Segment 7;0.00;-0.44;-1.23;-2.34;-3.73;-5.25;-6.87;-8.40;-10.07;-11.66;-13.47;-15.54;-17.77;-19.83;-21.79;-23.29;-24.23;-24.71;-25.10;-25.27;-25.52;-25.73;-26.04;-26.15;-26.27;-26.20;-26.21;-26.01;-25.73;-25.22;-24.39;-22.84;-20.92;-18.69;-16.24;-13.59;-10.97;-8.31;-5.76;-3.42;-1.64;-0.58;-0.13;0.03;-0.04;-0.08;-0.17;-0.12;-0.01;0.19;0.47;0.90;1.38;1.88;2.34;2.67;2.78;2.76;2.71;2.65;2.71;2.94;3.31;3.68;4.10;4.46;4.79;5.08;5.36;5.63;5.87;6.15;6.39;6.70;7.01;7.42;7.90;8.43;8.89;9.18;9.11;8.33;7.22;5.97;4.79;3.78;3.35;3.12;3.08;3.06;3.11;2.62;2.13;1.61;1.14;0.79;0.76;0.86;1.02;1.13;1.22;1.21;1.19;1.10;1.07;0.97;0.90;0.78;0.71;0.59;0.49;0.08;
Segment 8;0.00;0.09;0.20;-0.25;-1.19;-1.72;-1.44;-0.98;-0.54;-0.16;0.18;0.44;0.70;0.99;1.30;1.56;1.66;1.69;1.66;1.60;1.57;1.50;1.42;1.28;1.04;0.69;0.26;-0.28;-0.85;-1.36;-1.94;-2.19;-2.41;-2.67;-2.94;-3.50;-4.32;-5.29;-6.33;-7.34;-7.98;-8.40;-8.47;-8.23;-7.94;-7.36;-6.78;-6.14;-5.38;-4.54;-3.78;-2.97;-2.19;-1.50;-0.84;-0.11;0.45;1.01;1.74;2.45;3.27;4.31;5.72;7.52;9.40;11.43;13.38;15.22;17.05;18.75;20.38;21.77;22.92;24.01;24.99;25.60;25.45;24.50;23.11;21.74;20.27;19.08;18.27;17.46;16.74;16.01;15.24;14.41;13.61;12.92;12.35;11.88;11.48;11.13;10.79;10.53;10.10;9.32;8.66;7.95;7.22;6.35;5.23;4.21;3.35;2.59;2.00;1.62;1.13;0.61;0.02;-0.33;
Segment 9;0.00;-0.48;-0.97;-1.42;-1.76;-2.00;-2.17;-2.26;-2.26;-2.14;-1.97;-1.79;-1.64;-1.49;-1.34;-1.18;-1.03;-0.87;-0.72;-0.55;-0.40;-0.24;-0.04;0.20;0.44;0.74;1.18;1.83;2.65;3.52;4.32;5.05;5.76;6.42;7.01;7.53;7.99;8.39;8.75;9.05;9.30;9.50;9.61;9.65;9.66;9.67;9.71;9.73;9.69;9.54;9.25;8.91;8.66;8.62;8.71;8.86;8.95;8.98;8.97;8.96;8.95;8.96;8.96;8.94;8.85;8.71;8.54;8.36;8.17;7.96;7.74;7.54;7.34;7.15;6.96;6.79;6.64;6.50;6.35;6.19;6.03;5.86;5.70;5.54;5.38;5.23;5.07;4.91;4.75;4.59;4.41;4.22;4.02;3.84;3.70;3.59;3.49;3.37;3.25;3.11;2.98;2.84;2.70;2.57;2.41;2.24;2.06;1.86;1.60;1.27;0.86;0.43;
Segment 10;0.00;1.88;2.41;1.22;-0.88;-2.95;-4.69;-6.34;-8.00;-9.61;-11.17;-12.58;-13.90;-15.09;-16.11;-16.88;-17.32;-17.51;-17.50;-17.47;-17.51;-17.92;-18.34;-18.78;-18.96;-18.98;-18.10;-17.10;-15.86;-14.64;-13.35;-12.43;-11.46;-10.48;-9.50;-8.58;-8.62;-8.61;-8.50;-8.33;-7.97;-7.49;-6.99;-6.70;-6.46;-6.42;-6.48;-6.66;-6.76;-6.85;-6.85;-6.79;-6.66;-6.49;-6.30;-6.09;-5.89;-5.70;-5.56;-5.44;-5.36;-5.26;-5.19;-5.13;-5.09;-5.05;-5.04;-5.01;-4.97;-4.93;-4.89;-4.90;-4.92;-4.93;-4.92;-4.88;-4.79;-4.68;-4.60;-4.54;-4.54;-4.61;-4.71;-4.84;-4.95;-5.04;-5.10;-5.14;-5.14;-5.12;-5.08;-5.03;-4.97;-4.94;-4.92;-4.94;-4.98;-5.04;-5.09;-5.11;-5.11;-5.08;-5.04;-5.02;-5.06;-5.20;-5.48;-5.77;-5.86;-5.78;-4.88;-2.81;
Segment 11;0.00;-1.96;-3.72;-4.14;-3.14;-1.95;-1.59;-1.50;-1.56;-1.71;-1.78;-1.87;-1.85;-1.81;-1.80;-1.72;-1.74;-1.78;-1.82;-1.92;-2.21;-2.73;-3.49;-4.40;-5.34;-6.40;-7.26;-8.08;-8.92;-9.74;-10.46;-11.06;-11.49;-11.79;-12.02;-12.00;-11.81;-11.45;-10.97;-10.46;-10.14;-10.01;-10.09;-10.33;-10.58;-10.67;-11.03;-11.39;-11.56;-11.66;-11.53;-10.98;-10.15;-9.22;-8.36;-7.72;-8.13;-9.23;-10.39;-11.41;-12.16;-11.95;-10.90;-9.48;-7.90;-6.27;-5.03;-4.17;-3.42;-2.88;-2.31;-2.01;-1.97;-1.88;-1.82;-2.01;-2.06;-1.98;-2.16;-2.38;-2.55;-2.67;-2.72;-2.63;-2.51;-2.33;-2.16;-2.05;-1.89;-1.74;-1.60;-1.43;-1.22;-1.02;-0.79;-0.57;-0.34;-0.08;0.16;0.41;0.67;0.89;1.04;1.19;1.32;1.40;1.45;1.53;1.51;1.52;1.44;1.02;
Segment 12;0.00;-0.13;-0.28;-0.39;-0.43;-0.40;-0.31;-0.20;-0.08;0.06;0.21;0.38;0.53;0.68;0.87;1.12;1.48;1.91;2.35;2.75;3.12;3.49;3.86;4.26;4.69;5.13;5.57;6.03;6.50;6.97;7.41;7.84;8.26;8.64;8.97;9.25;9.50;9.70;9.88;10.02;10.13;10.22;10.29;10.34;10.36;10.34;10.27;10.16;10.04;9.94;9.84;9.75;9.64;9.52;9.39;9.25;9.11;8.96;8.79;8.63;8.47;8.33;8.20;8.05;7.85;7.62;7.36;7.11;6.87;6.63;6.40;6.17;5.93;5.70;5.47;5.25;5.03;4.82;4.63;4.47;4.34;4.22;4.10;3.97;3.84;3.72;3.61;3.53;3.47;3.40;3.32;3.22;3.11;3.00;2.89;2.79;2.67;2.55;2.41;2.26;2.10;1.95;1.81;1.68;1.54;1.40;1.27;1.13;0.96;0.76;0.51;0.25;
Segment 13;0.00;2.75;4.06;4.03;3.20;1.97;1.03;0.15;-0.56;-1.33;-2.08;-2.78;-3.52;-4.30;-5.07;-5.67;-6.49;-7.08;-7.69;-8.22;-8.81;-9.31;-9.91;-10.49;-11.07;-11.44;-11.57;-11.31;-10.74;-9.69;-8.31;-6.60;-4.69;-2.61;-0.64;1.06;2.29;3.23;3.95;4.52;4.99;5.18;5.24;5.18;5.03;4.80;4.55;4.30;4.08;3.91;3.80;3.70;3.64;3.58;3.50;3.39;3.27;3.14;2.98;2.84;2.76;2.70;2.73;2.81;2.92;3.02;3.13;3.20;3.25;3.27;3.25;3.22;3.17;3.11;3.08;3.09;3.13;3.18;3.20;3.14;3.01;2.94;2.81;2.63;2.44;2.28;2.19;2.18;2.23;2.29;2.30;2.14;1.91;1.69;1.51;1.40;1.34;1.33;1.32;1.26;1.02;0.64;-0.01;-0.91;-2.13;-3.60;-5.49;-7.19;-8.43;-8.66;-7.41;-4.30;
Segment 14;0.00;0.39;0.83;0.70;-0.01;-0.62;-1.16;-1.77;-2.40;-3.00;-3.58;-3.91;-4.20;-4.48;-4.78;-5.12;-5.65;-6.18;-6.66;-7.05;-7.12;-6.89;-6.38;-5.77;-5.31;-5.11;-5.42;-6.12;-6.98;-7.82;-8.62;-8.91;-8.97;-8.95;-8.88;-8.95;-9.37;-9.99;-10.71;-11.52;-12.23;-13.08;-13.93;-14.73;-15.62;-16.56;-17.85;-19.34;-20.80;-22.15;-23.38;-23.93;-24.05;-24.05;-23.95;-23.82;-23.92;-24.16;-24.40;-24.58;-25.07;-25.79;-26.53;-27.02;-27.18;-27.14;-26.31;-24.85;-23.32;-21.79;-20.23;-19.18;-18.62;-18.16;-17.88;-17.61;-16.76;-15.26;-13.64;-11.90;-10.19;-8.63;-7.26;-5.93;-4.59;-3.17;-1.55;0.29;2.21;4.13;5.94;7.50;8.72;9.69;10.44;10.91;10.89;10.23;9.29;8.13;6.78;5.28;3.69;2.12;0.68;-0.51;-1.33;-1.72;-1.77;-1.60;-1.24;-0.70;
Segment 15;0.00;-0.02;-0.05;-0.06;0.02;0.18;0.39;0.61;0.80;0.98;1.17;1.40;1.66;1.92;2.26;2.73;3.34;4.07;4.91;5.85;6.92;8.08;9.29;10.54;11.88;13.21;14.41;15.41;16.29;17.06;17.74;18.34;18.84;19.24;19.56;19.76;19.87;19.91;19.89;19.80;19.64;19.44;19.20;18.90;18.59;18.26;17.91;17.54;17.17;16.82;16.48;16.14;15.80;15.46;15.13;14.79;14.44;14.07;13.68;13.30;12.96;12.67;12.40;12.13;11.85;11.57;11.29;11.02;10.74;10.47;10.20;9.92;9.63;9.33;9.04;8.77;8.52;8.27;8.02;7.75;7.45;7.15;6.85;6.57;6.29;6.02;5.75;5.48;5.22;4.96;4.71;4.47;4.24;4.01;3.78;3.55;3.32;3.10;2.87;2.64;2.41;2.20;2.01;1.83;1.65;1.46;1.29;1.11;0.92;0.70;0.47;0.24;
Segment 16;0.00;0.33;-0.41;-1.16;-2.51;-3.58;-4.99;-6.10;-7.15;-8.06;-9.02;-10.01;-11.07;-12.14;-13.15;-14.19;-15.07;-15.99;-16.85;-17.68;-18.39;-18.66;-18.84;-19.05;-19.16;-19.40;-19.90;-20.35;-20.44;-20.14;-19.22;-18.07;-16.33;-14.45;-12.47;-10.84;-8.54;-6.67;-4.97;-3.56;-2.25;-1.92;-1.62;-1.47;-1.39;-1.38;-1.48;-1.60;-1.73;-1.82;-1.86;-1.83;-1.76;-1.65;-1.52;-1.40;-1.30;-1.24;-1.20;-1.17;-1.15;-1.16;-1.18;-1.19;-1.22;-1.26;-1.33;-1.41;-1.50;-1.60;-1.68;-1.67;-1.65;-1.62;-1.59;-1.56;-1.54;-1.52;-1.51;-1.50;-1.49;-1.52;-1.57;-1.63;-1.69;-1.72;-1.71;-1.66;-1.60;-1.52;-1.47;-1.41;-1.41;-1.39;-1.42;-1.45;-1.54;-1.63;-1.74;-1.81;-1.82;-1.71;-1.59;-1.58;-1.75;-2.19;-2.89;-3.60;-3.94;-3.86;-2.94;-1.72;
Segment 17;0.00;0.80;1.52;2.53;3.80;4.82;5.49;5.99;6.37;6.64;6.80;6.86;6.84;6.75;6.58;6.31;6.03;5.71;5.45;5.33;5.44;5.73;6.20;6.76;7.27;7.59;7.45;6.96;6.19;5.15;3.88;2.33;0.70;-0.81;-2.04;-2.80;-2.94;-2.64;-2.07;-1.45;-1.00;-1.20;-1.90;-2.90;-4.09;-5.40;-6.33;-7.04;-7.72;-8.30;-8.86;-9.09;-9.11;-9.11;-9.04;-8.81;-8.59;-8.32;-7.90;-7.47;-7.22;-7.39;-7.75;-7.96;-8.01;-7.94;-7.28;-6.18;-5.13;-3.99;-2.77;-1.55;-0.35;0.88;1.98;2.76;3.06;2.90;2.45;1.91;1.41;1.05;0.85;0.79;0.83;0.96;1.10;1.24;1.38;1.49;1.59;1.69;1.80;1.85;1.79;1.71;1.65;1.63;1.61;1.50;1.33;1.17;1.04;0.93;0.84;0.75;0.59;0.30;0.06;-0.13;-0.07;0.10;
Segment 18;0.00;0.05;0.09;0.18;0.36;0.67;1.05;1.44;1.78;2.11;2.43;2.80;3.21;3.65;4.15;4.71;5.37;6.11;6.87;7.61;8.36;9.11;9.84;10.52;11.18;11.80;12.36;12.86;13.29;13.66;13.97;14.23;14.43;14.54;14.55;14.44;14.25;14.00;13.71;13.35;12.95;12.54;12.12;11.67;11.24;10.87;10.56;10.30;10.05;9.80;9.55;9.31;9.07;8.85;8.65;8.45;8.24;8.01;7.77;7.53;7.31;7.09;6.89;6.68;6.47;6.26;6.05;5.84;5.62;5.40;5.17;4.95;4.74;4.52;4.31;4.10;3.90;3.70;3.50;3.30;3.10;2.90;2.73;2.57;2.44;2.31;2.19;2.06;1.95;1.84;1.75;1.68;1.62;1.56;1.49;1.41;1.33;1.25;1.15;1.05;0.94;0.84;0.73;0.62;0.52;0.44;0.38;0.33;0.28;0.22;0.15;0.07;

----------------------------------------------------------


Curves
==========================================================
Longitudinal Strain Rate
Unit [1/s]
Time [ms];0.00;8.37;16.73;25.10;33.46;41.83;50.19;58.56;66.93;75.29;83.66;92.02;100.39;108.75;117.12;125.49;133.85;142.22;150.58;158.95;167.32;175.68;184.05;192.41;200.78;209.14;217.51;225.88;234.24;242.61;250.97;259.34;267.70;276.07;284.44;292.80;301.17;309.53;317.90;326.26;334.63;343.00;351.36;359.73;368.09;376.46;384.82;393.19;401.56;409.92;418.29;426.65;435.02;443.39;451.75;460.12;468.48;476.85;485.21;493.58;501.95;510.31;518.68;527.04;535.41;543.77;552.14;560.51;568.87;577.24;585.60;593.97;602.33;610.70;619.07;627.43;635.80;644.16;652.53;660.89;669.26;677.63;685.99;694.36;702.72;711.09;719.46;727.82;736.19;744.55;752.92;761.28;769.65;778.02;786.38;794.75;803.11;811.48;819.84;828.21;836.58;844.94;853.31;861.67;870.04;878.40;886.77;895.14;903.50;911.87;920.23;928.60;
Segment 1;-2.11;-2.00;-1.95;-2.06;-2.05;-1.69;-1.33;-1.04;-0.78;-0.45;-0.20;0.00;0.16;0.16;-0.02;-0.23;-0.43;-0.60;-0.59;-0.42;-0.32;-0.19;0.06;0.18;0.23;0.30;0.32;0.19;-0.01;-0.36;-0.85;-1.30;-1.34;-1.11;-0.40;0.82;2.10;2.81;3.02;2.79;1.79;0.69;0.10;-0.24;-0.32;-0.30;-0.22;-0.05;0.01;0.07;0.07;0.06;0.09;0.12;0.17;0.31;0.47;0.47;0.48;0.36;0.34;0.29;0.15;0.05;0.00;-0.21;-0.43;-0.40;-0.43;-0.36;-0.35;-0.33;-0.26;-0.27;-0.31;-0.41;-0.44;-0.46;-0.23;-0.06;0.89;1.77;1.91;1.91;1.68;0.98;0.23;0.09;0.01;0.43;0.49;0.57;0.88;0.75;0.41;-0.37;-1.10;-1.44;-1.44;-1.26;-0.60;0.12;0.55;0.99;1.37;1.86;2.13;1.95;1.22;0.16;-1.98;-3.65;
Segment 2;-3.41;-2.74;-0.72;1.83;3.22;2.25;0.66;-0.09;-0.55;-0.70;-0.55;-0.27;-0.03;0.15;0.31;0.56;0.76;0.85;0.95;0.87;0.92;1.01;0.79;0.60;0.40;-0.02;-0.45;-0.73;-1.08;-1.23;-1.59;-2.04;-2.02;-2.05;-1.92;-1.58;-1.30;-0.98;-0.58;-0.40;0.00;0.60;0.75;0.96;1.15;1.01;0.84;0.82;0.73;0.78;0.63;0.20;0.13;0.13;-0.10;-0.20;-0.10;-0.16;0.09;0.29;0.74;1.75;2.19;2.28;2.23;1.45;0.23;-0.52;-0.80;-1.08;-0.87;-0.10;0.29;0.24;0.40;0.45;0.11;0.07;-0.05;-0.30;-0.37;-0.58;-0.66;-0.65;-0.65;-0.60;-0.51;-0.41;-0.36;-0.25;-0.16;-0.20;-0.13;0.03;0.13;0.20;0.17;0.18;0.24;0.25;0.25;0.23;0.23;0.27;0.36;0.50;0.71;0.72;0.31;-0.40;-1.50;-3.25;
Segment 3;-0.39;-0.41;-0.39;-0.26;-0.02;0.19;0.23;0.09;-0.12;-0.24;-0.23;-0.12;-0.02;0.03;0.08;0.13;0.20;0.22;0.17;0.08;0.01;-0.02;-0.01;0.00;-0.00;-0.02;-0.05;-0.09;-0.11;-0.10;-0.09;-0.09;-0.07;-0.00;0.08;0.15;0.20;0.24;0.29;0.33;0.37;0.39;0.42;0.45;0.49;0.57;0.66;0.66;0.55;0.39;0.28;0.25;0.29;0.36;0.37;0.27;0.08;-0.10;-0.20;-0.21;-0.19;-0.20;-0.21;-0.20;-0.19;-0.19;-0.19;-0.19;-0.19;-0.20;-0.20;-0.21;-0.22;-0.22;-0.19;-0.15;-0.12;-0.11;-0.13;-0.15;-0.16;-0.17;-0.20;-0.23;-0.25;-0.23;-0.19;-0.17;-0.15;-0.13;-0.12;-0.10;-0.09;-0.09;-0.08;-0.07;-0.07;-0.09;-0.11;-0.11;-0.06;0.04;0.12;0.15;0.12;0.08;0.06;0.03;-0.02;-0.09;-0.13;-0.14;
Segment 4;-2.93;-2.93;-1.97;0.23;1.28;0.83;0.15;-0.39;-0.65;-0.76;-0.74;-0.67;-0.57;-0.54;-0.55;-0.80;-1.04;-1.02;-0.90;-0.64;-0.21;0.17;0.47;0.50;0.56;0.27;-0.05;-0.29;-0.60;-1.11;-1.81;-2.40;-2.72;-2.56;-2.18;-1.68;-1.19;-0.56;-0.23;-0.11;0.22;0.47;0.33;0.23;0.16;0.10;0.07;0.12;0.18;0.30;0.46;0.63;0.73;0.79;0.78;0.73;0.65;0.58;0.49;0.41;0.29;0.18;0.11;0.08;0.06;0.08;0.10;0.14;0.18;0.25;0.35;0.44;0.51;0.53;0.54;0.52;0.48;0.43;0.38;0.30;0.20;0.12;0.07;0.06;0.08;0.15;0.23;0.28;0.32;0.35;0.36;0.35;0.34;0.31;0.26;0.19;0.13;0.12;0.14;0.20;0.30;0.37;0.35;0.23;0.03;-0.33;-0.49;-0.37;0.32;1.01;2.92;4.14;
Segment 5;1.05;0.65;0.10;-0.12;-0.43;-0.42;0.01;0.38;0.66;0.36;0.33;0.37;0.06;0.31;0.66;1.07;1.61;1.92;1.90;1.94;1.46;0.83;0.61;0.07;-0.13;-0.51;-1.05;-1.00;-1.00;-0.85;-0.56;-0.47;-0.42;-0.35;-0.89;-1.43;-1.67;-2.21;-2.38;-2.13;-1.57;-0.84;-0.31;-0.03;0.13;0.00;-0.33;-0.44;-0.52;-0.34;-0.53;-1.04;-0.91;-0.93;-0.85;-0.68;-0.73;-0.36;0.00;0.24;0.93;1.81;2.20;2.42;2.40;1.91;1.26;0.60;0.29;-0.03;-0.30;-0.15;-0.19;-0.28;-0.03;0.18;0.16;0.37;0.54;0.49;0.43;0.28;0.10;0.02;-0.02;-0.13;-0.20;-0.26;-0.26;-0.24;-0.21;-0.13;-0.06;-0.05;-0.01;0.07;0.13;0.21;0.17;0.10;0.03;-0.36;-0.57;-0.52;-0.54;-0.43;-0.01;0.39;0.27;0.30;0.51;-0.56;
Segment 6;-0.11;-0.11;-0.11;-0.12;-0.11;-0.11;-0.12;-0.16;-0.24;-0.29;-0.26;-0.16;-0.06;0.00;0.05;0.09;0.14;0.19;0.26;0.36;0.47;0.48;0.38;0.25;0.18;0.20;0.29;0.38;0.43;0.46;0.48;0.49;0.54;0.63;0.77;0.88;0.91;0.87;0.84;0.83;0.79;0.73;0.67;0.63;0.62;0.65;0.68;0.62;0.46;0.25;0.09;0.02;0.02;0.03;-0.01;-0.08;-0.19;-0.32;-0.38;-0.35;-0.25;-0.18;-0.19;-0.29;-0.45;-0.55;-0.53;-0.43;-0.32;-0.26;-0.22;-0.16;-0.08;-0.06;-0.12;-0.22;-0.29;-0.31;-0.27;-0.21;-0.19;-0.21;-0.27;-0.34;-0.38;-0.37;-0.36;-0.35;-0.34;-0.32;-0.28;-0.24;-0.24;-0.26;-0.27;-0.28;-0.29;-0.30;-0.30;-0.31;-0.33;-0.37;-0.40;-0.41;-0.38;-0.36;-0.34;-0.31;-0.25;-0.17;-0.12;-0.12;
Segment 7;-0.47;-0.72;-1.14;-1.51;-1.76;-1.89;-1.88;-1.92;-1.94;-2.01;-2.32;-2.60;-2.58;-2.42;-2.10;-1.46;-0.82;-0.51;-0.32;-0.24;-0.28;-0.32;-0.25;-0.14;-0.02;0.04;0.10;0.28;0.46;0.76;1.42;2.11;2.48;2.81;3.07;3.15;3.16;3.13;2.95;2.50;1.70;0.87;0.34;0.04;-0.07;-0.08;-0.03;0.10;0.18;0.28;0.43;0.56;0.59;0.58;0.49;0.27;0.03;-0.05;-0.07;-0.01;0.17;0.37;0.44;0.47;0.47;0.42;0.37;0.33;0.33;0.30;0.31;0.31;0.33;0.36;0.43;0.54;0.61;0.61;0.47;0.17;-0.52;-1.17;-1.43;-1.47;-1.34;-0.87;-0.37;-0.15;-0.03;0.06;-0.26;-0.62;-0.60;-0.60;-0.51;-0.22;0.06;0.16;0.17;0.13;0.05;-0.02;-0.07;-0.07;-0.08;-0.11;-0.11;-0.11;-0.12;-0.11;-0.33;-0.32;
Segment 8;0.09;0.16;-0.16;-0.90;-0.97;-0.13;0.50;0.55;0.49;0.43;0.36;0.31;0.33;0.36;0.35;0.22;0.07;0.01;-0.06;-0.05;-0.05;-0.09;-0.13;-0.22;-0.36;-0.46;-0.58;-0.68;-0.64;-0.67;-0.51;-0.25;-0.29;-0.30;-0.48;-0.83;-1.08;-1.21;-1.25;-1.00;-0.63;-0.30;0.12;0.32;0.53;0.71;0.72;0.83;0.97;0.96;0.93;0.97;0.88;0.79;0.84;0.78;0.64;0.77;0.87;0.90;1.09;1.46;1.94;2.21;2.35;2.40;2.26;2.20;2.11;1.99;1.82;1.51;1.33;1.26;1.00;0.30;-0.68;-1.46;-1.67;-1.71;-1.62;-1.17;-0.95;-0.92;-0.86;-0.89;-0.96;-0.98;-0.90;-0.75;-0.62;-0.52;-0.44;-0.42;-0.35;-0.37;-0.74;-0.88;-0.81;-0.85;-0.94;-1.21;-1.30;-1.12;-0.97;-0.82;-0.56;-0.50;-0.60;-0.68;-0.62;-0.00;
Segment 9;-0.57;-0.58;-0.57;-0.47;-0.35;-0.24;-0.15;-0.06;0.07;0.18;0.22;0.19;0.18;0.19;0.19;0.18;0.18;0.18;0.19;0.19;0.19;0.21;0.26;0.28;0.32;0.43;0.65;0.89;1.03;1.00;0.91;0.86;0.82;0.75;0.66;0.58;0.52;0.45;0.40;0.33;0.27;0.18;0.09;0.03;0.01;0.03;0.04;-0.00;-0.10;-0.27;-0.40;-0.36;-0.18;0.04;0.16;0.15;0.07;0.01;-0.01;-0.02;0.00;0.01;-0.01;-0.07;-0.14;-0.19;-0.21;-0.22;-0.24;-0.26;-0.25;-0.24;-0.23;-0.23;-0.21;-0.19;-0.18;-0.17;-0.18;-0.19;-0.20;-0.20;-0.19;-0.19;-0.19;-0.19;-0.19;-0.19;-0.19;-0.20;-0.22;-0.24;-0.23;-0.19;-0.15;-0.13;-0.13;-0.14;-0.16;-0.16;-0.17;-0.16;-0.16;-0.17;-0.20;-0.21;-0.23;-0.27;-0.35;-0.44;-0.51;-0.52;
Segment 10;2.43;1.56;-0.43;-2.09;-2.58;-2.27;-2.00;-1.98;-1.96;-1.91;-1.77;-1.63;-1.51;-1.33;-1.08;-0.72;-0.37;-0.10;0.04;0.02;-0.28;-0.52;-0.53;-0.37;-0.17;0.51;1.17;1.34;1.48;1.53;1.33;1.10;1.17;1.16;1.21;0.53;-0.10;0.08;0.16;0.31;0.51;0.60;0.48;0.32;0.17;-0.02;-0.15;-0.18;-0.11;-0.05;0.04;0.11;0.18;0.22;0.24;0.25;0.24;0.20;0.15;0.11;0.11;0.10;0.08;0.06;0.05;0.03;0.03;0.04;0.05;0.05;0.02;-0.02;-0.01;0.00;0.02;0.08;0.12;0.12;0.09;0.04;-0.04;-0.11;-0.14;-0.14;-0.12;-0.09;-0.06;-0.02;0.01;0.03;0.06;0.07;0.06;0.03;-0.00;-0.04;-0.06;-0.06;-0.05;-0.01;0.02;0.04;0.04;-0.01;-0.10;-0.25;-0.37;-0.23;-0.05;0.51;1.78;2.99;
Segment 11;-2.35;-2.32;-1.40;0.43;1.48;0.95;0.21;0.01;-0.15;-0.13;-0.09;-0.05;0.05;0.02;0.06;0.04;-0.04;-0.05;-0.07;-0.22;-0.48;-0.77;-1.01;-1.10;-1.22;-1.16;-0.99;-0.99;-1.00;-0.93;-0.79;-0.62;-0.43;-0.32;-0.13;0.13;0.33;0.51;0.62;0.50;0.27;0.04;-0.21;-0.32;-0.18;-0.25;-0.47;-0.32;-0.16;-0.00;0.40;0.84;1.07;1.08;0.97;0.18;-0.98;-1.41;-1.31;-1.11;-0.37;0.80;1.52;1.80;1.96;1.75;1.23;0.96;0.76;0.66;0.55;0.18;0.06;0.12;-0.08;-0.18;0.05;-0.05;-0.26;-0.23;-0.18;-0.11;0.03;0.13;0.18;0.22;0.16;0.16;0.19;0.17;0.19;0.23;0.25;0.25;0.27;0.27;0.30;0.30;0.29;0.31;0.29;0.22;0.17;0.17;0.13;0.07;0.09;0.03;-0.01;-0.01;-0.26;-0.88;
Segment 12;-0.16;-0.17;-0.16;-0.10;-0.00;0.08;0.12;0.14;0.15;0.17;0.19;0.19;0.18;0.19;0.26;0.37;0.48;0.53;0.51;0.46;0.43;0.44;0.46;0.50;0.52;0.53;0.54;0.56;0.56;0.54;0.52;0.51;0.48;0.43;0.37;0.31;0.27;0.23;0.19;0.15;0.12;0.09;0.07;0.04;0.00;-0.06;-0.11;-0.14;-0.13;-0.12;-0.11;-0.12;-0.13;-0.15;-0.16;-0.17;-0.18;-0.19;-0.20;-0.19;-0.17;-0.16;-0.17;-0.21;-0.26;-0.29;-0.30;-0.29;-0.28;-0.28;-0.28;-0.28;-0.28;-0.28;-0.27;-0.26;-0.26;-0.24;-0.21;-0.17;-0.15;-0.14;-0.15;-0.16;-0.15;-0.14;-0.11;-0.08;-0.08;-0.09;-0.11;-0.12;-0.13;-0.13;-0.13;-0.13;-0.14;-0.16;-0.18;-0.18;-0.18;-0.17;-0.16;-0.16;-0.17;-0.16;-0.16;-0.18;-0.22;-0.27;-0.30;-0.31;
Segment 13;3.50;2.51;0.71;-0.57;-1.31;-1.32;-1.08;-0.94;-0.87;-0.92;-0.86;-0.85;-0.92;-0.94;-0.80;-0.85;-0.86;-0.70;-0.67;-0.67;-0.65;-0.65;-0.71;-0.70;-0.59;-0.31;0.08;0.49;0.96;1.46;1.86;2.17;2.40;2.45;2.22;1.75;1.27;0.98;0.77;0.63;0.39;0.14;-0.00;-0.13;-0.23;-0.29;-0.31;-0.29;-0.24;-0.16;-0.12;-0.10;-0.07;-0.08;-0.11;-0.13;-0.15;-0.18;-0.18;-0.13;-0.08;-0.02;0.06;0.12;0.13;0.13;0.11;0.07;0.04;-0.00;-0.03;-0.05;-0.07;-0.06;-0.01;0.03;0.06;0.05;-0.02;-0.12;-0.12;-0.11;-0.19;-0.23;-0.21;-0.15;-0.06;0.02;0.07;0.06;-0.09;-0.25;-0.28;-0.25;-0.17;-0.10;-0.04;-0.00;-0.04;-0.17;-0.36;-0.61;-0.92;-1.26;-1.60;-2.04;-2.20;-1.81;-0.95;0.56;2.62;4.55;
Segment 14;0.45;0.54;0.24;-0.56;-0.84;-0.66;-0.68;-0.75;-0.74;-0.72;-0.55;-0.35;-0.34;-0.35;-0.37;-0.52;-0.65;-0.61;-0.54;-0.29;0.10;0.46;0.69;0.66;0.42;-0.06;-0.63;-0.96;-1.03;-1.01;-0.66;-0.18;-0.02;0.06;0.03;-0.28;-0.64;-0.81;-0.93;-0.90;-0.93;-1.03;-0.98;-1.01;-1.07;-1.32;-1.69;-1.78;-1.69;-1.58;-1.08;-0.36;-0.06;0.06;0.16;0.03;-0.22;-0.31;-0.22;-0.38;-0.75;-0.90;-0.75;-0.38;-0.10;0.49;1.42;1.83;1.82;1.88;1.60;0.93;0.59;0.45;0.27;0.62;1.44;1.90;2.01;2.08;1.97;1.74;1.60;1.59;1.64;1.81;2.08;2.26;2.30;2.25;2.03;1.65;1.30;1.03;0.75;0.30;-0.43;-0.98;-1.26;-1.51;-1.70;-1.85;-1.90;-1.81;-1.59;-1.21;-0.72;-0.25;0.08;0.32;0.54;0.75;
Segment 15;-0.02;-0.03;-0.03;0.04;0.14;0.23;0.26;0.25;0.22;0.22;0.25;0.29;0.31;0.35;0.48;0.65;0.81;0.94;1.06;1.20;1.34;1.43;1.46;1.54;1.61;1.53;1.32;1.12;0.98;0.87;0.76;0.66;0.54;0.43;0.31;0.19;0.09;0.01;-0.07;-0.16;-0.22;-0.26;-0.32;-0.37;-0.39;-0.40;-0.43;-0.44;-0.43;-0.41;-0.41;-0.40;-0.40;-0.40;-0.40;-0.41;-0.43;-0.46;-0.46;-0.43;-0.38;-0.34;-0.32;-0.32;-0.33;-0.33;-0.33;-0.33;-0.33;-0.33;-0.33;-0.34;-0.35;-0.35;-0.34;-0.31;-0.29;-0.29;-0.31;-0.34;-0.36;-0.36;-0.34;-0.33;-0.33;-0.32;-0.32;-0.32;-0.32;-0.31;-0.29;-0.28;-0.27;-0.27;-0.27;-0.27;-0.27;-0.27;-0.28;-0.27;-0.26;-0.24;-0.22;-0.22;-0.22;-0.22;-0.21;-0.22;-0.24;-0.27;-0.28;-0.28;
Segment 16;0.57;-0.26;-0.93;-1.27;-1.46;-1.48;-1.54;-1.27;-1.16;-1.11;-1.17;-1.23;-1.28;-1.24;-1.24;-1.14;-1.07;-1.07;-1.01;-0.96;-0.58;-0.23;-0.24;-0.19;-0.18;-0.45;-0.61;-0.34;0.11;0.75;1.24;1.73;2.20;2.35;2.10;2.35;2.56;2.12;1.84;1.68;0.98;0.31;0.28;0.14;0.06;-0.06;-0.14;-0.15;-0.13;-0.08;-0.01;0.06;0.11;0.15;0.15;0.13;0.09;0.06;0.04;0.03;0.00;-0.02;-0.02;-0.02;-0.04;-0.06;-0.09;-0.11;-0.11;-0.11;-0.05;0.02;0.03;0.03;0.04;0.03;0.02;0.02;0.02;0.01;-0.02;-0.05;-0.06;-0.07;-0.06;-0.02;0.04;0.07;0.09;0.08;0.06;0.04;0.01;-0.01;-0.03;-0.07;-0.11;-0.12;-0.11;-0.06;0.07;0.15;0.09;-0.08;-0.36;-0.69;-0.89;-0.66;-0.19;0.61;1.30;1.77;
Segment 17;0.97;0.89;1.01;1.40;1.41;1.00;0.68;0.52;0.39;0.26;0.13;0.02;-0.07;-0.15;-0.26;-0.33;-0.36;-0.36;-0.24;-0.00;0.24;0.46;0.63;0.66;0.52;0.11;-0.39;-0.75;-1.09;-1.38;-1.70;-1.93;-1.90;-1.66;-1.21;-0.54;0.12;0.55;0.73;0.69;0.17;-0.57;-1.04;-1.31;-1.54;-1.36;-0.95;-0.82;-0.75;-0.70;-0.49;-0.13;-0.00;0.03;0.19;0.27;0.28;0.41;0.53;0.44;0.06;-0.35;-0.37;-0.15;-0.02;0.41;1.10;1.31;1.29;1.42;1.47;1.44;1.46;1.42;1.15;0.65;0.08;-0.39;-0.61;-0.63;-0.52;-0.33;-0.15;-0.01;0.10;0.17;0.17;0.16;0.16;0.12;0.12;0.13;0.11;-0.01;-0.10;-0.09;-0.05;-0.02;-0.07;-0.17;-0.20;-0.18;-0.14;-0.12;-0.10;-0.14;-0.28;-0.33;-0.27;-0.09;0.18;0.05;
Segment 18;0.07;0.05;0.07;0.16;0.30;0.42;0.47;0.44;0.40;0.38;0.41;0.47;0.51;0.55;0.63;0.73;0.84;0.90;0.90;0.89;0.90;0.89;0.84;0.80;0.77;0.71;0.63;0.55;0.48;0.41;0.34;0.28;0.19;0.08;-0.06;-0.18;-0.27;-0.32;-0.39;-0.46;-0.48;-0.49;-0.52;-0.53;-0.49;-0.40;-0.34;-0.30;-0.30;-0.30;-0.29;-0.28;-0.27;-0.25;-0.24;-0.25;-0.26;-0.28;-0.29;-0.28;-0.26;-0.25;-0.25;-0.25;-0.25;-0.25;-0.25;-0.26;-0.27;-0.27;-0.27;-0.26;-0.26;-0.25;-0.25;-0.25;-0.24;-0.24;-0.24;-0.24;-0.24;-0.22;-0.20;-0.17;-0.16;-0.15;-0.15;-0.15;-0.14;-0.12;-0.09;-0.07;-0.07;-0.08;-0.09;-0.09;-0.10;-0.11;-0.12;-0.12;-0.12;-0.13;-0.13;-0.13;-0.11;-0.08;-0.06;-0.06;-0.07;-0.08;-0.09;-0.09;

----------------------------------------------------------


Curves
==========================================================
Global Strain A2C
Unit [%]
Time [ms];0.00;8.37;16.73;25.10;33.46;41.83;50.19;58.56;66.93;75.29;83.66;92.02;100.39;108.75;117.12;125.49;133.85;142.22;150.58;158.95;167.32;175.68;184.05;192.41;200.78;209.14;217.51;225.88;234.24;242.61;250.97;259.34;267.70;276.07;284.44;292.80;301.17;309.53;317.90;326.26;334.63;343.00;351.36;359.73;368.09;376.46;384.82;393.19;401.56;409.92;418.29;426.65;435.02;443.39;451.75;460.12;468.48;476.85;485.21;493.58;501.95;510.31;518.68;527.04;535.41;543.77;552.14;560.51;568.87;577.24;585.60;593.97;602.33;610.70;619.07;627.43;635.80;644.16;652.53;660.89;669.26;677.63;685.99;694.36;702.72;711.09;719.46;727.82;736.19;744.55;752.92;761.28;769.65;778.02;786.38;794.75;803.11;811.48;819.84;828.21;836.58;844.94;853.31;861.67;870.04;878.40;886.77;895.14;903.50;911.87;920.23;928.60;
Total;0.00;0.07;-0.55;-1.45;-2.53;-3.62;-4.67;-5.70;-6.71;-7.69;-8.65;-9.60;-10.53;-11.41;-12.23;-12.97;-13.65;-14.24;-14.77;-15.21;-15.58;-15.86;-16.07;-16.19;-16.26;-16.24;-16.16;-15.97;-15.70;-15.32;-14.89;-14.46;-13.97;-13.32;-12.59;-11.69;-10.72;-9.59;-8.42;-7.30;-6.34;-5.77;-5.45;-5.32;-5.33;-5.38;-5.50;-5.59;-5.63;-5.62;-5.54;-5.38;-5.18;-4.94;-4.69;-4.46;-4.26;-4.10;-3.96;-3.84;-3.74;-3.61;-3.50;-3.39;-3.29;-3.21;-3.19;-3.18;-3.18;-3.17;-3.15;-3.11;-3.05;-2.97;-2.88;-2.77;-2.67;-2.55;-2.46;-2.37;-2.36;-2.25;-2.22;-2.18;-2.18;-2.15;-2.17;-2.14;-2.09;-2.00;-1.84;-1.83;-1.77;-1.73;-1.71;-1.74;-1.88;-2.06;-2.26;-2.44;-2.58;-2.59;-2.59;-2.59;-2.66;-2.81;-3.09;-3.33;-3.42;-3.24;-2.61;-1.48;

----------------------------------------------------------


Curves
==========================================================
Global Strain Rate A2C
Unit [1/s]
Time [ms];0.00;8.37;16.73;25.10;33.46;41.83;50.19;58.56;66.93;75.29;83.66;92.02;100.39;108.75;117.12;125.49;133.85;142.22;150.58;158.95;167.32;175.68;184.05;192.41;200.78;209.14;217.51;225.88;234.24;242.61;250.97;259.34;267.70;276.07;284.44;292.80;301.17;309.53;317.90;326.26;334.63;343.00;351.36;359.73;368.09;376.46;384.82;393.19;401.56;409.92;418.29;426.65;435.02;443.39;451.75;460.12;468.48;476.85;485.21;493.58;501.95;510.31;518.68;527.04;535.41;543.77;552.14;560.51;568.87;577.24;585.60;593.97;602.33;610.70;619.07;627.43;635.80;644.16;652.53;660.89;669.26;677.63;685.99;694.36;702.72;711.09;719.46;727.82;736.19;744.55;752.92;761.28;769.65;778.02;786.38;794.75;803.11;811.48;819.84;828.21;836.58;844.94;853.31;861.67;870.04;878.40;886.77;895.14;903.50;911.87;920.23;928.60;
Total;0.19;-0.31;-0.95;-1.20;-1.31;-1.28;-1.24;-1.22;-1.19;-1.16;-1.14;-1.13;-1.08;-1.02;-0.93;-0.85;-0.76;-0.67;-0.58;-0.49;-0.39;-0.29;-0.20;-0.12;-0.03;0.06;0.16;0.27;0.39;0.50;0.51;0.54;0.68;0.82;0.98;1.12;1.25;1.39;1.38;1.27;0.92;0.51;0.26;0.06;-0.04;-0.11;-0.13;-0.08;-0.02;0.06;0.14;0.22;0.27;0.29;0.28;0.26;0.22;0.18;0.15;0.13;0.14;0.15;0.13;0.12;0.11;0.06;0.01;0.01;0.01;0.02;0.04;0.06;0.08;0.10;0.12;0.13;0.14;0.12;0.11;0.05;0.07;0.09;0.04;0.02;0.02;0.01;0.00;0.05;0.08;0.17;0.10;0.03;0.07;0.04;-0.01;-0.10;-0.19;-0.23;-0.23;-0.20;-0.09;0.01;0.01;-0.03;-0.13;-0.27;-0.33;-0.21;0.03;0.47;1.06;1.59;

----------------------------------------------------------


Curves
==========================================================
Global Strain A3C
Unit [%]
Time [ms];0.00;8.37;16.73;25.10;33.46;41.83;50.19;58.56;66.93;75.29;83.66;92.02;100.39;108.75;117.12;125.49;133.85;142.22;150.58;158.95;167.32;175.68;184.05;192.41;200.78;209.14;217.51;225.88;234.24;242.61;250.97;259.34;267.70;276.07;284.44;292.80;301.17;309.53;317.90;326.26;334.63;343.00;351.36;359.73;368.09;376.46;384.82;393.19;401.56;409.92;418.29;426.65;435.02;443.39;451.75;460.12;468.48;476.85;485.21;493.58;501.95;510.31;518.68;527.04;535.41;543.77;552.14;560.51;568.87;577.24;585.60;593.97;602.33;610.70;619.07;627.43;635.80;644.16;652.53;660.89;669.26;677.63;685.99;694.36;702.72;711.09;719.46;727.82;736.19;744.55;752.92;761.28;769.65;778.02;786.38;794.75;803.11;811.48;819.84;828.21;836.58;844.94;853.31;861.67;870.04;878.40;886.77;895.14;903.50;911.87;920.23;928.60;
Total;0.00;-0.38;-0.66;-0.56;-0.08;0.46;0.74;0.89;0.95;0.95;0.87;0.88;0.87;0.89;0.97;1.10;1.28;1.52;1.80;2.11;2.47;2.75;3.01;3.20;3.21;3.08;2.61;1.96;1.19;0.33;-0.50;-1.30;-2.05;-2.74;-3.37;-4.03;-4.61;-5.17;-5.72;-6.18;-6.58;-6.92;-7.19;-7.42;-7.63;-7.78;-8.04;-8.33;-8.57;-8.78;-8.87;-8.87;-8.77;-8.60;-8.46;-8.30;-8.40;-8.60;-8.70;-8.67;-8.60;-8.17;-7.36;-6.32;-5.12;-3.91;-2.81;-1.87;-1.07;-0.37;0.24;0.77;1.26;1.70;2.10;2.41;2.62;2.73;2.75;2.73;2.69;2.66;2.65;2.66;2.69;2.77;2.86;2.96;3.09;3.25;3.42;3.59;3.73;3.86;3.96;4.04;4.04;3.91;3.77;3.56;3.30;2.96;2.50;2.06;1.68;1.35;1.15;1.13;1.14;1.08;1.01;0.74;

----------------------------------------------------------


Curves
==========================================================
Global Strain Rate A3C
Unit [1/s]
Time [ms];0.00;8.37;16.73;25.10;33.46;41.83;50.19;58.56;66.93;75.29;83.66;92.02;100.39;108.75;117.12;125.49;133.85;142.22;150.58;158.95;167.32;175.68;184.05;192.41;200.78;209.14;217.51;225.88;234.24;242.61;250.97;259.34;267.70;276.07;284.44;292.80;301.17;309.53;317.90;326.26;334.63;343.00;351.36;359.73;368.09;376.46;384.82;393.19;401.56;409.92;418.29;426.65;435.02;443.39;451.75;460.12;468.48;476.85;485.21;493.58;501.95;510.31;518.68;527.04;535.41;543.77;552.14;560.51;568.87;577.24;585.60;593.97;602.33;610.70;619.07;627.43;635.80;644.16;652.53;660.89;669.26;677.63;685.99;694.36;702.72;711.09;719.46;727.82;736.19;744.55;752.92;761.28;769.65;778.02;786.38;794.75;803.11;811.48;819.84;828.21;836.58;844.94;853.31;861.67;870.04;878.40;886.77;895.14;903.50;911.87;920.23;928.60;
Total;-0.47;-0.42;-0.13;0.37;0.65;0.50;0.24;0.12;0.04;-0.06;-0.05;0.01;0.00;0.06;0.13;0.18;0.25;0.32;0.35;0.40;0.39;0.33;0.28;0.12;-0.06;-0.35;-0.69;-0.86;-0.98;-1.02;-0.98;-0.93;-0.86;-0.78;-0.77;-0.75;-0.68;-0.66;-0.61;-0.51;-0.44;-0.36;-0.29;-0.26;-0.20;-0.24;-0.34;-0.32;-0.27;-0.18;-0.05;0.06;0.17;0.18;0.19;0.05;-0.21;-0.20;-0.03;0.04;0.27;0.75;1.12;1.35;1.46;1.39;1.22;1.04;0.89;0.78;0.68;0.61;0.56;0.51;0.42;0.31;0.19;0.07;-0.01;-0.04;-0.04;-0.03;-0.00;0.03;0.07;0.10;0.11;0.14;0.17;0.20;0.21;0.19;0.17;0.13;0.11;0.06;-0.08;-0.17;-0.21;-0.28;-0.35;-0.49;-0.55;-0.49;-0.43;-0.32;-0.12;0.01;-0.03;-0.07;-0.17;-0.61;

----------------------------------------------------------


Curves
==========================================================
Global Strain A4C
Unit [%]
Time [ms];0.00;8.37;16.73;25.10;33.46;41.83;50.19;58.56;66.93;75.29;83.66;92.02;100.39;108.75;117.12;125.49;133.85;142.22;150.58;158.95;167.32;175.68;184.05;192.41;200.78;209.14;217.51;225.88;234.24;242.61;250.97;259.34;267.70;276.07;284.44;292.80;301.17;309.53;317.90;326.26;334.63;343.00;351.36;359.73;368.09;376.46;384.82;393.19;401.56;409.92;418.29;426.65;435.02;443.39;451.75;460.12;468.48;476.85;485.21;493.58;501.95;510.31;518.68;527.04;535.41;543.77;552.14;560.51;568.87;577.24;585.60;593.97;602.33;610.70;619.07;627.43;635.80;644.16;652.53;660.89;669.26;677.63;685.99;694.36;702.72;711.09;719.46;727.82;736.19;744.55;752.92;761.28;769.65;778.02;786.38;794.75;803.11;811.48;819.84;828.21;836.58;844.94;853.31;861.67;870.04;878.40;886.77;895.14;903.50;911.87;920.23;928.60;
Total;0.00;-0.16;-0.33;-0.47;-0.52;-0.47;-0.36;-0.25;-0.17;-0.12;-0.05;0.05;0.19;0.35;0.56;0.83;1.17;1.56;1.99;2.42;2.88;3.36;3.84;4.31;4.78;5.26;5.72;6.19;6.67;7.12;7.54;7.93;8.29;8.62;8.93;9.21;9.46;9.68;9.87;10.03;10.15;10.26;10.33;10.38;10.41;10.45;10.51;10.58;10.61;10.59;10.49;10.36;10.25;10.17;10.13;10.09;9.99;9.83;9.62;9.40;9.21;9.05;8.89;8.72;8.51;8.27;8.01;7.76;7.53;7.31;7.09;6.88;6.67;6.48;6.29;6.09;5.90;5.71;5.52;5.33;5.15;4.97;4.79;4.59;4.39;4.19;4.00;3.82;3.64;3.48;3.32;3.17;3.02;2.88;2.74;2.60;2.46;2.32;2.16;2.00;1.84;1.69;1.55;1.42;1.29;1.15;1.02;0.89;0.74;0.57;0.39;0.19;

----------------------------------------------------------


Curves
==========================================================
Global Strain Rate A4C
Unit [1/s]
Time [ms];0.00;8.37;16.73;25.10;33.46;41.83;50.19;58.56;66.93;75.29;83.66;92.02;100.39;108.75;117.12;125.49;133.85;142.22;150.58;158.95;167.32;175.68;184.05;192.41;200.78;209.14;217.51;225.88;234.24;242.61;250.97;259.34;267.70;276.07;284.44;292.80;301.17;309.53;317.90;326.26;334.63;343.00;351.36;359.73;368.09;376.46;384.82;393.19;401.56;409.92;418.29;426.65;435.02;443.39;451.75;460.12;468.48;476.85;485.21;493.58;501.95;510.31;518.68;527.04;535.41;543.77;552.14;560.51;568.87;577.24;585.60;593.97;602.33;610.70;619.07;627.43;635.80;644.16;652.53;660.89;669.26;677.63;685.99;694.36;702.72;711.09;719.46;727.82;736.19;744.55;752.92;761.28;769.65;778.02;786.38;794.75;803.11;811.48;819.84;828.21;836.58;844.94;853.31;861.67;870.04;878.40;886.77;895.14;903.50;911.87;920.23;928.60;
Total;-0.19;-0.20;-0.19;-0.11;0.00;0.10;0.14;0.12;0.08;0.07;0.10;0.14;0.18;0.22;0.28;0.36;0.44;0.50;0.51;0.53;0.56;0.57;0.57;0.56;0.57;0.56;0.56;0.56;0.56;0.53;0.48;0.45;0.41;0.38;0.35;0.32;0.28;0.25;0.21;0.17;0.14;0.11;0.07;0.04;0.04;0.06;0.08;0.06;0.01;-0.08;-0.14;-0.15;-0.11;-0.06;-0.05;-0.08;-0.15;-0.23;-0.26;-0.25;-0.21;-0.19;-0.19;-0.22;-0.27;-0.30;-0.31;-0.29;-0.27;-0.27;-0.26;-0.25;-0.24;-0.23;-0.23;-0.23;-0.23;-0.23;-0.22;-0.22;-0.21;-0.22;-0.23;-0.24;-0.24;-0.23;-0.22;-0.21;-0.20;-0.20;-0.19;-0.18;-0.17;-0.17;-0.17;-0.16;-0.17;-0.18;-0.19;-0.19;-0.19;-0.17;-0.16;-0.16;-0.16;-0.16;-0.16;-0.17;-0.19;-0.22;-0.23;-0.23;

----------------------------------------------------------


