PatientInformation
==========================================================
PatientID;No patientID
Name;,,
Date of Birth;
Sex;
Version;AutoStrainCap2 2.1.0.491925

Results
==========================================================
Global
----------------------------------------------------------
RVFWSL;-4.41;%
RV4CSL;-4.62;%
ED;0.00;ms
ES;307.05;ms

Curves
==========================================================
Longitudinal Strain
Unit [%]
Time [ms];0.00;9.06;18.12;27.17;36.23;45.29;54.35;63.40;72.46;81.52;90.58;99.63;108.69;117.75;126.81;135.86;144.92;153.98;163.04;172.09;181.15;190.21;199.27;208.32;217.38;226.44;235.50;244.55;253.61;262.67;271.73;280.79;289.84;298.90;307.96;317.02;326.07;335.13;344.19;
Basal;0.00;-0.73;-0.48;0.00;0.10;-0.74;-2.30;-4.20;-4.66;-1.89;1.56;2.85;3.11;3.17;3.02;2.70;3.40;6.56;9.71;10.33;9.40;7.75;6.01;4.68;3.24;1.17;-0.84;-2.23;-3.34;-4.65;-5.98;-7.07;-8.03;-8.95;-9.89;-7.57;-5.09;-2.20;0.08;
Mid;0.00;-0.47;-0.22;0.08;-0.09;-1.12;-2.83;-4.86;-5.53;-3.11;-0.06;0.84;0.85;0.91;0.87;0.78;1.83;5.71;9.70;11.02;10.67;9.31;7.78;6.82;5.73;3.84;1.96;0.82;0.05;-0.79;-1.63;-2.42;-3.13;-3.79;-4.45;-3.27;-1.90;-0.12;1.12;
Apical;0.00;0.08;0.65;1.40;1.73;1.32;0.20;-1.43;-2.13;-0.61;1.52;2.17;2.27;2.35;2.26;2.07;2.62;5.19;7.87;8.81;8.52;7.59;6.59;6.01;5.38;4.15;2.94;2.21;1.77;1.28;0.80;0.38;0.05;-0.25;-0.52;-0.21;0.27;1.14;1.67;

----------------------------------------------------------


