PatientInformation
==========================================================
PatientID;6829328
Name;???,Wu Xin Chang,
Date of Birth;
Sex;
Version;AutoStrainCap2 2.1.0.491925

Results
==========================================================
Global
----------------------------------------------------------
LaSr_ED;26.58;%
LaScd_ED;-16.29;%
LaSct_ED;-10.30;%
LaSr_AC;24.10;%
LaScd_AC;-14.76;%
LaSct_AC;-9.33;%
ED;0.00;ms
ES;405.75;ms
PreA;739.32;ms

Curves
==========================================================
Longitudinal Strain
Unit [%]
Time [ms];0.00;19.51;39.01;58.52;78.03;97.54;117.04;136.55;156.06;175.56;195.07;214.58;234.09;253.59;273.10;292.61;312.12;331.62;351.13;370.64;390.14;409.65;429.16;448.67;468.17;487.68;507.19;526.69;546.20;565.71;585.22;604.72;624.23;643.74;663.24;682.75;702.26;721.77;741.27;760.78;780.29;799.80;819.30;838.81;858.32;877.82;897.33;916.84;936.35;955.85;975.36;994.87;1014.37;1033.88;1053.39;
LAS_ED;0.00;-0.19;-0.67;-1.05;-0.77;0.59;2.50;4.19;6.07;8.12;10.13;11.82;13.46;15.30;17.02;18.42;19.38;19.94;20.97;23.57;25.97;26.56;25.64;23.80;20.25;14.40;9.51;8.66;9.33;8.77;7.79;6.83;6.51;6.69;7.43;8.50;9.52;10.06;10.31;10.23;10.16;10.43;10.78;10.80;10.70;10.63;10.73;11.18;11.24;9.93;8.05;5.98;3.88;1.82;0.18;
LAS_AC;-9.34;-9.51;-9.95;-10.29;-10.04;-8.81;-7.08;-5.55;-3.84;-1.98;-0.16;1.37;2.86;4.53;6.09;7.36;8.23;8.74;9.67;12.02;14.20;14.74;13.90;12.23;9.01;3.72;-0.72;-1.49;-0.88;-1.39;-2.28;-3.15;-3.44;-3.28;-2.61;-1.64;-0.71;-0.22;0.00;-0.07;-0.13;0.12;0.43;0.45;0.36;0.29;0.38;0.80;0.84;-0.34;-2.04;-3.92;-5.83;-7.69;-9.18;

----------------------------------------------------------


