PatientInformation
==========================================================
PatientID;6829328
Name;???,Wu Xin Chang,
Date of Birth;
Sex;
Version;AutoStrainCap2 2.1.0.491925

Results
==========================================================
Global
----------------------------------------------------------
RVFWSL;-28.55;%
RV4CSL;-24.69;%
ED;0.00;ms
ES;362.53;ms

Curves
==========================================================
Longitudinal Strain
Unit [%]
Time [ms];0.00;11.58;23.16;34.75;46.33;57.91;69.49;81.08;92.66;104.24;115.82;127.41;138.99;150.57;162.15;173.74;185.32;196.90;208.48;220.07;231.65;243.23;254.81;266.40;277.98;289.56;301.14;312.72;324.31;335.89;347.47;359.05;370.64;382.22;393.80;405.38;416.97;428.55;440.13;451.71;463.30;474.88;486.46;498.04;509.63;521.21;532.79;544.37;555.96;567.54;579.12;590.70;602.29;613.87;625.45;637.03;648.61;660.20;671.78;683.36;694.94;706.53;718.11;729.69;741.27;752.86;764.44;776.02;787.60;799.19;810.77;822.35;833.93;845.52;857.10;868.68;880.26;891.85;903.43;915.01;926.59;938.17;949.76;961.34;
Basal;0.00;-1.20;-3.18;-5.29;-5.97;-7.24;-8.32;-9.50;-10.42;-11.61;-12.61;-13.59;-14.54;-15.34;-16.19;-17.12;-18.19;-19.68;-21.25;-22.84;-24.36;-25.57;-26.69;-27.64;-28.47;-29.17;-29.80;-30.45;-31.16;-32.12;-32.93;-33.31;-32.98;-31.55;-29.53;-27.30;-25.35;-23.98;-22.98;-21.99;-20.75;-18.92;-16.76;-14.53;-12.45;-11.12;-10.11;-9.36;-8.82;-8.27;-7.78;-7.28;-6.67;-6.01;-5.28;-4.62;-4.10;-3.84;-3.76;-3.78;-3.85;-3.83;-3.81;-3.79;-3.76;-3.79;-3.82;-3.86;-3.90;-3.96;-3.94;-3.75;-3.38;-2.59;-1.66;-0.74;0.08;0.20;0.15;-0.02;-0.27;-0.27;-0.24;-0.17;
Mid;0.00;-0.71;-2.31;-4.10;-4.96;-5.52;-5.85;-6.15;-6.45;-7.65;-8.92;-10.26;-11.57;-12.73;-13.84;-14.93;-15.95;-16.98;-17.95;-18.85;-19.74;-20.46;-21.13;-21.70;-22.11;-22.39;-22.59;-22.85;-23.31;-24.31;-25.34;-26.14;-26.49;-26.17;-25.42;-24.47;-23.53;-22.62;-21.75;-20.79;-19.57;-17.90;-16.00;-14.06;-12.25;-11.15;-10.31;-9.68;-9.13;-8.43;-7.74;-7.04;-6.38;-5.81;-5.32;-4.90;-4.52;-4.26;-4.05;-3.94;-3.90;-3.90;-3.93;-3.99;-4.02;-4.03;-4.02;-4.04;-4.11;-4.30;-4.44;-4.38;-3.99;-2.93;-1.63;-0.34;0.70;0.72;0.40;-0.11;-0.63;-0.74;-0.71;-0.49;
Apical;0.00;-0.72;-2.13;-3.69;-4.47;-5.28;-6.04;-6.86;-7.62;-8.80;-9.93;-11.08;-12.22;-13.27;-14.29;-15.28;-16.19;-17.18;-18.08;-18.92;-19.74;-20.42;-21.07;-21.65;-22.10;-22.45;-22.72;-23.02;-23.40;-24.08;-24.74;-25.23;-25.38;-24.98;-24.24;-23.36;-22.50;-21.79;-21.13;-20.37;-19.42;-18.16;-16.72;-15.20;-13.70;-12.49;-11.39;-10.42;-9.58;-8.80;-8.10;-7.43;-6.80;-6.22;-5.71;-5.28;-4.92;-4.71;-4.58;-4.53;-4.54;-4.55;-4.58;-4.63;-4.66;-4.72;-4.79;-4.87;-5.01;-5.17;-5.26;-5.16;-4.80;-3.99;-2.96;-1.87;-0.86;-0.31;0.04;0.20;0.16;0.07;-0.08;-0.15;

----------------------------------------------------------


