PatientInformation
==========================================================
PatientID;No patientID
Name;,,
Date of Birth;
Sex;
Version;AutoStrainCap2 2.1.0.491925

Results
==========================================================
Global
----------------------------------------------------------
LaSr_ED;22.30;%
LaScd_ED;-17.87;%
LaSct_ED;-4.43;%
LaSr_AC;21.34;%
LaScd_AC;-17.10;%
LaSct_AC;-4.24;%
ED;0.00;ms
ES;397.12;ms
PreA;736.32;ms

Curves
==========================================================
Longitudinal Strain
Unit [%]
Time [ms];0.00;20.68;41.37;62.05;82.73;103.42;124.10;144.78;165.47;186.15;206.83;227.52;248.20;268.88;289.56;310.25;330.93;351.61;372.30;392.98;413.66;434.35;455.03;475.71;496.40;517.08;537.76;558.45;579.13;599.81;620.50;641.18;661.86;682.55;703.23;723.91;744.59;765.28;785.96;806.64;827.33;848.01;868.69;889.38;910.06;930.74;951.43;972.11;992.79;1013.48;1034.16;1054.84;
LAS_ED;0.00;-0.71;0.47;2.73;5.37;7.26;9.12;11.42;13.71;15.59;17.14;18.20;19.19;20.51;21.42;21.62;21.44;21.57;21.88;22.29;21.90;20.06;17.12;13.92;10.86;7.94;6.01;5.08;4.99;5.16;5.45;5.33;5.05;4.62;4.42;4.35;4.51;4.75;4.99;4.89;4.84;4.87;4.83;4.85;4.50;3.60;2.26;0.53;-0.82;-1.39;-1.04;-0.17;
LAS_AC;-4.32;-5.00;-3.87;-1.71;0.82;2.63;4.40;6.61;8.80;10.60;12.08;13.10;14.04;15.30;16.18;16.36;16.20;16.32;16.62;17.01;16.64;14.87;12.06;9.00;6.07;3.28;1.43;0.54;0.45;0.62;0.89;0.78;0.51;0.10;-0.09;-0.16;0.00;0.22;0.45;0.36;0.31;0.34;0.30;0.32;-0.02;-0.88;-2.16;-3.81;-5.10;-5.65;-5.32;-4.48;

----------------------------------------------------------


