PatientInformation
==========================================================
PatientID;No patientID
Name;,,
Date of Birth;
Sex;
Version;AutoStrainCap2 2.1.0.491925

Results
==========================================================
Global
----------------------------------------------------------
RVFWSL;-31.33;%
RV4CSL;-25.69;%
ED;0.00;ms
ES;338.40;ms

Curves
==========================================================
Longitudinal Strain
Unit [%]
Time [ms];0.00;10.68;21.35;32.03;42.70;53.38;64.05;74.73;85.40;96.08;106.75;117.43;128.10;138.78;149.45;160.13;170.80;181.48;192.15;202.83;213.50;224.18;234.85;245.53;256.20;266.88;277.56;288.23;298.91;309.58;320.26;330.93;341.61;352.28;362.96;373.63;384.31;394.98;405.66;416.33;427.01;437.68;448.36;459.03;469.71;480.38;491.06;501.73;512.41;523.08;533.76;544.44;555.11;565.79;576.46;587.14;597.81;608.49;619.16;629.84;640.51;651.19;661.86;672.54;683.21;693.89;704.56;715.24;725.91;736.59;747.26;757.94;768.61;779.29;789.96;800.64;811.32;821.99;832.67;843.34;854.02;864.69;875.37;886.04;896.72;907.39;918.07;928.74;939.42;950.09;960.77;971.44;982.12;992.79;1003.47;1014.14;1024.82;1035.49;1046.17;1056.84;1067.52;
Basal;0.00;-0.12;-0.31;-0.69;-1.99;-3.47;-4.96;-6.61;-8.46;-10.44;-12.54;-14.52;-16.52;-18.48;-20.40;-22.21;-24.06;-25.80;-27.46;-29.03;-30.47;-31.84;-33.03;-34.07;-34.97;-35.75;-36.58;-37.33;-38.01;-38.54;-38.85;-39.06;-38.88;-38.27;-37.30;-35.89;-34.20;-32.17;-29.91;-27.60;-25.47;-23.84;-22.59;-21.61;-20.73;-19.77;-18.51;-17.04;-15.50;-13.96;-12.62;-11.46;-10.60;-9.90;-9.42;-8.96;-8.93;-8.80;-8.67;-8.33;-7.77;-6.71;-5.47;-4.13;-2.86;-1.80;-1.16;-0.81;-0.67;-0.67;-0.72;-0.81;-0.89;-0.97;-1.03;-1.12;-1.14;-1.19;-1.19;-1.19;-1.12;-0.99;-0.78;-0.49;-0.10;0.41;0.96;1.61;2.32;3.05;3.76;4.49;5.08;5.47;5.57;5.31;4.49;3.45;2.35;1.26;0.36;
Mid;0.00;-0.91;-1.65;-2.15;-2.82;-3.26;-3.43;-3.61;-3.96;-4.47;-5.28;-6.50;-7.94;-9.42;-10.92;-12.33;-13.88;-15.32;-16.71;-18.02;-19.27;-20.49;-21.59;-22.56;-23.36;-24.01;-24.56;-25.04;-25.45;-25.95;-26.49;-27.20;-27.77;-28.15;-28.04;-27.42;-26.19;-24.46;-22.31;-20.09;-18.05;-16.69;-15.78;-15.20;-14.89;-14.71;-14.84;-14.96;-15.05;-14.99;-14.79;-14.24;-13.58;-12.85;-12.13;-11.37;-10.88;-10.37;-9.95;-9.45;-8.96;-8.17;-7.40;-6.60;-5.90;-5.32;-4.90;-4.64;-4.52;-4.51;-4.56;-4.64;-4.72;-4.82;-4.90;-5.02;-5.11;-5.20;-5.22;-5.17;-4.97;-4.68;-4.22;-3.68;-3.08;-2.44;-1.69;-0.92;-0.17;0.56;1.24;1.84;2.31;2.64;2.78;2.86;2.69;2.53;2.28;1.92;1.26;
Apical;0.00;-0.73;-1.22;-1.51;-2.57;-3.51;-4.22;-5.04;-6.03;-7.17;-8.43;-9.60;-10.81;-11.98;-13.13;-14.20;-15.37;-16.47;-17.52;-18.52;-19.42;-20.37;-21.17;-21.85;-22.36;-22.75;-23.08;-23.36;-23.57;-23.86;-24.10;-24.92;-25.56;-26.11;-26.28;-26.19;-25.64;-24.79;-23.60;-22.32;-21.07;-20.08;-19.35;-18.89;-18.61;-18.41;-18.42;-18.37;-18.25;-17.97;-17.52;-16.73;-15.80;-14.78;-13.77;-12.71;-11.89;-11.06;-10.35;-9.63;-8.98;-8.27;-7.63;-7.01;-6.47;-6.03;-5.70;-5.49;-5.38;-5.35;-5.36;-5.44;-5.54;-5.66;-5.79;-5.95;-6.09;-6.22;-6.29;-6.27;-6.08;-5.67;-5.07;-4.33;-3.46;-2.49;-1.54;-0.56;0.37;1.23;1.92;2.53;2.91;3.11;3.11;3.05;2.83;2.63;2.35;1.90;1.07;

----------------------------------------------------------


