PatientInformation
==========================================================
PatientID;No patientID
Name;,,
Date of Birth;
Sex;
Version;AutoStrainCap2 2.1.0.491925

Results
==========================================================
Global
----------------------------------------------------------
LaSr_ED;32.67;%
LaScd_ED;-19.93;%
LaSct_ED;-12.73;%
LaSr_AC;28.88;%
LaScd_AC;-17.62;%
LaSct_AC;-11.26;%
ED;0.00;ms
ES;358.13;ms
PreA;598.67;ms

Curves
==========================================================
Longitudinal Strain
Unit [%]
Time [ms];0.00;17.82;35.64;53.45;71.27;89.09;106.91;124.72;142.54;160.36;178.18;195.99;213.81;231.63;249.45;267.26;285.08;302.90;320.72;338.53;356.35;374.17;391.99;409.80;427.62;445.44;463.26;481.08;498.89;516.71;534.53;552.35;570.16;587.98;605.80;623.62;641.43;659.25;677.07;694.89;712.70;730.52;748.34;766.16;783.97;801.79;819.61;
LAS_ED;0.00;-1.41;-1.93;-0.70;1.92;5.20;9.03;12.48;16.32;20.40;23.79;25.59;26.62;27.73;29.06;30.66;31.10;30.68;30.22;31.47;32.67;31.74;30.13;28.44;26.03;21.78;17.07;13.56;11.49;11.22;11.66;11.25;11.17;12.08;13.11;13.76;14.52;15.71;17.32;18.95;20.64;22.12;21.88;17.86;12.16;6.02;1.40;
LAS_AC;-11.59;-12.83;-13.30;-12.21;-9.90;-7.00;-3.61;-0.55;2.84;6.44;9.44;11.03;11.94;12.93;14.10;15.51;15.90;15.53;15.13;16.23;17.29;16.47;15.04;13.55;11.42;7.66;3.50;0.40;-1.44;-1.67;-1.29;-1.64;-1.71;-0.91;0.00;0.57;1.25;2.30;3.72;5.16;6.66;7.97;7.75;4.20;-0.84;-6.27;-10.35;

----------------------------------------------------------


