PatientInformation
==========================================================
PatientID;No patientID
Name;,,
Date of Birth;
Sex;
Version;AutoStrainCap2 2.1.0.491925

Results
==========================================================
Global
----------------------------------------------------------
RVFWSL;-37.73;%
RV4CSL;-30.91;%
ED;0.00;ms
ES;342.10;ms

Curves
==========================================================
Longitudinal Strain
Unit [%]
Time [ms];0.00;17.82;35.64;53.45;71.27;89.09;106.91;124.72;142.54;160.36;178.18;195.99;213.81;231.63;249.45;267.26;285.08;302.90;320.72;338.53;356.35;374.17;391.99;409.80;427.62;445.44;463.26;481.08;498.89;516.71;534.53;552.35;570.16;587.98;605.80;623.62;641.43;659.25;677.07;694.89;712.70;730.52;748.34;766.16;783.97;801.79;819.61;
Basal;0.00;-1.87;-3.05;-4.84;-6.58;-10.81;-14.89;-17.93;-20.43;-22.64;-24.76;-26.58;-28.46;-30.26;-31.85;-33.04;-33.93;-34.72;-35.39;-35.51;-35.13;-34.33;-32.79;-30.12;-26.99;-24.17;-21.62;-19.41;-17.71;-16.78;-16.20;-15.86;-15.54;-15.32;-15.08;-15.15;-15.25;-15.13;-15.17;-15.58;-15.50;-13.81;-11.12;-7.75;-4.33;-0.97;1.03;
Mid;0.00;-3.01;-5.36;-7.89;-10.15;-13.36;-16.56;-19.56;-22.36;-24.57;-26.44;-27.90;-29.03;-29.80;-30.47;-31.51;-32.54;-33.25;-33.98;-34.87;-35.12;-34.32;-32.63;-30.50;-28.02;-25.53;-23.24;-21.19;-19.54;-18.34;-17.45;-17.01;-16.69;-16.36;-16.03;-15.93;-15.90;-15.84;-15.87;-16.09;-15.85;-14.64;-12.23;-8.24;-4.03;-0.63;1.17;
Apical;0.00;-2.76;-5.10;-7.88;-10.34;-13.49;-16.57;-19.68;-23.05;-26.87;-30.56;-33.39;-35.49;-36.93;-38.24;-39.92;-41.50;-42.45;-42.93;-42.69;-41.68;-39.87;-37.06;-33.04;-28.96;-25.76;-22.99;-20.81;-18.88;-17.07;-15.75;-15.27;-15.16;-15.07;-14.98;-15.11;-15.34;-15.53;-15.76;-16.13;-16.10;-15.13;-12.99;-9.42;-5.33;-1.19;1.24;

----------------------------------------------------------


