PatientInformation
==========================================================
PatientID;No patientID
Name;,,
Date of Birth;
Sex;
Version;AutoStrainCap2 2.1.0.491925

Results
==========================================================
Global
----------------------------------------------------------
LaSr_ED;16.08;%
LaScd_ED;-17.30;%
LaSct_ED;1.22;%
LaSr_AC;16.29;%
LaScd_AC;-17.53;%
LaSct_AC;1.24;%
ED;0.00;ms
ES;358.08;ms
PreA;702.08;ms

Curves
==========================================================
Longitudinal Strain
Unit [%]
Time [ms];0.00;10.06;20.12;30.18;40.23;50.29;60.35;70.41;80.47;90.53;100.58;110.64;120.70;130.76;140.82;150.88;160.93;170.99;181.05;191.11;201.17;211.23;221.28;231.34;241.40;251.46;261.52;271.58;281.64;291.69;301.75;311.81;321.87;331.93;341.99;352.04;362.10;372.16;382.22;392.28;402.34;412.39;422.45;432.51;442.57;452.63;462.69;472.74;482.80;492.86;502.92;512.98;523.04;533.10;543.15;553.21;563.27;573.33;583.39;593.45;603.50;613.56;623.62;633.68;643.74;653.80;663.85;673.91;683.97;694.03;704.09;714.15;724.21;734.26;744.32;754.38;764.44;774.50;784.56;794.61;804.67;814.73;824.79;834.85;844.91;854.96;865.02;875.08;885.14;895.20;905.26;915.31;925.37;935.43;945.49;955.55;965.61;975.67;985.72;995.78;1005.84;1015.90;1025.96;1036.02;
LAS_ED;0.00;1.54;3.29;5.14;6.67;8.06;8.36;8.47;8.19;7.87;7.59;7.49;7.57;7.80;8.16;8.59;9.08;9.59;10.14;10.65;11.19;11.57;11.94;12.23;12.47;12.65;12.72;12.79;12.87;13.06;13.40;13.92;14.53;15.17;15.68;16.03;16.07;15.92;15.48;14.87;14.08;13.10;12.00;10.85;9.60;8.33;6.61;4.90;3.26;1.82;0.72;0.11;-0.15;-0.20;-0.18;-0.15;-0.41;-0.69;-0.98;-1.18;-1.22;-1.15;-0.95;-0.70;-0.47;-0.31;-0.38;-0.54;-0.76;-1.05;-1.27;-1.60;-1.82;-2.03;-2.15;-2.18;-2.14;-2.02;-1.89;-1.75;-1.67;-1.63;-1.67;-1.73;-1.84;-1.93;-2.13;-2.31;-2.56;-2.86;-3.21;-3.76;-4.22;-4.45;-4.42;-3.93;-3.04;-1.82;-0.67;0.28;0.64;0.10;-0.45;-0.55;
LAS_AC;1.29;2.85;4.62;6.49;8.04;9.45;9.75;9.87;9.58;9.26;8.97;8.87;8.95;9.19;9.55;9.99;10.49;11.00;11.56;12.08;12.62;13.01;13.38;13.68;13.92;14.10;14.18;14.24;14.33;14.52;14.86;15.38;16.01;16.66;17.17;17.52;17.57;17.41;16.97;16.35;15.55;14.55;13.45;12.28;11.01;9.72;7.98;6.26;4.59;3.13;2.01;1.40;1.14;1.08;1.11;1.14;0.87;0.59;0.29;0.10;0.05;0.13;0.32;0.58;0.81;0.97;0.91;0.74;0.52;0.22;0.00;-0.34;-0.56;-0.77;-0.89;-0.92;-0.88;-0.76;-0.62;-0.48;-0.40;-0.36;-0.41;-0.47;-0.58;-0.67;-0.86;-1.05;-1.31;-1.61;-1.96;-2.52;-2.99;-3.22;-3.19;-2.69;-1.79;-0.56;0.61;1.57;1.93;1.39;0.83;0.73;

----------------------------------------------------------


