PatientInformation
==========================================================
PatientID;No patientID
Name;,,
Date of Birth;
Sex;
Version;AutoStrainCap2 2.1.0.491925

Results
==========================================================
Global
----------------------------------------------------------
RVFWSL;-22.76;%
RV4CSL;-21.69;%
ED;0.00;ms
ES;448.24;ms

Curves
==========================================================
Longitudinal Strain
Unit [%]
Time [ms];0.00;12.52;25.04;37.56;50.08;62.60;75.12;87.65;100.17;112.69;125.21;137.73;150.25;162.77;175.29;187.81;200.33;212.85;225.37;237.90;250.42;262.94;275.46;287.98;300.50;313.02;325.54;338.06;350.58;363.10;375.62;388.14;400.67;413.19;425.71;438.23;450.75;463.27;475.79;488.31;500.83;513.35;525.87;538.39;550.91;563.44;575.96;588.48;601.00;613.52;626.04;638.56;651.08;663.60;676.12;688.64;701.16;713.69;726.21;738.73;751.25;763.77;776.29;788.81;801.33;813.85;826.37;838.89;851.41;863.93;876.46;888.98;901.50;914.02;926.54;939.06;951.58;964.10;976.62;989.14;1001.66;1014.18;1026.71;1039.23;1051.75;1064.27;1076.79;1089.31;1101.83;1114.35;1126.87;1139.39;1151.91;1164.43;1176.95;1189.48;1202.00;1214.52;1227.04;1239.56;1252.08;1264.60;1277.12;1289.64;1302.16;1314.68;1327.20;1339.73;1352.25;1364.77;1377.29;1389.81;1402.33;1414.85;1427.37;1439.89;1452.41;1464.93;1477.45;1489.97;1502.50;1515.02;
Basal;0.00;-2.58;-6.32;-8.19;-5.26;0.27;6.12;9.78;11.46;11.63;10.58;8.92;6.76;4.86;2.78;0.79;-1.24;-3.20;-5.27;-6.61;-7.77;-8.45;-8.42;-7.49;-7.58;-5.98;-3.61;-1.02;1.46;3.48;4.65;3.14;0.85;-1.71;-4.15;-5.96;-6.76;-4.71;-1.72;1.88;5.70;9.34;12.58;13.29;13.51;13.27;12.83;12.36;11.95;12.15;12.43;12.81;13.12;13.31;13.27;12.72;11.95;11.05;10.10;9.18;8.34;7.84;7.44;7.14;6.87;6.63;6.37;5.97;5.52;5.07;4.59;4.11;3.61;3.25;2.87;2.50;2.13;1.78;1.46;1.14;0.86;0.58;0.31;0.03;-0.23;-0.57;-0.89;-1.22;-1.54;-1.84;-2.13;-2.40;-2.65;-2.89;-3.11;-3.32;-3.53;-3.74;-3.96;-4.21;-4.49;-4.84;-5.25;-5.76;-6.29;-6.76;-7.11;-7.29;-7.17;-7.11;-6.80;-6.37;-5.99;-5.63;-5.68;-5.61;-5.88;-5.90;-5.86;-5.30;-4.22;-1.88;
Mid;0.00;-3.54;-7.96;-10.40;-8.47;-4.18;0.25;2.48;2.67;1.43;-0.93;-3.74;-6.68;-8.68;-10.41;-11.79;-13.02;-14.07;-15.15;-16.35;-17.48;-18.28;-18.64;-18.30;-18.06;-16.98;-15.54;-13.83;-12.07;-10.46;-9.19;-9.66;-10.48;-11.45;-12.34;-13.08;-13.36;-13.10;-12.20;-10.89;-9.25;-7.47;-5.86;-5.62;-5.77;-6.18;-6.84;-7.73;-8.79;-9.47;-9.96;-10.56;-11.15;-11.69;-12.09;-12.62;-13.03;-13.41;-13.76;-14.05;-14.32;-14.42;-14.49;-14.50;-14.48;-14.43;-14.36;-14.37;-14.38;-14.40;-14.45;-14.50;-14.61;-14.64;-14.72;-14.80;-14.89;-14.96;-15.03;-15.10;-15.15;-15.20;-15.24;-15.29;-15.33;-15.41;-15.47;-15.54;-15.61;-15.65;-15.70;-15.71;-15.71;-15.70;-15.67;-15.65;-15.59;-15.56;-15.52;-15.53;-15.55;-15.64;-15.78;-16.02;-16.25;-16.45;-16.49;-16.40;-15.96;-15.49;-14.70;-13.81;-12.90;-12.00;-11.35;-10.61;-10.06;-9.32;-8.43;-7.07;-5.18;-2.33;
Apical;0.00;-4.99;-10.88;-14.60;-13.63;-10.02;-6.10;-4.38;-4.67;-6.40;-9.23;-12.50;-15.95;-18.70;-21.21;-23.32;-25.27;-27.02;-28.82;-30.93;-33.08;-35.05;-36.81;-38.58;-40.29;-41.21;-41.23;-40.86;-40.25;-39.59;-38.98;-38.96;-39.10;-39.28;-39.44;-39.55;-39.46;-38.82;-37.68;-36.13;-34.31;-32.43;-30.65;-29.79;-29.19;-28.89;-28.85;-29.01;-29.19;-29.09;-28.90;-28.43;-27.83;-27.25;-26.76;-26.41;-26.18;-26.09;-26.08;-26.12;-26.18;-26.20;-26.21;-26.16;-26.07;-25.93;-25.73;-25.52;-25.28;-25.02;-24.76;-24.50;-24.27;-23.99;-23.76;-23.53;-23.30;-23.08;-22.84;-22.62;-22.38;-22.14;-21.89;-21.65;-21.40;-21.17;-20.94;-20.71;-20.48;-20.24;-20.01;-19.77;-19.53;-19.28;-19.02;-18.77;-18.48;-18.22;-17.94;-17.69;-17.47;-17.31;-17.19;-17.16;-17.12;-17.04;-16.82;-16.47;-15.83;-15.21;-14.35;-13.41;-12.48;-11.57;-10.92;-10.19;-9.61;-8.82;-7.85;-6.46;-4.58;-1.91;

----------------------------------------------------------


