PatientInformation
==========================================================
PatientID;No patientID
Name;,,
Date of Birth;
Sex;
Version;AutoStrainCap2 2.1.0.491925

Results
==========================================================
Global
----------------------------------------------------------
LaSr_ED;24.75;%
LaScd_ED;-17.77;%
LaSct_ED;-6.98;%
LaSr_AC;23.14;%
LaScd_AC;-16.61;%
LaSct_AC;-6.53;%
ED;0.00;ms
ES;367.72;ms
PreA;572.01;ms

Curves
==========================================================
Longitudinal Strain
Unit [%]
Time [ms];0.00;20.43;40.86;61.29;81.72;102.14;122.57;143.00;163.43;183.86;204.29;224.72;245.15;265.57;286.00;306.43;326.86;347.29;367.72;388.15;408.58;429.00;449.43;469.86;490.29;510.72;531.15;551.58;572.01;592.43;612.86;633.29;653.72;674.15;694.58;715.01;735.44;755.87;
LAS_ED;0.00;-0.40;0.64;3.60;5.13;9.94;12.46;15.36;19.00;20.29;20.59;22.03;22.81;23.54;23.92;24.52;24.30;24.10;24.75;23.57;21.93;19.66;15.59;12.59;10.27;8.62;7.46;6.94;6.98;7.09;7.76;8.98;7.55;5.41;0.95;-4.62;-6.28;-3.63;
LAS_AC;-6.53;-6.90;-5.93;-3.17;-1.74;2.76;5.12;7.83;11.24;12.43;12.72;14.06;14.79;15.48;15.83;16.39;16.19;15.99;16.61;15.50;13.97;11.85;8.04;5.24;3.07;1.53;0.44;-0.04;0.00;0.10;0.73;1.87;0.53;-1.48;-5.64;-10.84;-12.39;-9.92;

----------------------------------------------------------


