PatientInformation
==========================================================
PatientID;No patientID
Name;,,
Date of Birth;
Sex;
Version;AutoStrainCap2 2.1.0.491925

Results
==========================================================
Global
----------------------------------------------------------
RVFWSL;-31.27;%
RV4CSL;-23.32;%
ED;0.00;ms
ES;292.80;ms

Curves
==========================================================
Longitudinal Strain
Unit [%]
Time [ms];0.00;11.71;23.42;35.14;46.85;58.56;70.27;81.98;93.70;105.41;117.12;128.83;140.54;152.26;163.97;175.68;187.39;199.10;210.82;222.53;234.24;245.95;257.66;269.38;281.09;292.80;304.51;316.22;327.94;339.65;351.36;363.07;374.78;386.50;398.21;409.92;421.63;433.34;445.06;456.77;468.48;480.19;491.90;503.62;515.33;527.04;538.75;550.46;562.18;573.89;585.60;597.31;609.02;620.74;632.45;644.16;655.87;667.58;679.30;691.01;702.72;714.43;726.14;737.86;749.57;761.28;772.99;784.70;796.42;808.13;819.84;831.55;
Basal;0.00;-0.72;-1.31;-2.18;-2.79;-3.34;-3.96;-4.05;-4.39;-5.01;-6.63;-8.41;-9.95;-11.38;-12.67;-14.42;-16.45;-18.84;-21.05;-23.23;-25.00;-26.54;-27.63;-28.54;-29.24;-29.77;-30.02;-29.92;-29.05;-27.72;-25.79;-23.90;-22.04;-20.85;-20.51;-20.40;-19.40;-16.77;-13.32;-10.32;-9.06;-8.75;-8.58;-7.80;-6.81;-6.07;-5.89;-5.99;-5.99;-6.29;-6.31;-6.21;-5.93;-5.79;-5.78;-6.21;-6.58;-6.75;-6.55;-5.84;-4.56;-2.26;0.29;2.24;2.49;1.98;1.55;1.53;1.69;1.63;1.36;0.78;
Mid;0.00;-0.30;-1.26;-3.67;-4.82;-5.61;-6.39;-6.99;-7.99;-9.26;-11.50;-13.81;-16.03;-17.94;-19.74;-21.58;-23.50;-25.42;-27.16;-28.51;-29.61;-30.62;-31.66;-32.66;-33.38;-33.66;-33.56;-33.28;-32.58;-31.62;-30.20;-28.36;-26.61;-25.22;-24.61;-24.06;-23.06;-21.11;-18.70;-16.54;-15.58;-15.22;-15.05;-14.15;-13.15;-12.26;-11.98;-11.87;-11.60;-11.34;-10.81;-10.38;-9.93;-9.83;-9.70;-9.85;-9.82;-9.76;-9.60;-9.14;-8.27;-6.79;-5.04;-3.43;-2.16;-1.19;-0.16;0.69;1.38;1.66;1.19;0.56;
Apical;0.00;-0.10;-0.53;-1.82;-2.48;-2.97;-3.59;-4.16;-5.19;-6.55;-8.58;-10.68;-12.64;-14.54;-16.22;-17.83;-19.42;-20.94;-22.30;-23.58;-24.70;-25.76;-26.64;-27.48;-28.10;-28.36;-28.37;-28.41;-28.21;-27.91;-26.98;-25.67;-24.15;-23.02;-22.58;-22.39;-21.76;-20.21;-18.13;-16.20;-15.25;-14.79;-14.40;-13.49;-12.43;-11.54;-11.05;-10.65;-9.92;-9.20;-8.17;-7.30;-6.57;-6.29;-6.16;-6.39;-6.54;-6.63;-6.62;-6.32;-5.67;-4.48;-2.98;-1.54;-0.56;0.20;1.05;1.77;2.30;2.33;1.76;0.88;

----------------------------------------------------------


