PatientInformation
==========================================================
PatientID;No patientID
Name;,,
Date of Birth;
Sex;
Version;AutoStrainCap2 2.1.0.491925

Results
==========================================================
Global
----------------------------------------------------------
LaSr_ED;27.45;%
LaScd_ED;-9.25;%
LaSct_ED;-18.20;%
LaSr_AC;23.21;%
LaScd_AC;-7.82;%
LaSct_AC;-15.38;%
ED;0.00;ms
ES;387.07;ms
PreA;603.83;ms

Curves
==========================================================
Longitudinal Strain
Unit [%]
Time [ms];0.00;22.12;44.24;66.36;88.47;110.59;132.71;154.83;176.95;199.07;221.18;243.30;265.42;287.54;309.66;331.78;353.89;376.01;398.13;420.25;442.37;464.49;486.60;508.72;530.84;552.96;575.08;597.20;619.32;641.43;663.55;685.67;707.79;729.91;752.03;774.14;796.26;
LAS_ED;0.00;3.33;1.88;2.58;4.68;7.38;10.53;13.66;15.36;16.99;18.93;20.85;23.05;24.20;25.48;24.67;26.13;27.28;27.26;25.94;25.18;23.38;21.88;20.41;19.98;19.19;18.46;18.27;18.03;18.15;18.20;16.77;15.38;13.59;9.15;2.70;-1.34;
LAS_AC;-15.45;-12.64;-13.86;-13.27;-11.50;-9.21;-6.54;-3.90;-2.46;-1.09;0.56;2.17;4.04;5.01;6.09;5.40;6.64;7.61;7.59;6.48;5.84;4.32;3.05;1.80;1.44;0.78;0.16;0.00;-0.21;-0.11;-0.07;-1.27;-2.45;-3.96;-7.71;-13.17;-16.58;

----------------------------------------------------------


