PatientInformation
==========================================================
PatientID;No patientID
Name;,,
Date of Birth;
Sex;
Version;AutoStrainCap2 2.1.0.491925

Results
==========================================================
Global
----------------------------------------------------------
RVFWSL;-24.78;%
RV4CSL;-21.87;%
ED;0.00;ms
ES;322.10;ms

Curves
==========================================================
Longitudinal Strain
Unit [%]
Time [ms];0.00;13.82;27.65;41.47;55.30;69.12;82.94;96.77;110.59;124.42;138.24;152.06;165.89;179.71;193.54;207.36;221.18;235.01;248.83;262.66;276.48;290.30;304.13;317.95;331.78;345.60;359.42;373.25;387.07;400.90;414.72;428.54;442.37;456.19;470.02;483.84;497.66;511.49;525.31;539.14;552.96;566.78;580.61;594.43;608.26;622.08;635.90;649.73;663.55;677.38;691.20;705.02;718.85;732.67;746.50;760.32;774.14;787.97;801.79;815.62;
Basal;0.00;-0.06;-0.38;-1.05;-2.08;-3.03;-3.97;-4.65;-5.33;-6.01;-7.09;-8.20;-9.27;-10.51;-11.60;-12.67;-13.54;-14.36;-15.10;-15.58;-16.06;-16.44;-17.09;-17.56;-17.86;-17.97;-17.68;-16.95;-15.58;-13.89;-12.10;-10.58;-9.29;-8.21;-7.41;-6.81;-6.36;-5.92;-5.59;-5.39;-5.40;-5.44;-5.48;-5.35;-5.33;-5.43;-6.05;-6.42;-6.37;-5.64;-4.51;-3.27;-1.89;-0.79;0.23;0.74;1.14;1.23;0.99;0.57;
Mid;0.00;-1.27;-2.56;-3.79;-4.36;-4.76;-5.15;-6.26;-7.55;-8.86;-10.22;-11.57;-12.99;-14.82;-16.67;-18.38;-19.63;-20.63;-21.49;-22.22;-22.84;-23.39;-23.86;-24.19;-24.17;-24.28;-23.89;-22.99;-21.28;-19.33;-17.47;-16.48;-15.79;-15.35;-14.80;-14.35;-14.02;-13.64;-13.35;-13.10;-12.83;-12.58;-12.28;-12.03;-11.77;-11.60;-11.41;-10.96;-9.98;-8.21;-6.03;-3.95;-2.51;-1.55;-0.81;-0.39;-0.08;0.07;0.29;0.32;
Apical;0.00;-1.61;-3.20;-4.83;-6.24;-7.67;-8.97;-10.35;-11.64;-12.92;-14.59;-16.30;-17.98;-19.79;-21.46;-23.02;-24.52;-25.86;-27.14;-28.23;-29.28;-30.24;-31.00;-31.55;-31.70;-30.93;-29.70;-28.17;-26.56;-24.87;-23.16;-21.96;-20.93;-20.17;-19.29;-18.59;-18.00;-17.23;-16.51;-15.79;-15.15;-14.48;-13.82;-13.14;-12.55;-12.06;-11.72;-11.17;-10.22;-8.86;-7.16;-5.47;-3.87;-2.61;-1.50;-0.89;-0.35;0.05;0.36;0.41;

----------------------------------------------------------


