PatientInformation
==========================================================
PatientID;No patientID
Name;,,
Date of Birth;
Sex;
Version;AutoStrainCap2 2.1.0.491925

Results
==========================================================
Global
----------------------------------------------------------
LaSr_ED;11.40;%
LaScd_ED;-14.90;%
LaSct_ED;3.50;%
LaSr_AC;11.81;%
LaScd_AC;-15.44;%
LaSct_AC;3.62;%
ED;0.00;ms
ES;346.04;ms
PreA;570.81;ms

Curves
==========================================================
Longitudinal Strain
Unit [%]
Time [ms];0.00;10.45;20.91;31.36;41.82;52.27;62.73;73.18;83.64;94.09;104.54;115.00;125.45;135.91;146.36;156.82;167.27;177.72;188.18;198.63;209.09;219.54;230.00;240.45;250.91;261.36;271.81;282.27;292.72;303.18;313.63;324.09;334.54;345.00;355.45;365.90;376.36;386.81;397.27;407.72;418.18;428.63;439.09;449.54;459.99;470.45;480.90;491.36;501.81;512.27;522.72;533.17;543.63;554.08;564.54;574.99;585.45;595.90;606.36;616.81;627.26;637.72;648.17;658.63;669.08;679.54;689.99;700.45;710.90;721.35;731.81;742.26;752.72;763.17;773.63;784.08;
LAS_ED;0.00;-0.43;-0.97;-1.40;-1.70;-1.81;-1.53;-0.99;-0.17;0.59;1.20;1.78;2.55;3.45;4.49;5.36;5.90;6.24;6.60;7.07;7.62;8.12;8.46;8.73;8.99;9.37;9.79;10.18;10.52;10.79;11.05;11.21;11.30;11.40;11.30;10.90;10.12;8.94;7.30;5.25;2.60;0.06;-2.11;-3.54;-4.51;-4.88;-5.09;-4.96;-4.67;-4.59;-4.45;-4.28;-4.01;-3.74;-3.55;-3.48;-3.48;-3.43;-3.33;-3.23;-3.31;-3.60;-3.99;-4.26;-4.30;-4.18;-4.05;-4.29;-4.48;-4.56;-4.25;-3.92;-3.77;-4.02;-3.97;-2.79;
LAS_AC;3.61;3.17;2.60;2.16;1.85;1.73;2.02;2.59;3.43;4.22;4.86;5.45;6.25;7.19;8.26;9.17;9.73;10.08;10.45;10.94;11.51;12.03;12.38;12.66;12.92;13.32;13.75;14.16;14.51;14.79;15.06;15.23;15.32;15.42;15.32;14.91;14.10;12.87;11.18;9.05;6.31;3.68;1.42;-0.06;-1.06;-1.45;-1.67;-1.53;-1.23;-1.14;-1.00;-0.82;-0.54;-0.27;-0.06;0.00;0.00;0.05;0.16;0.27;0.19;-0.11;-0.52;-0.81;-0.84;-0.73;-0.58;-0.84;-1.03;-1.11;-0.79;-0.45;-0.30;-0.56;-0.51;0.72;

----------------------------------------------------------


