PatientInformation
==========================================================
PatientID;No patientID
Name;,,
Date of Birth;
Sex;
Version;AutoStrainCap2 2.1.0.491925

Results
==========================================================
Global
----------------------------------------------------------
RVFWSL;-21.35;%
RV4CSL;-16.86;%
ED;0.00;ms
ES;286.01;ms

Curves
==========================================================
Longitudinal Strain
Unit [%]
Time [ms];0.00;12.88;25.77;38.65;51.53;64.42;77.30;90.18;103.07;115.95;128.83;141.72;154.60;167.48;180.36;193.25;206.13;219.01;231.90;244.78;257.66;270.55;283.43;296.31;309.20;322.08;334.96;347.85;360.73;373.61;386.50;399.38;412.26;425.15;438.03;450.91;463.80;476.68;489.56;502.44;
Basal;0.00;-1.33;-3.08;-3.71;-3.70;-3.64;-3.91;-4.87;-6.11;-7.09;-7.95;-8.84;-9.67;-10.63;-11.61;-12.64;-13.76;-14.90;-16.01;-16.93;-17.62;-18.27;-18.62;-18.55;-17.64;-15.49;-13.10;-11.79;-11.04;-10.16;-8.83;-7.22;-5.48;-3.76;-3.53;-5.99;-7.76;-5.81;-2.60;-0.77;
Mid;0.00;-1.49;-3.89;-5.27;-5.97;-6.27;-6.76;-7.89;-9.33;-10.65;-11.87;-13.03;-14.07;-15.14;-16.15;-17.20;-18.30;-19.46;-20.60;-21.53;-22.18;-22.67;-22.86;-22.68;-21.73;-19.55;-17.06;-15.38;-14.16;-12.92;-11.17;-8.71;-6.08;-3.80;-3.16;-5.27;-6.87;-4.92;-1.92;-0.44;
Apical;0.00;-1.83;-4.26;-5.52;-6.04;-6.55;-7.35;-8.70;-10.36;-11.81;-13.08;-14.27;-15.23;-16.19;-16.97;-17.62;-18.20;-18.67;-19.17;-19.70;-20.12;-20.59;-20.86;-20.91;-20.35;-18.71;-16.77;-15.51;-14.44;-12.91;-10.90;-9.02;-7.06;-5.06;-4.38;-5.80;-6.75;-4.67;-1.81;-0.30;

----------------------------------------------------------


