PatientInformation
==========================================================
PatientID;No patientID
Name;,,
Date of Birth;
Sex;
Version;AutoStrainCap2 2.1.0.491925

Results
==========================================================
Global
----------------------------------------------------------
LaSr_ED;24.06;%
LaScd_ED;-10.72;%
LaSct_ED;-13.34;%
LaSr_AC;21.23;%
LaScd_AC;-9.46;%
LaSct_AC;-11.77;%
ED;0.00;ms
ES;465.44;ms
PreA;723.78;ms

Curves
==========================================================
Longitudinal Strain
Unit [%]
Time [ms];0.00;21.35;42.70;64.05;85.40;106.75;128.10;149.45;170.80;192.15;213.50;234.85;256.20;277.56;298.91;320.26;341.61;362.96;384.31;405.66;427.01;448.36;469.71;491.06;512.41;533.76;555.11;576.46;597.81;619.16;640.51;661.86;683.21;704.56;725.91;747.26;768.61;789.96;811.31;832.67;854.02;875.37;896.72;918.07;939.42;960.77;
LAS_ED;0.00;1.79;1.63;1.38;1.70;2.97;4.12;5.11;6.74;9.12;11.98;14.47;16.62;18.27;19.39;20.02;20.26;20.27;20.43;21.06;22.14;23.48;24.03;22.71;20.36;17.93;16.09;15.22;14.81;14.06;13.41;13.25;13.30;13.33;13.33;13.23;13.15;13.03;12.83;12.59;11.89;10.50;8.53;6.42;3.80;0.63;
LAS_AC;-11.76;-10.18;-10.32;-10.55;-10.27;-9.14;-8.13;-7.26;-5.82;-3.71;-1.19;1.01;2.90;4.36;5.35;5.90;6.11;6.12;6.27;6.82;7.78;8.95;9.44;8.27;6.21;4.05;2.44;1.66;1.30;0.65;0.07;-0.07;-0.03;-0.00;0.00;-0.09;-0.16;-0.26;-0.44;-0.65;-1.27;-2.50;-4.24;-6.10;-8.41;-11.21;

----------------------------------------------------------


