PatientInformation
==========================================================
PatientID;No patientID
Name;,,
Date of Birth;
Sex;
Version;AutoStrainCap2 2.1.0.491925

Results
==========================================================
Global
----------------------------------------------------------
RVFWSL;-28.58;%
RV4CSL;-27.40;%
ED;0.00;ms
ES;446.22;ms

Curves
==========================================================
Longitudinal Strain
Unit [%]
Time [ms];0.00;21.35;42.70;64.05;85.40;106.75;128.10;149.45;170.80;192.15;213.50;234.85;256.20;277.56;298.91;320.26;341.61;362.96;384.31;405.66;427.01;448.36;469.71;491.06;512.41;533.76;555.11;576.46;597.81;619.16;640.51;661.86;683.21;704.56;725.91;747.26;768.61;789.96;811.31;832.67;854.02;875.37;896.72;918.07;939.42;960.77;
Basal;0.00;-3.86;-5.02;-3.29;-1.42;-3.09;-6.07;-7.98;-9.12;-11.08;-13.01;-14.65;-16.50;-18.28;-19.53;-20.08;-20.29;-21.17;-22.28;-23.93;-25.85;-26.83;-26.26;-23.98;-20.96;-18.37;-16.57;-16.49;-17.12;-17.33;-17.38;-17.43;-17.44;-17.33;-17.22;-17.48;-17.79;-18.15;-18.75;-19.55;-17.72;-10.55;-2.40;1.85;3.66;3.21;
Mid;0.00;-2.74;-3.87;-2.49;-0.76;-1.26;-3.34;-6.36;-9.02;-11.65;-13.95;-16.05;-18.28;-20.40;-21.94;-22.76;-23.15;-23.49;-23.71;-23.98;-24.42;-24.68;-23.65;-21.74;-19.26;-17.21;-15.77;-14.71;-14.28;-13.79;-13.22;-13.00;-12.86;-13.06;-13.43;-14.04;-14.74;-15.13;-15.66;-16.64;-15.31;-9.13;-2.10;0.60;1.37;1.80;
Apical;0.00;-2.18;-4.32;-4.02;-2.84;-2.39;-3.03;-5.33;-7.59;-8.85;-9.86;-12.36;-15.47;-18.66;-21.38;-23.38;-24.98;-26.53;-28.15;-30.35;-32.12;-31.00;-27.73;-24.64;-20.63;-15.94;-12.43;-11.34;-11.39;-11.01;-10.61;-10.48;-10.49;-10.70;-10.93;-11.33;-11.73;-12.11;-12.71;-13.71;-12.91;-8.72;-3.44;-0.65;1.02;1.76;

----------------------------------------------------------


