PatientInformation
==========================================================
PatientID;No patientID
Name;,,
Date of Birth;
Sex;
Version;AutoStrainCap2 2.1.0.491925

Results
==========================================================
Global
----------------------------------------------------------
LaSr_ED;29.66;%
LaScd_ED;-24.53;%
LaSct_ED;-5.13;%
LaSr_AC;28.21;%
LaScd_AC;-23.33;%
LaSct_AC;-4.88;%
ED;0.00;ms
ES;410.19;ms
PreA;674.59;ms

Curves
==========================================================
Longitudinal Strain
Unit [%]
Time [ms];0.00;8.24;16.47;24.71;32.95;41.18;49.42;57.66;65.89;74.13;82.37;90.60;98.84;107.08;115.32;123.55;131.79;140.03;148.26;156.50;164.74;172.97;181.21;189.45;197.68;205.92;214.16;222.39;230.63;238.87;247.10;255.34;263.58;271.81;280.05;288.29;296.52;304.76;313.00;321.24;329.47;337.71;345.95;354.18;362.42;370.66;378.89;387.13;395.37;403.60;411.84;420.08;428.31;436.55;444.79;453.02;461.26;469.50;477.73;485.97;494.21;502.44;510.68;518.92;527.16;535.39;543.63;551.87;560.10;568.34;576.58;584.81;593.05;601.29;609.52;617.76;626.00;634.23;642.47;650.71;658.94;667.18;675.42;683.65;691.89;700.13;708.36;716.60;724.84;733.08;741.31;749.55;757.79;766.02;774.26;782.50;790.73;798.97;807.21;815.44;823.68;831.92;840.15;848.39;856.63;864.86;873.10;881.34;889.57;897.81;906.05;914.28;922.52;930.76;
LAS_ED;0.00;-0.18;0.11;0.23;0.55;0.80;1.06;1.29;1.66;2.04;2.64;3.17;3.87;4.54;5.22;5.77;6.24;6.59;6.97;7.40;8.03;8.88;9.96;11.19;12.49;13.85;14.98;16.10;17.14;18.17;19.15;20.09;21.02;21.99;22.96;24.03;25.05;26.09;27.02;27.79;28.31;28.52;28.50;28.41;28.27;28.35;28.51;28.90;29.23;29.57;29.65;29.46;28.91;28.26;27.37;26.56;25.80;25.12;24.22;23.27;22.10;20.48;18.67;16.93;15.07;13.53;11.82;10.49;9.19;8.18;7.28;6.61;6.08;5.75;5.53;5.46;5.28;5.18;5.14;5.08;5.16;5.08;5.14;5.09;5.14;5.10;5.21;5.25;5.32;5.36;5.38;5.44;5.41;5.45;5.32;5.41;5.19;5.19;4.98;4.77;4.43;3.46;2.39;1.33;0.19;-0.63;-1.35;-1.76;-1.94;-2.20;-1.81;-1.84;-1.27;-0.67;
LAS_AC;-4.89;-5.06;-4.78;-4.67;-4.36;-4.12;-3.87;-3.66;-3.31;-2.94;-2.38;-1.87;-1.21;-0.57;0.08;0.60;1.05;1.39;1.74;2.15;2.76;3.56;4.59;5.76;7.00;8.29;9.36;10.43;11.42;12.40;13.33;14.23;15.11;16.03;16.96;17.97;18.94;19.93;20.81;21.55;22.04;22.24;22.22;22.13;22.00;22.08;22.23;22.60;22.92;23.24;23.32;23.13;22.61;21.99;21.15;20.37;19.65;19.00;18.15;17.25;16.14;14.59;12.87;11.22;9.45;7.98;6.35;5.09;3.86;2.89;2.04;1.40;0.90;0.58;0.38;0.31;0.14;0.04;0.00;-0.05;0.02;-0.06;0.00;-0.04;0.00;-0.03;0.07;0.11;0.17;0.22;0.24;0.29;0.26;0.30;0.18;0.26;0.06;0.05;-0.15;-0.35;-0.68;-1.60;-2.62;-3.62;-4.70;-5.48;-6.17;-6.56;-6.73;-6.98;-6.61;-6.64;-6.09;-5.52;

----------------------------------------------------------


