PatientInformation
==========================================================
PatientID;No patientID
Name;,,
Date of Birth;
Sex;
Version;AutoStrainCap2 2.1.0.491925

Results
==========================================================
Global
----------------------------------------------------------
RVFWSL;-26.12;%
RV4CSL;-22.45;%
ED;0.00;ms
ES;316.02;ms

Curves
==========================================================
Longitudinal Strain
Unit [%]
Time [ms];0.00;19.51;39.01;58.52;78.03;97.54;117.04;136.55;156.06;175.56;195.07;214.58;234.09;253.59;273.10;292.61;312.12;331.62;351.13;370.64;390.14;409.65;429.16;448.67;468.17;487.68;507.19;526.69;546.20;565.71;585.22;604.72;624.23;643.74;663.24;682.75;702.26;721.77;741.27;760.78;780.29;799.80;819.30;838.81;858.32;
Basal;0.00;-1.95;-3.93;-6.69;-9.48;-11.52;-13.08;-14.31;-15.53;-17.55;-20.00;-22.56;-24.83;-26.10;-26.91;-28.07;-28.67;-27.81;-26.32;-24.81;-23.36;-22.07;-20.40;-17.25;-13.24;-9.49;-5.71;-2.53;-0.07;1.83;3.07;3.77;4.13;4.82;5.64;6.51;7.09;6.75;6.89;8.75;9.70;7.28;4.10;3.07;2.33;
Mid;0.00;-0.80;-1.55;-3.33;-5.39;-7.03;-8.47;-9.83;-11.18;-12.91;-14.95;-17.17;-19.09;-20.13;-20.78;-21.75;-22.17;-21.19;-19.65;-18.29;-17.03;-16.01;-14.83;-12.76;-10.18;-7.92;-5.69;-3.94;-2.57;-1.09;0.38;2.13;3.62;4.63;5.37;5.90;6.16;5.78;5.89;7.52;8.45;6.55;3.88;2.62;1.68;
Apical;0.00;-0.86;-1.56;-3.43;-5.70;-7.66;-9.47;-11.09;-12.70;-14.75;-17.13;-19.65;-21.93;-23.39;-24.38;-25.74;-26.55;-26.00;-24.92;-23.44;-21.99;-21.10;-19.88;-17.50;-14.48;-12.40;-10.39;-8.43;-6.96;-5.20;-3.46;-1.99;-0.86;0.34;1.41;2.31;2.95;2.69;3.06;5.47;7.26;5.42;2.86;2.23;1.72;

----------------------------------------------------------


