PatientInformation
==========================================================
PatientID;No patientID
Name;,,
Date of Birth;
Sex;
Version;AutoStrainCap2 2.1.0.491925

Results
==========================================================
Global
----------------------------------------------------------
LaSr_ED;13.75;%
LaScd_ED;-15.35;%
LaSct_ED;1.60;%
LaSr_AC;13.92;%
LaScd_AC;-15.55;%
LaSct_AC;1.62;%
ED;0.00;ms
ES;382.17;ms
PreA;715.24;ms

Curves
==========================================================
Longitudinal Strain
Unit [%]
Time [ms];0.00;21.35;42.70;64.05;85.40;106.75;128.10;149.45;170.80;192.15;213.50;234.85;256.20;277.56;298.91;320.26;341.61;362.96;384.31;405.66;427.01;448.36;469.71;491.06;512.41;533.76;555.11;576.46;597.81;619.16;640.51;661.86;683.21;704.56;725.91;747.26;768.61;789.97;811.32;832.67;854.02;875.37;896.72;918.07;939.42;960.77;982.12;1003.47;1024.82;
LAS_ED;0.00;1.99;3.31;2.90;2.48;3.66;5.20;5.99;6.95;8.64;10.37;11.33;11.72;11.90;12.02;12.48;12.93;13.51;13.75;13.22;11.18;6.31;1.12;-2.84;-4.92;-4.64;-3.51;-2.76;-2.46;-2.46;-2.67;-2.80;-2.76;-2.05;-1.26;-1.22;-1.25;-1.06;-0.76;-0.44;-0.23;-0.54;-0.91;-1.00;-0.81;-0.34;-0.10;-0.92;-1.28;
LAS_AC;1.28;3.30;4.63;4.22;3.79;4.99;6.55;7.34;8.32;10.03;11.78;12.75;13.15;13.33;13.45;13.92;14.37;14.96;15.20;14.67;12.60;7.67;2.41;-1.59;-3.70;-3.42;-2.27;-1.52;-1.21;-1.22;-1.43;-1.55;-1.51;-0.80;0.00;0.04;0.01;0.21;0.51;0.83;1.04;0.73;0.35;0.27;0.46;0.93;1.18;0.35;-0.01;

----------------------------------------------------------


