PatientInformation
==========================================================
PatientID;No patientID
Name;,,
Date of Birth;
Sex;
Version;AutoStrainCap2 2.1.0.491925

Results
==========================================================
Global
----------------------------------------------------------
RVFWSL;-20.73;%
RV4CSL;-16.17;%
ED;0.00;ms
ES;323.15;ms

Curves
==========================================================
Longitudinal Strain
Unit [%]
Time [ms];0.00;9.45;18.90;28.35;37.80;47.24;56.69;66.14;75.59;85.04;94.49;103.94;113.39;122.83;132.28;141.73;151.18;160.63;170.08;179.53;188.98;198.43;207.87;217.32;226.77;236.22;245.67;255.12;264.57;274.02;283.46;292.91;302.36;311.81;321.26;330.71;340.16;349.61;359.05;368.50;377.95;387.40;396.85;406.30;415.75;425.20;434.65;444.09;453.54;462.99;472.44;481.89;491.34;500.79;510.24;519.68;529.13;538.58;548.03;557.48;566.93;576.38;585.83;595.28;604.72;614.17;623.62;633.07;642.52;651.97;661.42;670.87;680.31;689.76;
Basal;0.00;-0.28;-0.72;-1.04;-1.13;-1.11;-1.26;-1.72;-2.43;-3.15;-3.90;-4.52;-5.10;-5.68;-6.28;-6.90;-7.68;-8.50;-9.41;-10.39;-11.40;-12.39;-13.29;-14.15;-15.03;-16.01;-17.02;-17.99;-18.90;-19.77;-20.61;-21.42;-22.15;-22.75;-23.19;-23.49;-23.69;-23.84;-23.83;-23.51;-22.76;-21.67;-20.38;-19.05;-17.69;-16.44;-15.57;-14.71;-13.70;-12.42;-10.98;-9.38;-7.80;-6.27;-5.04;-4.07;-3.34;-2.60;-1.78;-1.00;-0.41;-0.05;0.16;0.43;0.70;1.01;1.12;1.03;0.75;0.51;0.24;0.10;-0.01;-0.05;
Mid;0.00;0.07;-0.19;-0.37;-0.30;-0.14;-0.26;-0.94;-1.95;-2.93;-3.73;-4.33;-4.93;-5.63;-6.34;-6.96;-7.52;-8.02;-8.59;-9.38;-10.25;-11.10;-11.80;-12.46;-13.14;-13.84;-14.55;-15.21;-15.78;-16.28;-16.78;-17.31;-17.77;-18.13;-18.31;-18.34;-18.24;-18.01;-17.63;-17.00;-16.17;-15.06;-13.74;-12.30;-10.91;-9.80;-9.29;-8.96;-8.64;-8.44;-8.21;-7.92;-7.61;-7.29;-6.98;-6.44;-5.83;-5.10;-4.27;-3.45;-2.75;-2.21;-1.76;-1.27;-0.78;-0.33;-0.17;-0.44;-0.93;-1.37;-1.67;-1.72;-1.52;-0.87;
Apical;0.00;0.26;0.12;0.01;-0.03;0.05;-0.13;-0.62;-1.43;-2.16;-2.99;-3.51;-3.89;-4.20;-4.47;-4.82;-5.35;-5.98;-6.57;-6.99;-7.37;-7.87;-8.55;-9.40;-10.36;-11.38;-12.42;-13.42;-14.31;-15.14;-15.94;-16.71;-17.38;-17.91;-18.27;-18.46;-18.50;-18.45;-18.28;-17.90;-17.37;-16.57;-15.51;-14.33;-13.04;-11.90;-11.02;-10.19;-9.28;-8.69;-8.15;-7.62;-6.96;-6.40;-6.09;-5.76;-5.51;-5.09;-4.47;-3.77;-3.13;-2.62;-2.17;-1.69;-1.31;-1.00;-1.00;-1.34;-1.87;-2.32;-2.58;-2.48;-2.07;-1.13;

----------------------------------------------------------


