PatientInformation
==========================================================
PatientID;No patientID
Name;,,
Date of Birth;
Sex;
Version;AutoStrainCap2 2.1.0.491925

Results
==========================================================
Global
----------------------------------------------------------
LaSr_ED;36.79;%
LaScd_ED;-29.21;%
LaSct_ED;-7.57;%
LaSr_AC;34.20;%
LaScd_AC;-27.16;%
LaSct_AC;-7.04;%
ED;0.00;ms
ES;384.31;ms
PreA;661.86;ms

Curves
==========================================================
Longitudinal Strain
Unit [%]
Time [ms];0.00;21.35;42.70;64.05;85.40;106.75;128.10;149.45;170.80;192.15;213.50;234.85;256.20;277.56;298.91;320.26;341.61;362.96;384.31;405.66;427.01;448.36;469.71;491.06;512.41;533.76;555.11;576.46;597.81;619.16;640.51;661.86;683.21;704.56;725.91;747.26;768.61;789.97;811.32;832.67;854.02;875.37;896.72;918.07;
LAS_ED;0.00;-1.39;2.00;5.37;8.42;10.68;13.52;17.52;21.71;23.91;26.08;28.70;31.07;32.61;33.53;34.23;34.93;36.27;36.79;36.14;33.51;28.64;22.86;16.62;11.66;8.64;7.24;6.80;7.02;7.00;7.22;7.57;7.93;8.04;8.04;7.52;6.95;6.61;5.24;1.75;-1.88;-3.69;-3.39;-1.47;
LAS_AC;-7.04;-8.34;-5.18;-2.05;0.79;2.89;5.53;9.25;13.14;15.19;17.21;19.64;21.84;23.28;24.13;24.78;25.43;26.67;27.16;26.56;24.11;19.58;14.21;8.41;3.80;0.99;-0.31;-0.72;-0.52;-0.54;-0.33;0.00;0.33;0.44;0.44;-0.05;-0.58;-0.89;-2.17;-5.41;-8.79;-10.47;-10.19;-8.41;

----------------------------------------------------------


