PatientInformation
==========================================================
PatientID;No patientID
Name;,,
Date of Birth;
Sex;
Version;AutoStrainCap2 2.1.0.491925

Results
==========================================================
Global
----------------------------------------------------------
RVFWSL;-28.78;%
RV4CSL;-24.50;%
ED;0.00;ms
ES;297.25;ms

Curves
==========================================================
Longitudinal Strain
Unit [%]
Time [ms];0.00;10.54;21.08;31.62;42.16;52.70;63.24;73.79;84.33;94.87;105.41;115.95;126.49;137.03;147.57;158.11;168.65;179.19;189.73;200.28;210.82;221.36;231.90;242.44;252.98;263.52;274.06;284.60;295.14;305.68;316.22;326.76;337.31;347.85;358.39;368.93;379.47;390.01;400.55;411.09;421.63;432.17;442.71;453.25;463.80;474.34;484.88;495.42;505.96;516.50;527.04;537.58;548.12;558.66;569.20;579.74;590.28;600.83;611.37;621.91;632.45;642.99;653.53;664.07;674.61;685.15;695.69;706.23;716.77;727.32;737.86;748.40;758.94;769.48;780.02;790.56;801.10;811.64;822.18;832.72;843.26;853.80;864.35;874.89;885.43;895.97;906.51;917.05;927.59;938.13;948.67;
Basal;0.00;-1.91;-3.95;-6.09;-8.16;-10.10;-11.91;-13.67;-15.43;-17.14;-18.82;-20.38;-21.67;-22.70;-23.47;-24.17;-24.92;-25.87;-26.92;-27.97;-28.93;-29.64;-30.21;-30.68;-31.11;-31.51;-31.89;-32.23;-32.51;-32.71;-32.80;-32.77;-32.57;-32.13;-31.51;-30.77;-30.01;-29.12;-28.23;-27.24;-26.19;-25.30;-24.32;-23.18;-21.83;-20.12;-18.23;-16.33;-14.47;-12.58;-10.77;-9.01;-7.43;-6.09;-4.99;-4.02;-3.21;-2.51;-1.97;-1.63;-1.48;-1.56;-1.79;-2.10;-2.44;-2.67;-2.88;-3.07;-3.22;-3.38;-3.49;-3.57;-3.61;-3.69;-3.67;-3.46;-2.98;-2.06;-0.96;0.14;1.08;1.71;2.11;2.35;2.58;2.74;2.87;2.88;2.63;2.08;1.19;
Mid;0.00;-0.56;-1.36;-2.27;-3.14;-3.90;-4.59;-5.30;-6.13;-7.06;-8.16;-9.35;-10.66;-12.30;-13.96;-15.55;-17.01;-18.17;-19.21;-20.16;-21.10;-22.04;-22.98;-23.86;-24.67;-25.37;-25.97;-26.49;-26.89;-27.10;-27.21;-27.22;-27.15;-26.99;-26.75;-26.43;-26.10;-25.60;-25.05;-24.33;-23.41;-22.38;-21.22;-20.07;-19.05;-18.39;-17.91;-17.52;-17.15;-16.62;-16.02;-15.28;-14.41;-13.39;-12.32;-11.28;-10.34;-9.56;-8.91;-8.47;-8.16;-8.07;-8.06;-8.14;-8.23;-8.27;-8.30;-8.36;-8.47;-8.73;-9.00;-9.22;-9.23;-9.00;-8.54;-7.92;-7.25;-6.50;-5.78;-5.05;-4.36;-3.68;-3.07;-2.57;-2.12;-1.88;-1.66;-1.46;-1.21;-0.75;-0.30;
Apical;0.00;-0.58;-1.21;-1.89;-2.56;-3.22;-3.89;-4.64;-5.54;-6.51;-7.66;-8.94;-10.30;-11.96;-13.64;-15.29;-16.91;-18.42;-19.86;-21.20;-22.46;-23.53;-24.51;-25.42;-26.28;-27.10;-27.85;-28.48;-28.96;-28.82;-28.56;-28.24;-27.90;-27.60;-27.29;-26.95;-26.60;-26.00;-25.34;-24.55;-23.67;-23.18;-22.68;-22.21;-21.79;-21.37;-21.00;-20.66;-20.29;-19.69;-18.99;-18.17;-17.29;-16.50;-15.71;-14.96;-14.26;-13.53;-12.90;-12.42;-12.06;-11.82;-11.65;-11.54;-11.43;-11.28;-11.13;-10.99;-10.87;-10.82;-10.76;-10.67;-10.49;-10.25;-9.88;-9.38;-8.80;-8.10;-7.37;-6.60;-5.83;-5.04;-4.28;-3.59;-2.94;-2.46;-2.00;-1.58;-1.19;-0.74;-0.34;

----------------------------------------------------------


