PatientInformation
==========================================================
PatientID;No patientID
Name;,,
Date of Birth;
Sex;
Version;AutoStrainCap2 2.1.0.491925

Results
==========================================================
Global
----------------------------------------------------------
LaSr_ED;28.05;%
LaScd_ED;-20.94;%
LaSct_ED;-7.11;%
LaSr_AC;26.11;%
LaScd_AC;-19.49;%
LaSct_AC;-6.62;%
ED;0.00;ms
ES;352.28;ms
PreA;529.49;ms

Curves
==========================================================
Longitudinal Strain
Unit [%]
Time [ms];0.00;21.35;42.70;64.05;85.40;106.75;128.10;149.45;170.80;192.15;213.50;234.85;256.20;277.56;298.91;320.26;341.61;362.96;384.31;405.66;427.01;448.36;469.71;491.06;512.41;533.76;555.11;576.46;597.81;619.16;640.51;661.86;683.21;
LAS_ED;0.00;-1.57;-1.32;0.79;5.10;9.99;13.39;16.52;18.92;21.39;23.72;25.91;26.69;27.34;27.09;27.21;27.93;28.00;27.28;24.31;16.34;12.59;8.89;6.78;5.96;7.44;8.45;8.86;8.19;5.44;2.69;0.80;-0.20;
LAS_AC;-6.93;-8.38;-8.16;-6.19;-2.18;2.38;5.54;8.45;10.68;12.98;15.15;17.19;17.91;18.52;18.29;18.40;19.07;19.14;18.46;15.70;8.28;4.79;1.35;-0.62;-1.38;0.00;0.94;1.32;0.70;-1.86;-4.43;-6.19;-7.12;

----------------------------------------------------------


