PatientInformation
==========================================================
PatientID;No patientID
Name;,,
Date of Birth;
Sex;
Version;AutoStrainCap2 2.1.0.491925

Results
==========================================================
Global
----------------------------------------------------------
RVFWSL;-28.79;%
RV4CSL;-23.41;%
ED;0.00;ms
ES;277.56;ms

Curves
==========================================================
Longitudinal Strain
Unit [%]
Time [ms];0.00;21.35;42.70;64.05;85.40;106.75;128.10;149.45;170.80;192.15;213.50;234.85;256.20;277.56;298.91;320.26;341.61;362.96;384.31;405.66;427.01;448.36;469.71;491.06;512.41;533.76;555.11;576.46;597.81;619.16;640.51;661.86;683.21;
Basal;0.00;-1.67;-3.88;-6.99;-10.31;-13.35;-16.57;-20.21;-23.50;-26.61;-29.09;-31.29;-32.57;-33.38;-33.47;-32.89;-31.41;-27.16;-21.65;-16.08;-12.22;-9.63;-8.91;-7.23;-7.20;-6.55;-1.79;1.96;2.42;4.83;4.54;2.65;0.98;
Mid;0.00;-0.31;-2.11;-4.73;-7.50;-9.83;-12.48;-15.51;-17.97;-20.41;-22.42;-24.49;-25.57;-26.20;-26.11;-25.61;-24.40;-20.52;-15.73;-11.65;-9.42;-8.54;-8.98;-8.81;-9.22;-7.53;-3.80;-1.00;-0.78;0.67;0.48;-0.28;-0.49;
Apical;0.00;-0.91;-2.90;-5.73;-8.58;-10.99;-13.33;-16.02;-18.27;-20.39;-22.06;-23.72;-24.44;-24.86;-24.64;-24.04;-22.77;-19.24;-15.00;-11.23;-8.86;-7.45;-7.55;-6.97;-7.09;-5.91;-2.45;0.07;0.27;1.71;1.68;0.83;0.10;

----------------------------------------------------------


