PatientInformation
==========================================================
PatientID;No patientID
Name;,,
Date of Birth;
Sex;
Version;AutoStrainCap2 2.1.0.491925

Results
==========================================================
Global
----------------------------------------------------------
LaSr_ED;21.80;%
LaScd_ED;-14.11;%
LaSct_ED;-7.69;%
LaSr_AC;20.24;%
LaScd_AC;-13.10;%
LaSct_AC;-7.14;%
ED;0.00;ms
ES;465.19;ms
PreA;816.06;ms

Curves
==========================================================
Longitudinal Strain
Unit [%]
Time [ms];0.00;11.32;22.64;33.96;45.27;56.59;67.91;79.23;90.55;101.87;113.18;124.50;135.82;147.14;158.46;169.78;181.09;192.41;203.73;215.05;226.37;237.69;249.00;260.32;271.64;282.96;294.28;305.60;316.92;328.23;339.55;350.87;362.19;373.51;384.83;396.14;407.46;418.78;430.10;441.42;452.74;464.05;475.37;486.69;498.01;509.33;520.65;531.96;543.28;554.60;565.92;577.24;588.56;599.88;611.19;622.51;633.83;645.15;656.47;667.79;679.10;690.42;701.74;713.06;724.38;735.70;747.01;758.33;769.65;780.97;792.29;803.61;814.92;826.24;837.56;848.88;860.20;871.52;882.84;894.15;905.47;916.79;928.11;939.43;950.75;962.06;973.38;984.70;996.02;1007.34;1018.66;1029.97;1041.29;1052.61;1063.93;1075.25;1086.57;1097.88;1109.20;1120.52;1131.84;1143.16;1154.48;
LAS_ED;0.00;-1.88;-2.17;-1.41;-0.17;1.33;2.13;2.80;3.21;3.54;3.82;4.11;4.47;4.89;5.46;6.13;7.05;8.05;9.14;10.22;11.27;12.22;13.11;13.94;14.76;15.59;16.39;17.19;17.91;18.51;18.94;19.18;19.28;19.35;19.44;19.65;19.95;20.37;20.84;21.26;21.60;21.80;21.65;21.37;20.98;20.55;20.10;19.68;19.28;18.87;18.52;17.81;17.17;16.56;16.06;15.68;15.55;15.48;15.42;15.24;14.97;14.12;13.20;12.18;11.21;10.28;9.72;9.24;8.87;8.57;8.29;8.00;7.72;7.46;7.23;7.08;6.99;6.95;6.91;6.84;6.71;6.43;6.11;5.77;5.47;5.24;5.21;5.24;5.28;5.27;5.17;4.81;4.31;3.67;2.87;1.92;0.74;-0.43;-1.37;-1.95;-1.87;-1.31;-0.46;
LAS_AC;-7.16;-8.91;-9.18;-8.47;-7.32;-5.93;-5.19;-4.56;-4.18;-3.88;-3.61;-3.35;-3.02;-2.62;-2.10;-1.47;-0.62;0.31;1.33;2.32;3.30;4.18;5.01;5.78;6.54;7.30;8.05;8.79;9.46;10.02;10.42;10.64;10.74;10.80;10.88;11.08;11.36;11.75;12.18;12.57;12.89;13.07;12.94;12.68;12.32;11.92;11.50;11.10;10.73;10.35;10.03;9.37;8.78;8.21;7.75;7.39;7.27;7.20;7.15;6.98;6.74;5.95;5.09;4.14;3.24;2.38;1.86;1.41;1.07;0.79;0.54;0.26;0.00;-0.24;-0.45;-0.59;-0.68;-0.71;-0.75;-0.82;-0.94;-1.19;-1.49;-1.81;-2.08;-2.30;-2.32;-2.30;-2.26;-2.28;-2.37;-2.70;-3.16;-3.76;-4.50;-5.38;-6.48;-7.56;-8.43;-8.98;-8.90;-8.38;-7.59;

----------------------------------------------------------


