PatientInformation
==========================================================
PatientID;No patientID
Name;,,
Date of Birth;
Sex;
Version;AutoStrainCap2 2.1.0.491925

Results
==========================================================
Global
----------------------------------------------------------
RVFWSL;-24.04;%
RV4CSL;-20.24;%
ED;0.00;ms
ES;367.16;ms

Curves
==========================================================
Longitudinal Strain
Unit [%]
Time [ms];0.00;11.58;23.16;34.75;46.33;57.91;69.49;81.08;92.66;104.24;115.82;127.41;138.99;150.57;162.15;173.74;185.32;196.90;208.48;220.07;231.65;243.23;254.81;266.40;277.98;289.56;301.14;312.72;324.31;335.89;347.47;359.05;370.64;382.22;393.80;405.38;416.97;428.55;440.13;451.71;463.30;474.88;486.46;498.04;509.63;521.21;532.79;544.37;555.96;567.54;579.12;590.70;602.28;613.87;625.45;637.03;648.61;660.20;671.78;683.36;694.94;706.53;718.11;729.69;741.27;752.86;764.44;776.02;787.60;799.19;810.77;822.35;833.93;845.52;857.10;868.68;880.26;891.84;903.43;915.01;926.59;938.17;949.76;961.34;972.92;984.50;996.09;1007.67;1019.25;1030.83;1042.42;1054.00;1065.58;1077.16;1088.75;1100.33;1111.91;1123.49;1135.08;1146.66;
Basal;0.00;0.11;-2.16;-4.85;-6.19;-4.08;-3.79;-4.88;-6.86;-9.19;-11.18;-12.75;-13.59;-14.00;-14.13;-14.16;-14.32;-14.55;-14.87;-15.21;-15.68;-15.96;-16.39;-16.91;-17.59;-18.45;-19.32;-20.24;-21.03;-21.56;-21.59;-21.53;-21.48;-21.17;-20.80;-20.50;-20.34;-20.28;-20.21;-19.98;-19.47;-18.82;-17.84;-16.60;-15.16;-13.60;-11.82;-10.15;-8.75;-7.75;-7.42;-7.88;-8.91;-10.12;-11.28;-11.99;-12.04;-11.57;-10.80;-9.96;-9.16;-8.71;-8.42;-8.35;-8.36;-8.50;-8.58;-8.72;-8.82;-8.92;-8.94;-8.87;-8.72;-8.55;-8.34;-8.14;-7.89;-7.68;-7.46;-7.29;-7.10;-7.11;-7.05;-6.92;-6.62;-6.12;-5.18;-4.09;-2.93;-1.85;-1.00;-0.70;-0.73;-0.98;-1.45;-1.99;-2.58;-2.88;-2.76;-1.89;
Mid;0.00;0.57;-1.23;-3.42;-4.44;-2.45;-2.03;-2.83;-4.43;-6.33;-7.90;-9.19;-9.87;-10.22;-10.43;-10.70;-11.34;-12.18;-13.14;-14.12;-15.07;-15.83;-16.55;-17.30;-18.14;-19.11;-20.31;-21.55;-22.71;-23.68;-24.35;-24.67;-25.02;-25.16;-25.20;-25.22;-25.29;-25.35;-25.33;-25.13;-24.70;-24.05;-23.15;-22.04;-20.78;-19.43;-17.93;-16.51;-15.29;-14.37;-13.86;-13.69;-13.84;-14.15;-14.45;-14.56;-14.53;-14.24;-13.79;-13.31;-12.88;-12.60;-12.47;-12.49;-12.58;-12.78;-12.93;-13.13;-13.28;-13.43;-13.51;-13.54;-13.50;-13.44;-13.34;-13.23;-13.12;-13.02;-12.90;-12.80;-12.67;-12.58;-12.41;-12.18;-11.81;-11.34;-10.64;-9.85;-8.92;-7.95;-6.83;-5.58;-4.29;-3.19;-2.34;-1.93;-2.23;-2.63;-2.67;-1.99;
Apical;0.00;0.90;-0.55;-2.45;-3.52;-1.75;-1.34;-1.85;-3.01;-4.47;-5.61;-6.99;-7.84;-8.51;-9.09;-9.74;-10.66;-11.74;-12.92;-14.12;-15.35;-16.31;-17.30;-18.28;-19.30;-20.36;-21.31;-22.22;-23.00;-23.59;-23.83;-24.28;-24.51;-24.54;-24.42;-24.18;-23.80;-23.33;-22.76;-22.07;-21.22;-20.47;-19.58;-18.60;-17.54;-16.46;-15.32;-14.23;-13.25;-12.44;-11.94;-11.84;-12.01;-12.27;-12.52;-12.59;-12.35;-11.89;-11.35;-10.83;-10.38;-10.07;-9.88;-9.83;-9.83;-9.93;-9.96;-10.05;-10.12;-10.19;-10.20;-10.16;-10.07;-9.97;-9.84;-9.73;-9.58;-9.44;-9.30;-9.17;-9.01;-8.94;-8.80;-8.62;-8.33;-8.00;-7.48;-6.89;-6.19;-5.41;-4.51;-3.69;-2.86;-2.17;-1.75;-1.69;-2.18;-2.69;-2.81;-2.14;

----------------------------------------------------------


