PatientInformation
==========================================================
PatientID;No patientID
Name;,,
Date of Birth;
Sex;
Version;AutoStrainCap2 2.1.0.491925

Results
==========================================================
Global
----------------------------------------------------------
LaSr_ED;34.70;%
LaScd_ED;-18.40;%
LaSct_ED;-16.30;%
LaSr_AC;29.82;%
LaScd_AC;-15.81;%
LaSct_AC;-14.01;%
ED;0.00;ms
ES;372.59;ms
PreA;538.40;ms

Curves
==========================================================
Longitudinal Strain
Unit [%]
Time [ms];0.00;19.51;39.01;58.52;78.03;97.54;117.04;136.55;156.06;175.56;195.07;214.58;234.09;253.59;273.10;292.61;312.12;331.62;351.13;370.64;390.14;409.65;429.16;448.67;468.17;487.68;507.19;526.69;546.20;565.71;585.22;604.72;624.23;643.74;663.24;682.75;
LAS_ED;0.00;0.27;-0.52;0.75;3.21;6.60;9.57;13.25;17.65;20.19;22.70;24.86;27.20;29.61;31.40;32.60;32.23;32.79;32.77;34.70;33.38;32.66;29.49;25.31;21.39;18.87;16.21;16.11;16.35;16.22;17.30;14.97;10.37;6.13;1.63;-1.08;
LAS_AC;-14.06;-13.82;-14.50;-13.41;-11.30;-8.39;-5.84;-2.67;1.11;3.29;5.46;7.31;9.32;11.40;12.93;13.96;13.64;14.12;14.11;15.76;14.63;14.01;11.29;7.69;4.32;2.16;-0.12;-0.21;0.00;-0.12;0.81;-1.19;-5.14;-8.79;-12.66;-14.99;

----------------------------------------------------------


