PatientInformation
==========================================================
PatientID;No patientID
Name;,,
Date of Birth;
Sex;
Version;AutoStrainCap2 2.1.0.491925

Results
==========================================================
Global
----------------------------------------------------------
RVFWSL;-20.91;%
RV4CSL;-17.04;%
ED;0.00;ms
ES;316.05;ms

Curves
==========================================================
Longitudinal Strain
Unit [%]
Time [ms];0.00;12.30;24.60;36.89;49.19;61.49;73.79;86.08;98.38;110.68;122.98;135.27;147.57;159.87;172.17;184.46;196.76;209.06;221.36;233.65;245.95;258.25;270.55;282.84;295.14;307.44;319.74;332.04;344.33;356.63;368.93;381.23;393.52;405.82;418.12;430.42;442.71;455.01;467.31;479.61;491.90;504.20;516.50;528.80;541.09;553.39;565.69;577.99;590.28;602.58;614.88;627.18;639.48;651.77;664.07;676.37;688.67;
Basal;0.00;0.30;-1.13;-3.27;-5.22;-6.12;-6.58;-7.38;-8.34;-9.44;-10.59;-11.74;-12.95;-14.40;-16.44;-19.43;-22.58;-25.01;-26.65;-27.13;-27.29;-27.97;-28.66;-29.18;-30.31;-31.18;-31.37;-30.43;-28.97;-27.89;-26.68;-24.80;-22.93;-21.83;-21.14;-20.49;-20.14;-20.33;-20.70;-20.94;-20.91;-20.52;-19.92;-19.28;-18.91;-19.14;-19.08;-17.83;-15.73;-13.08;-10.67;-9.39;-8.25;-6.30;-4.57;-4.08;-3.26;
Mid;0.00;0.84;0.44;-0.64;-1.73;-2.21;-2.43;-2.85;-3.37;-3.90;-4.42;-4.93;-5.50;-6.25;-7.53;-9.76;-12.07;-13.73;-14.55;-14.40;-14.18;-14.73;-15.43;-15.71;-16.14;-16.60;-16.65;-16.11;-15.48;-15.22;-14.85;-13.82;-12.67;-12.11;-11.88;-11.73;-11.81;-12.25;-12.82;-13.28;-13.48;-13.31;-12.99;-12.72;-12.69;-13.16;-13.37;-12.62;-11.12;-9.18;-7.56;-7.11;-6.73;-5.42;-4.04;-3.38;-2.47;
Apical;0.00;0.35;-0.30;-1.41;-2.46;-2.90;-3.10;-3.51;-4.01;-4.58;-5.12;-5.62;-6.11;-6.71;-7.70;-9.45;-11.29;-12.58;-13.25;-13.14;-12.98;-13.35;-13.85;-14.16;-14.49;-14.84;-14.85;-14.33;-13.77;-13.56;-13.26;-12.36;-11.36;-10.91;-10.74;-10.53;-10.48;-10.73;-11.04;-11.24;-11.24;-11.03;-10.70;-10.34;-10.19;-10.53;-10.70;-10.08;-8.87;-7.34;-6.05;-5.61;-5.21;-4.12;-3.04;-2.66;-2.11;

----------------------------------------------------------


