PatientInformation
==========================================================
PatientID;No patientID
Name;,,
Date of Birth;
Sex;
Version;AutoStrainCap2 2.1.0.491925

Results
==========================================================
Global
----------------------------------------------------------
LaSr_ED;7.36;%
LaScd_ED;-15.00;%
LaSct_ED;7.64;%
LaSr_AC;7.96;%
LaScd_AC;-16.24;%
LaSct_AC;8.27;%
ED;0.00;ms
ES;271.88;ms
PreA;487.06;ms

Curves
==========================================================
Longitudinal Strain
Unit [%]
Time [ms];0.00;16.68;33.36;50.04;66.72;83.40;100.08;116.76;133.44;150.12;166.80;183.48;200.16;216.84;233.52;250.20;266.88;283.56;300.24;316.92;333.60;350.28;366.96;383.64;400.32;417.00;433.68;450.36;467.04;483.72;500.40;517.08;533.76;550.44;567.12;583.80;600.48;617.16;633.84;650.52;667.20;683.88;
LAS_ED;0.00;1.24;-1.01;-0.55;0.89;1.54;2.10;3.03;3.98;4.37;4.56;5.25;5.81;5.83;5.86;6.61;7.31;7.13;6.11;4.15;1.73;-0.76;-2.75;-4.09;-5.06;-6.01;-6.86;-7.25;-7.37;-7.62;-7.51;-6.52;-5.55;-5.30;-5.14;-4.48;-3.68;-3.14;-2.77;-2.28;-1.87;-1.68;
LAS_AC;8.25;9.59;7.15;7.65;9.21;9.91;10.52;11.52;12.55;12.97;13.19;13.92;14.54;14.55;14.59;15.40;16.16;15.96;14.86;12.73;10.12;7.43;5.27;3.82;2.77;1.74;0.82;0.40;0.27;0.00;0.12;1.19;2.24;2.50;2.68;3.39;4.26;4.85;5.24;5.78;6.23;6.42;

----------------------------------------------------------


