PatientInformation
==========================================================
PatientID;No patientID
Name;,,
Date of Birth;
Sex;
Version;AutoStrainCap2 2.1.0.491925

Results
==========================================================
Global
----------------------------------------------------------
RVFWSL;-14.95;%
RV4CSL;-13.28;%
ED;0.00;ms
ES;369.42;ms

Curves
==========================================================
Longitudinal Strain
Unit [%]
Time [ms];0.00;12.19;24.38;36.58;48.77;60.96;73.15;85.34;97.54;109.73;121.92;134.11;146.30;158.50;170.69;182.88;195.07;207.26;219.46;231.65;243.84;256.03;268.22;280.42;292.61;304.80;316.99;329.18;341.38;353.57;365.76;377.95;390.14;402.34;414.53;426.72;438.91;451.10;463.30;475.49;487.68;499.87;512.06;524.26;536.45;548.64;560.83;573.02;585.22;597.41;609.60;621.79;633.98;646.18;658.37;670.56;682.75;694.94;707.14;719.33;731.52;743.71;755.90;768.10;780.29;792.48;804.67;816.86;829.06;841.25;853.44;865.63;877.82;890.02;902.21;914.40;926.59;938.78;
Basal;0.00;0.69;-0.52;-2.95;-4.04;-4.29;-4.37;-4.86;-5.68;-6.57;-7.57;-8.29;-8.63;-8.45;-8.14;-8.15;-9.13;-10.25;-10.80;-11.10;-10.74;-10.38;-10.57;-11.02;-11.37;-11.24;-11.01;-11.19;-12.24;-13.59;-14.65;-14.85;-14.21;-12.71;-10.10;-6.73;-2.78;1.56;5.54;8.40;9.13;8.95;8.87;9.92;11.18;11.77;10.71;9.00;7.58;7.46;8.04;8.79;9.15;9.22;9.06;8.60;7.99;7.24;6.54;5.86;5.36;5.13;5.09;5.13;5.12;5.00;4.68;4.12;3.51;3.09;2.85;2.85;2.94;3.07;2.94;2.35;1.08;-0.03;
Mid;0.00;0.12;-1.84;-5.11;-6.15;-5.95;-5.37;-5.46;-5.88;-6.57;-7.50;-8.42;-9.12;-9.49;-9.69;-10.01;-10.62;-11.19;-11.23;-10.97;-10.24;-9.54;-9.51;-9.72;-9.87;-9.52;-9.06;-8.88;-9.28;-9.97;-10.53;-10.74;-10.34;-9.32;-7.43;-4.95;-1.95;1.49;4.62;6.75;7.03;6.55;6.20;6.87;7.83;8.33;7.65;6.48;5.52;5.40;5.78;6.20;6.25;6.05;5.77;5.68;5.61;5.46;5.09;4.64;4.24;3.96;3.72;3.46;3.01;2.54;2.14;1.99;1.96;2.04;1.97;1.97;1.99;2.17;2.14;1.72;0.64;-0.24;
Apical;0.00;-0.06;-2.09;-5.02;-6.52;-7.14;-7.51;-8.38;-9.53;-10.77;-12.09;-13.23;-14.14;-15.02;-15.79;-16.73;-18.08;-19.41;-20.25;-20.00;-19.31;-18.64;-18.49;-18.54;-18.48;-17.95;-17.30;-16.94;-17.15;-17.67;-17.99;-17.91;-17.25;-16.16;-14.24;-11.95;-9.31;-6.43;-3.84;-1.99;-1.69;-1.93;-2.05;-1.37;-0.45;0.10;-0.29;-1.09;-1.69;-1.53;-0.96;-0.41;-0.30;-0.42;-0.58;-0.67;-0.69;-0.70;-0.50;-0.34;-0.19;-0.13;-0.11;-0.10;-0.20;-0.28;-0.27;-0.09;0.22;0.59;0.73;0.87;1.00;1.26;1.31;1.00;0.11;-0.55;

----------------------------------------------------------


