PatientInformation
==========================================================
PatientID;No patientID
Name;,,
Date of Birth;
Sex;
Version;AutoStrainCap2 2.1.0.491925

Results
==========================================================
Global
----------------------------------------------------------
LaSr_ED;15.11;%
LaScd_ED;-6.20;%
LaSct_ED;-8.90;%
LaSr_AC;13.85;%
LaScd_AC;-5.69;%
LaSct_AC;-8.17;%
ED;0.00;ms
ES;555.11;ms
PreA;843.34;ms

Curves
==========================================================
Longitudinal Strain
Unit [%]
Time [ms];0.00;21.35;42.70;64.05;85.40;106.75;128.10;149.45;170.80;192.15;213.50;234.85;256.20;277.56;298.91;320.26;341.61;362.96;384.31;405.66;427.01;448.36;469.71;491.06;512.41;533.76;555.11;576.46;597.81;619.16;640.51;661.86;683.21;704.56;725.91;747.26;768.61;789.96;811.32;832.67;854.02;875.37;896.72;918.07;939.42;960.77;982.12;1003.47;1024.82;1046.17;1067.52;1088.87;1110.22;
LAS_ED;0.00;-3.74;-9.62;-13.13;-14.51;-14.55;-13.29;-11.92;-10.64;-11.14;-11.28;-9.38;-6.55;-3.65;-1.03;1.43;3.44;4.89;6.40;8.53;10.73;12.54;13.54;13.95;14.07;14.67;15.11;14.35;12.32;8.81;5.48;4.10;3.71;3.45;3.74;4.82;6.22;7.28;8.07;8.68;9.05;9.06;8.90;8.66;8.32;7.71;6.51;4.21;1.14;-2.57;-5.62;-6.57;-4.66;
LAS_AC;-8.30;-11.73;-17.12;-20.34;-21.60;-21.64;-20.49;-19.23;-18.06;-18.52;-18.65;-16.90;-14.30;-11.65;-9.25;-6.99;-5.15;-3.81;-2.43;-0.47;1.55;3.20;4.12;4.50;4.61;5.15;5.56;4.87;3.00;-0.22;-3.27;-4.53;-4.89;-5.13;-4.87;-3.87;-2.60;-1.62;-0.90;-0.34;0.00;0.01;-0.14;-0.36;-0.67;-1.23;-2.33;-4.44;-7.25;-10.66;-13.45;-14.32;-12.57;

----------------------------------------------------------


