PatientInformation
==========================================================
PatientID;No patientID
Name;,,
Date of Birth;
Sex;
Version;AutoStrainCap2 2.1.0.491925

Results
==========================================================
Global
----------------------------------------------------------
RVFWSL;-34.26;%
RV4CSL;-31.56;%
ED;0.00;ms
ES;352.72;ms

Curves
==========================================================
Longitudinal Strain
Unit [%]
Time [ms];0.00;8.30;16.60;24.90;33.20;41.50;49.80;58.09;66.39;74.69;82.99;91.29;99.59;107.89;116.19;124.49;132.79;141.09;149.39;157.68;165.98;174.28;182.58;190.88;199.18;207.48;215.78;224.08;232.38;240.68;248.98;257.28;265.57;273.87;282.17;290.47;298.77;307.07;315.37;323.67;331.97;340.27;348.57;356.87;365.16;373.46;381.76;390.06;398.36;406.66;414.96;423.26;431.56;439.86;448.16;456.46;464.76;473.05;481.35;489.65;497.95;506.25;514.55;522.85;531.15;539.45;547.75;556.05;564.35;572.64;580.94;589.24;597.54;605.84;614.14;622.44;630.74;639.04;647.34;655.64;663.94;672.23;680.53;688.83;697.13;705.43;713.73;722.03;730.33;738.63;746.93;755.23;763.53;771.83;780.12;788.42;796.72;805.02;813.32;821.62;829.92;838.22;846.52;854.82;863.12;871.42;879.71;888.01;896.31;904.61;912.91;921.21;929.51;937.81;946.11;954.41;962.71;
Basal;0.00;1.83;3.84;3.44;1.89;-0.03;-1.28;-2.14;-2.70;-3.16;-3.53;-4.65;-5.77;-6.94;-8.12;-8.45;-9.53;-10.44;-11.41;-12.31;-13.20;-14.07;-14.92;-15.63;-16.23;-16.59;-17.10;-17.39;-17.60;-17.74;-17.89;-18.13;-18.48;-18.96;-19.63;-20.59;-21.94;-23.45;-24.91;-26.17;-27.09;-27.64;-27.85;-27.89;-27.82;-27.79;-27.86;-27.90;-27.64;-26.98;-25.55;-23.18;-20.17;-17.03;-13.99;-11.58;-10.01;-9.19;-8.83;-8.77;-8.81;-8.59;-8.31;-7.95;-7.52;-7.03;-6.63;-6.22;-5.79;-5.40;-5.08;-4.98;-4.94;-4.96;-4.96;-4.96;-4.85;-4.72;-4.54;-4.36;-4.16;-3.99;-3.84;-3.72;-3.66;-3.66;-3.77;-3.94;-4.20;-4.50;-4.85;-5.23;-5.59;-5.84;-5.95;-5.83;-5.40;-4.76;-4.00;-3.16;-2.37;-1.57;-0.88;-0.21;0.38;0.94;1.37;1.79;2.23;2.75;3.38;4.19;4.92;5.34;5.22;4.29;2.08;
Mid;0.00;1.69;3.37;2.60;0.64;-1.43;-2.62;-3.21;-3.56;-3.80;-4.11;-5.11;-6.23;-7.47;-8.72;-9.51;-11.11;-12.69;-14.23;-15.72;-17.11;-18.58;-19.96;-21.24;-22.33;-23.12;-23.47;-23.49;-23.33;-23.09;-22.86;-22.68;-22.52;-22.41;-22.33;-22.36;-22.40;-22.46;-22.41;-22.33;-22.14;-22.48;-22.75;-23.03;-23.23;-23.38;-23.31;-23.09;-22.59;-21.74;-20.41;-18.81;-16.84;-14.79;-12.81;-11.28;-10.11;-9.51;-9.21;-9.18;-9.17;-9.07;-8.84;-8.58;-8.24;-7.89;-7.49;-7.10;-6.69;-6.31;-5.86;-5.48;-5.04;-4.67;-4.28;-3.98;-3.72;-3.54;-3.34;-3.17;-2.99;-2.85;-2.72;-2.63;-2.61;-2.64;-2.74;-2.89;-3.13;-3.42;-3.76;-4.13;-4.48;-4.73;-4.84;-4.74;-4.39;-3.82;-3.14;-2.35;-1.60;-0.79;-0.11;0.58;1.15;1.71;2.11;2.51;2.91;3.38;3.94;4.62;5.20;5.45;5.10;4.01;1.91;
Apical;0.00;0.79;1.52;-0.02;-2.89;-5.98;-8.09;-9.55;-10.61;-11.48;-12.39;-14.05;-15.82;-17.60;-19.39;-22.39;-23.59;-24.83;-25.99;-27.13;-28.13;-29.41;-30.60;-31.69;-32.68;-33.54;-34.80;-35.92;-36.95;-37.90;-38.83;-39.91;-41.02;-42.14;-43.26;-44.36;-45.22;-45.94;-46.43;-46.68;-46.69;-47.28;-47.66;-47.82;-47.71;-47.39;-46.85;-46.15;-45.28;-44.25;-42.96;-41.25;-39.30;-37.28;-35.23;-33.37;-31.51;-29.96;-28.62;-27.52;-26.55;-25.47;-24.44;-23.47;-22.54;-21.66;-20.98;-20.33;-19.66;-18.98;-18.27;-17.66;-17.04;-16.46;-15.92;-15.48;-15.10;-14.80;-14.52;-14.27;-13.98;-13.66;-13.33;-13.03;-12.79;-12.62;-12.55;-12.54;-12.60;-12.69;-12.81;-12.92;-12.98;-12.96;-12.81;-12.49;-11.93;-11.16;-10.24;-9.14;-7.96;-6.58;-5.19;-3.78;-2.45;-1.19;-0.22;0.67;1.45;2.22;3.01;3.90;4.69;5.20;5.19;4.47;2.14;

----------------------------------------------------------


