PatientInformation
==========================================================
PatientID;No patientID
Name;,,
Date of Birth;
Sex;
Version;AutoStrainCap2 2.1.0.491925

Results
==========================================================
Global
----------------------------------------------------------
GLS(3P);-20.77;%
GLS(4Ch);-17.44;%
GLS(2Ch);-21.83;%
GLS(3Ch);-23.04;%
ED;0.00;ms
ES;280.01;ms

Results
==========================================================
Longitudinal Strain
T2P
Minimum
----------------------------------------------------------
Segment 0 [mean];311.77;ms
----------------------------------------------------------
Segment 1 [ant];333.46;ms
Segment 2 [ant/sept];217.27;ms
Segment 3 [inf/sept];375.29;ms
Segment 4 [inf];761.03;ms
Segment 5 [inf/lat];348.56;ms
Segment 6 [ant/lat];240.51;ms
----------------------------------------------------------
Segment 7 [ant];343.92;ms
Segment 8 [ant/sept];262.58;ms
Segment 9 [inf/sept];275.37;ms
Segment 10 [inf];267.23;ms
Segment 11 [inf/lat];277.69;ms
Segment 12 [ant/lat];246.32;ms
----------------------------------------------------------
Segment 13 [ant];276.53;ms
Segment 14 [ant/sept];275.37;ms
Segment 15 [inf/sept];277.69;ms
Segment 16 [inf];273.04;ms
Segment 17 [inf/lat];289.31;ms
Segment 18 [ant/lat];270.72;ms
----------------------------------------------------------


Results
==========================================================
Longitudinal Strain
End-systolic

----------------------------------------------------------
Segment 0 [mean];-20.44;%
----------------------------------------------------------
Segment 1 [ant];-9.45;%
Segment 2 [ant/sept];-12.47;%
Segment 3 [inf/sept];-8.57;%
Segment 4 [inf];-10.57;%
Segment 5 [inf/lat];-20.96;%
Segment 6 [ant/lat];-28.30;%
----------------------------------------------------------
Segment 7 [ant];-17.07;%
Segment 8 [ant/sept];-17.44;%
Segment 9 [inf/sept];-18.08;%
Segment 10 [inf];-17.31;%
Segment 11 [inf/lat];-35.28;%
Segment 12 [ant/lat];-13.10;%
----------------------------------------------------------
Segment 13 [ant];-37.18;%
Segment 14 [ant/sept];-19.21;%
Segment 15 [inf/sept];-23.94;%
Segment 16 [inf];-39.24;%
Segment 17 [inf/lat];-29.32;%
Segment 18 [ant/lat];-10.39;%
----------------------------------------------------------


Results
==========================================================
Longitudinal Strain
Peak-systolic

----------------------------------------------------------
Segment 0 [mean];-20.90;%
----------------------------------------------------------
Segment 1 [ant];-9.45;%
Segment 2 [ant/sept];-13.10;%
Segment 3 [inf/sept];-8.57;%
Segment 4 [inf];-10.57;%
Segment 5 [inf/lat];-20.96;%
Segment 6 [ant/lat];-32.48;%
----------------------------------------------------------
Segment 7 [ant];-17.07;%
Segment 8 [ant/sept];-17.74;%
Segment 9 [inf/sept];-18.14;%
Segment 10 [inf];-17.55;%
Segment 11 [inf/lat];-35.31;%
Segment 12 [ant/lat];-15.41;%
----------------------------------------------------------
Segment 13 [ant];-37.20;%
Segment 14 [ant/sept];-19.31;%
Segment 15 [inf/sept];-23.97;%
Segment 16 [inf];-39.36;%
Segment 17 [inf/lat];-29.35;%
Segment 18 [ant/lat];-10.69;%
----------------------------------------------------------


Curves
==========================================================
Longitudinal Strain
Unit [%]
Time [ms];0.00;11.62;23.24;34.86;46.48;58.09;69.71;81.33;92.95;104.57;116.19;127.81;139.43;151.04;162.66;174.28;185.90;197.52;209.14;220.76;232.38;243.99;255.61;267.23;278.85;290.47;302.09;313.71;325.33;336.94;348.56;360.18;371.80;383.42;395.04;406.66;418.28;429.89;441.51;453.13;464.75;476.37;487.99;499.61;511.23;522.85;534.46;546.08;557.70;569.32;580.94;592.56;604.18;615.80;627.41;639.03;650.65;662.27;673.89;685.51;697.13;708.75;720.36;731.98;743.60;755.22;766.84;778.46;790.08;801.70;813.31;824.93;836.55;848.17;859.79;871.41;
Total;0.00;-0.53;-1.20;-1.52;-2.15;-3.00;-4.09;-5.38;-6.79;-8.24;-9.75;-11.20;-12.50;-13.75;-14.86;-15.85;-16.69;-17.43;-18.08;-18.75;-19.37;-19.86;-20.34;-20.62;-20.64;-20.26;-19.64;-18.94;-18.36;-17.82;-17.12;-16.12;-14.99;-13.98;-13.55;-13.27;-12.74;-11.55;-9.69;-7.32;-4.53;-1.65;1.04;2.96;4.16;4.94;5.56;5.99;6.14;5.87;5.23;4.50;3.85;3.46;3.24;3.19;3.15;3.18;3.07;2.94;2.86;3.00;3.38;3.80;4.11;4.23;4.31;4.45;4.59;4.62;4.36;3.86;3.23;2.47;1.75;0.97;
Segment 1;0.00;0.84;1.25;1.70;1.99;2.43;2.62;2.71;2.34;1.99;0.55;-0.68;-2.15;-2.66;-3.32;-3.82;-4.75;-5.58;-6.45;-7.04;-7.60;-8.03;-8.58;-9.02;-9.42;-9.67;-9.81;-9.95;-10.10;-10.16;-9.79;-9.23;-8.49;-8.06;-8.35;-8.70;-8.70;-7.83;-6.51;-4.78;-2.98;-1.05;0.84;2.79;4.65;6.41;7.96;9.21;10.07;10.27;10.06;9.46;8.60;7.50;6.22;4.77;3.39;2.33;1.85;1.78;1.97;2.35;2.78;3.31;3.66;4.01;4.11;4.07;3.89;3.88;3.87;3.84;3.54;3.09;2.47;1.50;
Segment 2;0.00;-1.09;-1.65;-1.68;-1.52;-1.73;-2.25;-3.44;-4.97;-6.58;-8.02;-9.13;-9.90;-10.57;-11.10;-11.65;-12.21;-12.78;-13.03;-13.07;-12.76;-12.53;-12.35;-12.39;-12.47;-12.34;-12.13;-11.95;-11.98;-12.10;-12.11;-11.93;-11.58;-11.19;-11.16;-11.42;-11.67;-11.51;-10.68;-9.05;-6.22;-2.40;1.59;4.83;6.89;7.91;7.80;6.62;5.04;3.52;2.28;1.24;0.34;-0.31;-0.78;-0.95;-0.78;-0.52;-0.26;-0.20;0.05;0.61;1.69;2.87;3.81;4.31;4.43;4.26;3.88;3.36;2.82;2.27;1.82;1.46;1.05;0.66;
Segment 3;0.00;1.34;1.61;0.72;-0.03;-0.57;-0.97;-1.03;-1.14;-1.29;-2.35;-3.44;-4.76;-5.45;-6.05;-6.22;-6.16;-5.88;-5.75;-6.10;-6.82;-7.39;-7.87;-8.09;-8.52;-9.27;-10.33;-11.40;-11.80;-11.71;-11.32;-11.57;-12.03;-11.86;-10.53;-8.10;-5.40;-3.37;-2.28;-1.74;-1.17;-0.62;-0.51;-1.55;-3.68;-5.67;-6.67;-6.29;-5.56;-5.05;-5.09;-5.39;-5.62;-5.67;-5.31;-4.60;-3.25;-1.85;-0.43;0.55;1.23;1.34;0.90;0.06;-0.81;-1.65;-2.32;-3.20;-3.84;-4.59;-4.46;-4.04;-2.78;-2.13;-1.42;-1.18;
Segment 4;0.00;2.75;2.10;0.12;-0.79;-1.27;-1.69;-2.41;-3.13;-3.64;-3.82;-3.83;-3.75;-4.13;-4.51;-5.24;-5.78;-6.48;-6.89;-7.30;-7.51;-7.88;-8.44;-9.33;-10.44;-11.78;-13.26;-14.78;-16.52;-17.70;-18.27;-17.41;-16.64;-15.83;-17.16;-18.39;-19.60;-19.14;-18.11;-16.64;-15.30;-14.33;-13.64;-13.93;-14.36;-15.45;-17.10;-18.75;-18.93;-16.60;-12.80;-8.49;-4.63;-1.14;1.20;2.55;2.32;1.92;-0.79;-3.60;-7.62;-11.76;-15.98;-19.71;-22.30;-23.53;-23.34;-20.10;-16.27;-11.27;-8.47;-5.72;-4.41;-3.55;-3.27;-1.92;
Segment 5;0.00;-0.49;-1.03;0.81;0.76;0.51;-0.68;-1.63;-3.17;-4.76;-6.97;-9.21;-11.11;-12.72;-13.86;-14.83;-15.83;-16.77;-17.59;-18.42;-19.29;-19.70;-20.32;-20.59;-20.93;-21.18;-21.54;-21.83;-22.34;-22.81;-23.17;-22.82;-21.99;-20.72;-19.68;-18.71;-18.11;-17.40;-16.53;-15.16;-12.34;-8.51;-4.58;-2.33;-1.87;-1.76;-1.03;0.18;1.32;0.83;-1.31;-4.12;-6.24;-6.68;-6.62;-6.29;-6.58;-6.26;-5.35;-3.26;-1.15;0.40;0.99;0.88;0.66;0.48;0.13;-0.69;-2.37;-4.10;-5.55;-6.50;-6.50;-5.56;-2.99;-1.09;
Segment 6;0.00;-2.82;-6.40;-9.82;-12.99;-15.64;-17.83;-19.17;-19.96;-20.35;-20.53;-20.74;-21.15;-22.31;-23.79;-25.51;-27.00;-28.46;-29.81;-31.21;-32.23;-32.45;-31.75;-30.27;-28.49;-26.54;-24.84;-23.52;-22.94;-22.72;-22.23;-20.76;-18.49;-16.15;-14.82;-14.37;-13.99;-12.85;-10.74;-8.10;-4.71;-0.91;2.34;4.02;3.92;3.43;3.66;4.95;6.27;6.65;5.73;4.24;2.66;1.07;-0.07;-1.04;-1.65;-2.25;-2.76;-3.84;-4.28;-3.98;-1.80;0.34;1.72;1.09;0.09;-0.08;1.63;3.88;5.53;5.67;5.00;4.00;2.72;1.36;
Segment 7;0.00;0.84;0.17;-1.32;-2.52;-3.87;-5.17;-7.04;-8.63;-10.09;-10.00;-9.86;-9.61;-10.66;-11.79;-13.11;-14.15;-15.12;-15.72;-16.11;-16.22;-16.36;-16.66;-16.97;-17.07;-16.97;-16.75;-16.78;-17.03;-17.36;-17.37;-16.93;-16.37;-16.05;-16.30;-16.58;-16.29;-15.14;-13.27;-11.18;-9.21;-7.54;-6.22;-5.35;-4.68;-3.99;-3.11;-2.21;-1.53;-1.34;-1.40;-1.50;-1.41;-1.29;-1.28;-1.63;-2.16;-2.74;-3.03;-3.22;-3.38;-3.54;-3.60;-3.48;-3.17;-2.61;-1.83;-0.98;-0.05;0.81;1.29;1.40;1.20;0.94;0.55;0.17;
Segment 8;0.00;-1.78;-2.72;-2.37;-2.11;-2.39;-3.13;-4.47;-5.95;-7.51;-8.36;-9.04;-9.57;-10.68;-11.86;-12.95;-13.92;-14.76;-15.50;-16.22;-16.89;-17.41;-17.70;-17.73;-17.51;-16.59;-15.34;-14.06;-13.28;-12.92;-12.86;-12.96;-13.08;-13.12;-13.24;-13.29;-12.90;-11.58;-9.37;-6.68;-3.83;-1.00;1.88;4.63;7.03;8.81;9.59;9.32;8.39;6.99;5.29;3.68;2.40;1.56;1.07;0.99;1.24;1.74;2.32;3.17;4.09;5.23;6.42;7.56;8.27;8.28;7.89;7.38;6.79;6.16;5.26;4.25;3.07;2.11;1.51;0.94;
Segment 9;0.00;1.19;1.56;0.73;-0.64;-2.18;-3.63;-4.88;-5.99;-7.14;-8.09;-9.04;-10.01;-11.10;-12.18;-13.12;-14.01;-14.77;-15.53;-16.15;-16.81;-17.26;-17.79;-18.04;-18.10;-17.52;-16.60;-15.58;-14.72;-13.96;-13.22;-12.50;-11.81;-10.94;-10.53;-10.34;-10.11;-9.36;-8.12;-6.68;-4.48;-1.58;1.49;3.85;5.42;6.69;7.44;7.44;6.97;5.98;4.43;2.87;1.68;1.30;1.30;1.61;1.91;2.39;2.71;2.98;3.02;3.04;3.14;3.22;3.35;3.41;3.46;3.31;2.94;2.26;1.12;-0.79;-2.67;-3.72;-3.08;-1.67;
Segment 10;0.00;1.18;0.86;-0.20;-1.48;-2.69;-4.01;-5.43;-6.85;-8.18;-9.31;-10.31;-11.14;-12.24;-13.31;-14.37;-14.92;-15.35;-15.68;-16.17;-16.64;-17.12;-17.38;-17.55;-17.34;-16.88;-16.10;-15.44;-14.95;-14.37;-13.19;-11.34;-9.23;-7.81;-8.50;-9.91;-10.96;-10.75;-9.51;-7.68;-4.83;-1.93;1.25;3.80;6.36;8.10;9.61;10.42;10.58;9.26;7.39;5.75;4.23;2.99;1.73;1.22;0.71;0.10;-0.40;-1.06;-1.41;-1.54;-1.21;-0.98;-0.72;-0.36;1.00;3.20;6.09;8.15;8.30;7.17;5.72;3.47;1.55;0.05;
Segment 11;0.00;-0.62;-0.74;-0.89;-1.88;-3.46;-5.33;-6.89;-8.51;-10.24;-12.39;-14.60;-16.85;-19.96;-23.17;-25.95;-28.02;-29.50;-30.57;-31.62;-32.50;-33.25;-34.20;-34.98;-35.30;-34.59;-33.07;-31.05;-28.78;-26.37;-23.84;-21.28;-18.65;-16.19;-13.63;-11.16;-8.62;-5.81;-2.50;1.12;4.58;7.58;10.21;12.39;13.87;15.10;15.57;15.41;14.93;14.30;13.61;12.87;12.26;11.80;11.51;11.09;10.74;10.26;10.08;10.07;10.30;10.63;10.95;11.10;10.83;10.13;9.00;7.59;5.78;4.17;3.24;3.60;4.49;4.99;3.96;2.13;
Segment 12;0.00;-0.42;-1.33;-2.46;-3.78;-5.18;-6.32;-7.07;-7.35;-7.17;-6.70;-6.21;-6.22;-7.44;-9.25;-10.99;-11.95;-12.54;-13.11;-14.03;-14.93;-15.40;-15.15;-14.34;-13.21;-12.17;-11.32;-10.64;-10.09;-9.60;-8.98;-8.16;-7.13;-6.18;-5.33;-4.59;-3.73;-2.56;-1.10;0.61;2.28;3.86;5.51;7.67;10.43;12.89;14.20;14.08;13.49;12.71;11.82;10.60;8.96;7.16;5.33;4.03;3.24;2.91;2.43;2.00;1.81;2.69;4.46;6.67;8.50;9.42;9.82;9.70;9.24;8.26;6.62;3.96;1.17;-0.76;-1.16;-0.62;
Segment 13;0.00;-1.23;-2.97;-5.11;-6.71;-8.39;-10.23;-12.37;-14.72;-17.53;-20.75;-24.08;-26.78;-28.82;-30.31;-31.73;-33.10;-34.43;-35.44;-36.09;-36.43;-36.63;-36.91;-37.12;-37.19;-36.98;-36.67;-36.31;-36.06;-35.70;-35.25;-34.67;-34.18;-33.99;-34.38;-34.54;-33.86;-31.48;-27.95;-23.71;-19.54;-15.63;-12.21;-9.86;-7.93;-5.94;-2.92;0.12;2.63;3.92;4.63;5.09;5.69;6.45;7.38;8.51;9.44;9.82;9.31;8.45;7.67;7.33;7.33;7.63;8.11;8.78;9.47;10.04;10.55;11.05;11.49;11.45;10.48;8.93;6.44;3.64;
Segment 14;0.00;-1.62;-1.18;2.28;2.87;2.41;0.81;-1.07;-3.30;-5.32;-6.90;-8.06;-9.07;-10.10;-11.06;-11.98;-12.94;-13.99;-15.07;-16.07;-16.95;-17.70;-18.53;-19.13;-19.26;-18.32;-16.80;-15.20;-14.10;-13.52;-13.43;-13.64;-14.05;-14.51;-14.75;-14.48;-13.37;-11.75;-9.67;-7.10;-4.45;-2.02;0.04;1.67;2.83;3.48;3.70;3.55;3.01;2.31;1.77;1.30;0.91;0.43;0.25;0.39;0.88;1.50;2.06;2.42;2.79;3.34;4.21;5.03;5.70;6.03;6.17;6.07;5.95;5.64;5.26;4.57;3.98;3.29;3.09;2.04;
Segment 15;0.00;-2.51;-3.63;-2.62;-1.13;0.31;1.26;0.81;-0.40;-2.41;-5.33;-8.63;-11.52;-13.55;-14.84;-15.69;-16.31;-16.86;-17.51;-18.30;-19.31;-20.55;-22.10;-23.46;-23.96;-23.07;-21.04;-18.60;-16.51;-14.93;-13.59;-12.24;-10.95;-10.08;-9.81;-9.93;-9.83;-8.95;-7.00;-4.10;-0.77;2.55;5.59;8.22;10.35;11.78;12.89;13.92;14.15;13.45;11.80;10.04;8.55;7.53;7.27;7.59;8.18;8.88;9.42;9.68;9.78;9.91;10.22;10.75;11.42;12.06;12.50;12.51;12.13;11.20;10.06;9.28;8.49;7.57;5.54;3.13;
Segment 16;0.00;-1.25;-2.57;-4.32;-6.49;-8.81;-11.45;-14.64;-18.03;-21.32;-23.92;-26.07;-27.90;-29.39;-30.73;-31.94;-33.17;-34.33;-35.46;-36.35;-37.18;-37.87;-38.73;-39.28;-39.28;-38.57;-37.37;-36.04;-34.61;-33.08;-31.08;-27.81;-24.44;-21.65;-20.70;-20.17;-19.32;-18.02;-15.48;-11.77;-6.40;-0.79;4.34;7.85;10.55;12.73;14.96;16.56;17.24;17.11;16.26;15.36;14.60;14.35;14.22;14.04;13.83;13.60;12.78;12.18;12.18;13.31;14.86;16.25;16.90;17.14;17.55;18.47;19.38;19.65;19.73;19.07;17.54;13.90;9.57;5.02;
Segment 17;0.00;-2.76;-4.38;-4.25;-4.43;-5.61;-7.45;-10.56;-13.85;-17.16;-19.85;-22.18;-23.90;-24.63;-24.81;-24.83;-25.37;-26.06;-26.76;-27.36;-27.89;-28.33;-28.90;-29.32;-29.32;-29.37;-29.18;-28.66;-27.70;-26.50;-25.05;-22.90;-20.35;-18.17;-17.22;-17.27;-17.28;-16.06;-13.28;-9.59;-5.89;-2.74;0.03;1.65;1.87;1.52;0.79;0.18;-0.68;-1.21;-1.31;-1.09;-0.80;-0.63;-0.32;-0.11;0.00;-0.12;-0.26;-0.46;-0.39;-0.07;0.54;1.15;1.49;1.48;1.12;0.74;0.61;0.76;1.01;1.08;1.05;1.19;1.19;1.04;
Segment 18;0.00;-0.95;-0.33;1.24;1.80;1.60;1.07;0.93;0.59;-0.20;-2.57;-5.31;-7.77;-8.96;-9.36;-9.27;-8.68;-7.98;-7.43;-7.70;-8.43;-9.41;-10.20;-10.67;-10.46;-9.32;-7.41;-5.09;-3.07;-1.40;0.05;1.38;2.59;3.59;4.32;4.90;5.69;6.85;8.56;10.97;14.03;17.49;20.78;23.11;24.10;24.17;24.00;23.94;23.42;22.34;20.73;18.91;17.05;15.51;14.45;14.16;14.10;14.36;14.17;13.57;12.82;12.62;13.23;14.38;15.76;17.01;17.83;17.80;16.93;15.11;12.66;9.90;7.20;5.01;3.29;1.86;

----------------------------------------------------------


Curves
==========================================================
Longitudinal Strain Rate
Unit [1/s]
Time [ms];0.00;11.62;23.24;34.86;46.48;58.09;69.71;81.33;92.95;104.57;116.19;127.81;139.43;151.04;162.66;174.28;185.90;197.52;209.14;220.76;232.38;243.99;255.61;267.23;278.85;290.47;302.09;313.71;325.33;336.94;348.56;360.18;371.80;383.42;395.04;406.66;418.28;429.89;441.51;453.13;464.75;476.37;487.99;499.61;511.23;522.85;534.46;546.08;557.70;569.32;580.94;592.56;604.18;615.80;627.41;639.03;650.65;662.27;673.89;685.51;697.13;708.75;720.36;731.98;743.60;755.22;766.84;778.46;790.08;801.70;813.31;824.93;836.55;848.17;859.79;871.41;
Segment 1;0.78;0.53;0.35;0.31;0.32;0.29;0.14;-0.14;-0.26;-0.78;-1.20;-1.21;-0.86;-0.44;-0.49;-0.61;-0.79;-0.74;-0.63;-0.48;-0.42;-0.42;-0.44;-0.36;-0.28;-0.16;-0.11;-0.13;-0.12;0.13;0.42;0.59;0.57;0.04;-0.34;-0.21;0.37;0.97;1.34;1.54;1.61;1.65;1.65;1.65;1.56;1.43;1.21;0.93;0.46;-0.02;-0.36;-0.64;-0.84;-1.03;-1.19;-1.24;-1.08;-0.67;-0.21;0.06;0.26;0.35;0.43;0.38;0.30;0.20;0.02;-0.11;-0.10;0.00;0.00;-0.13;-0.34;-0.45;-0.66;-1.08;
Segment 2;-1.00;-0.74;-0.24;0.12;0.01;-0.30;-0.73;-1.21;-1.38;-1.34;-1.11;-0.79;-0.61;-0.51;-0.46;-0.47;-0.51;-0.37;-0.13;0.14;0.26;0.18;0.06;-0.08;0.01;0.17;0.19;0.07;-0.08;-0.07;0.07;0.23;0.36;0.20;-0.13;-0.26;-0.08;0.41;1.03;1.90;2.93;3.47;3.19;2.29;1.32;0.40;-0.60;-1.26;-1.37;-1.20;-0.97;-0.83;-0.67;-0.49;-0.28;0.01;0.20;0.24;0.13;0.10;0.32;0.72;1.02;0.94;0.63;0.25;-0.03;-0.24;-0.40;-0.47;-0.48;-0.44;-0.34;-0.33;-0.33;-0.45;
Segment 3;1.29;0.77;-0.35;-0.79;-0.55;-0.41;-0.19;-0.05;-0.05;-0.52;-0.97;-1.08;-0.89;-0.54;-0.34;-0.03;0.17;0.22;-0.08;-0.50;-0.58;-0.46;-0.28;-0.24;-0.50;-0.80;-0.99;-0.66;-0.11;0.28;0.10;-0.39;-0.21;0.62;1.68;2.32;2.11;1.33;0.64;0.45;0.51;0.35;-0.36;-1.44;-1.90;-1.36;-0.22;0.58;0.59;0.21;-0.19;-0.26;-0.14;0.13;0.44;0.91;1.22;1.24;1.05;0.72;0.36;-0.15;-0.59;-0.76;-0.75;-0.63;-0.67;-0.65;-0.64;-0.29;0.24;0.78;0.87;0.58;0.35;0.57;
Segment 4;2.83;0.98;-1.45;-1.34;-0.52;-0.34;-0.49;-0.66;-0.55;-0.29;-0.07;0.07;-0.12;-0.34;-0.49;-0.55;-0.54;-0.49;-0.35;-0.26;-0.22;-0.39;-0.62;-0.87;-1.06;-1.23;-1.28;-1.44;-1.31;-0.81;0.17;0.78;0.82;-0.23;-1.24;-1.14;-0.36;0.72;1.11;1.26;0.99;0.76;0.16;-0.33;-0.62;-1.22;-1.54;-0.95;0.93;2.77;3.60;3.56;3.20;2.54;1.63;0.41;-0.22;-1.34;-2.45;-2.92;-3.59;-3.62;-3.50;-2.77;-1.65;-0.58;1.53;3.15;3.98;3.42;2.32;1.79;0.88;0.40;0.62;1.48;
Segment 5;-0.37;-0.63;0.68;0.94;-0.21;-0.64;-0.95;-1.05;-1.35;-1.63;-1.98;-1.79;-1.52;-1.18;-0.87;-0.85;-0.84;-0.75;-0.70;-0.77;-0.53;-0.44;-0.39;-0.24;-0.26;-0.26;-0.27;-0.34;-0.44;-0.40;-0.03;0.52;0.95;1.03;0.87;0.67;0.53;0.66;0.88;1.77;2.94;3.50;2.78;1.08;0.09;0.32;0.88;1.14;0.38;-1.19;-2.27;-2.27;-1.08;-0.07;0.24;-0.01;-0.07;0.49;1.33;1.92;1.63;0.93;0.15;-0.19;-0.16;-0.20;-0.45;-1.10;-1.54;-1.40;-1.07;-0.43;0.35;1.61;2.09;1.23;
Segment 6;-2.31;-2.77;-3.08;-2.85;-2.51;-2.10;-1.53;-0.89;-0.49;-0.22;-0.15;-0.22;-0.67;-1.17;-1.41;-1.39;-1.26;-1.20;-1.20;-1.10;-0.56;0.21;0.98;1.44;1.64;1.60;1.33;0.82;0.28;0.22;0.81;1.66;2.10;1.64;0.70;0.26;0.59;1.42;2.06;2.59;3.17;3.16;2.21;0.61;-0.42;-0.20;0.70;1.25;0.81;-0.26;-1.12;-1.35;-1.39;-1.18;-0.90;-0.67;-0.50;-0.44;-0.72;-0.73;-0.15;1.11;2.03;1.64;0.30;-0.88;-0.64;0.68;1.86;1.80;0.78;-0.31;-0.75;-0.99;-1.16;-1.17;
Segment 7;0.93;0.12;-1.06;-1.20;-1.08;-1.11;-1.38;-1.53;-1.40;-0.58;0.19;0.25;-0.33;-1.02;-1.07;-1.03;-0.87;-0.69;-0.42;-0.20;-0.08;-0.19;-0.29;-0.19;0.00;0.17;0.11;-0.13;-0.28;-0.18;0.19;0.48;0.43;0.02;-0.30;-0.05;0.61;1.34;1.76;1.78;1.57;1.30;0.94;0.63;0.56;0.68;0.79;0.71;0.38;0.03;-0.10;-0.01;0.11;0.08;-0.14;-0.39;-0.51;-0.39;-0.19;-0.15;-0.14;-0.11;0.02;0.18;0.37;0.59;0.71;0.77;0.79;0.60;0.25;-0.06;-0.21;-0.28;-0.35;-0.23;
Segment 8;-1.64;-1.26;-0.19;0.38;0.00;-0.43;-0.91;-1.24;-1.36;-1.05;-0.62;-0.47;-0.69;-1.04;-0.98;-0.89;-0.78;-0.67;-0.63;-0.61;-0.52;-0.35;-0.14;0.05;0.48;0.98;1.14;0.91;0.48;0.17;-0.04;-0.11;-0.06;-0.06;-0.10;0.09;0.70;1.55;2.16;2.41;2.45;2.46;2.45;2.25;1.84;1.13;0.20;-0.55;-1.02;-1.36;-1.46;-1.27;-0.91;-0.57;-0.25;0.08;0.34;0.46;0.61;0.76;0.89;1.02;1.03;0.84;0.31;-0.20;-0.41;-0.48;-0.51;-0.65;-0.83;-0.96;-0.96;-0.66;-0.45;-0.65;
Segment 9;1.12;0.75;-0.22;-1.01;-1.29;-1.30;-1.17;-1.00;-0.98;-0.91;-0.81;-0.82;-0.88;-0.95;-0.87;-0.78;-0.71;-0.66;-0.59;-0.56;-0.48;-0.42;-0.35;-0.16;0.21;0.69;0.87;0.82;0.69;0.64;0.63;0.59;0.70;0.58;0.23;0.13;0.39;0.88;1.13;1.53;2.23;2.66;2.40;1.66;1.20;0.90;0.32;-0.22;-0.62;-1.12;-1.40;-1.23;-0.67;-0.13;0.15;0.27;0.35;0.35;0.26;0.14;0.00;0.05;0.08;0.09;0.08;0.06;-0.03;-0.22;-0.44;-0.75;-1.34;-1.73;-1.37;-0.17;0.98;1.37;
Segment 10;1.22;0.41;-0.69;-1.05;-1.07;-1.08;-1.19;-1.23;-1.19;-1.07;-0.91;-0.76;-0.82;-0.95;-0.95;-0.70;-0.40;-0.31;-0.35;-0.42;-0.42;-0.33;-0.19;0.00;0.29;0.56;0.65;0.48;0.41;0.72;1.32;1.78;1.68;0.32;-1.06;-1.18;-0.40;0.68;1.31;2.05;2.52;2.66;2.48;2.21;1.87;1.39;1.02;0.47;-0.50;-1.49;-1.55;-1.36;-1.17;-1.11;-0.77;-0.38;-0.50;-0.47;-0.51;-0.46;-0.22;0.11;0.27;0.20;0.21;0.69;1.55;2.29;2.30;0.98;-0.54;-1.13;-1.63;-1.87;-1.54;-0.65;
Segment 11;-0.60;-0.32;-0.03;-0.46;-1.14;-1.54;-1.49;-1.34;-1.42;-1.67;-1.91;-1.86;-2.30;-2.81;-2.63;-2.10;-1.51;-1.06;-0.90;-0.85;-0.67;-0.73;-0.79;-0.52;0.14;0.99;1.56;1.87;2.01;2.13;2.20;2.25;2.19;2.15;2.17;2.13;2.27;2.63;3.02;3.09;2.79;2.42;2.10;1.56;1.17;0.77;0.10;-0.31;-0.50;-0.57;-0.63;-0.59;-0.46;-0.30;-0.30;-0.33;-0.37;-0.30;-0.08;0.10;0.26;0.29;0.23;-0.03;-0.42;-0.80;-1.09;-1.41;-1.54;-1.16;-0.24;0.64;0.73;-0.20;-1.32;-1.75;
Segment 12;-0.30;-0.56;-0.90;-1.06;-1.20;-1.12;-0.83;-0.45;-0.03;0.30;0.45;0.29;-0.52;-1.38;-1.62;-1.18;-0.61;-0.45;-0.64;-0.83;-0.63;-0.10;0.48;0.88;0.97;0.82;0.65;0.52;0.43;0.46;0.61;0.81;0.87;0.78;0.68;0.66;0.86;1.13;1.39;1.48;1.39;1.35;1.60;2.17;2.36;1.69;0.46;-0.39;-0.60;-0.70;-0.89;-1.25;-1.50;-1.60;-1.38;-0.89;-0.44;-0.32;-0.41;-0.33;0.25;1.18;1.79;1.83;1.18;0.54;0.12;-0.25;-0.60;-1.09;-1.88;-2.46;-2.13;-1.01;0.15;0.56;
Segment 13;-0.99;-1.25;-1.75;-1.63;-1.36;-1.50;-1.71;-1.92;-2.20;-2.61;-2.89;-2.65;-2.04;-1.48;-1.22;-1.20;-1.18;-1.03;-0.71;-0.41;-0.21;-0.20;-0.23;-0.13;0.07;0.24;0.30;0.26;0.25;0.35;0.45;0.49;0.33;-0.12;-0.32;0.13;1.30;2.61;3.42;3.67;3.49;3.21;2.48;1.77;1.59;2.16;2.71;2.46;1.64;0.79;0.46;0.43;0.59;0.72;0.91;0.93;0.61;-0.07;-0.65;-0.75;-0.49;-0.14;0.14;0.34;0.50;0.61;0.55;0.45;0.43;0.43;0.23;-0.43;-1.08;-1.76;-2.28;-2.78;
Segment 14;-1.64;-0.73;2.02;2.01;-0.09;-0.92;-1.54;-1.79;-1.88;-1.56;-1.16;-0.91;-0.87;-0.86;-0.81;-0.80;-0.86;-0.93;-0.90;-0.81;-0.69;-0.68;-0.65;-0.37;0.34;1.12;1.41;1.19;0.72;0.27;-0.07;-0.28;-0.39;-0.33;-0.03;0.60;1.20;1.59;2.02;2.29;2.21;1.94;1.59;1.21;0.78;0.37;0.03;-0.31;-0.57;-0.54;-0.43;-0.36;-0.39;-0.31;-0.02;0.28;0.51;0.53;0.39;0.29;0.38;0.62;0.75;0.66;0.43;0.19;0.01;-0.10;-0.18;-0.29;-0.47;-0.56;-0.59;-0.34;-0.43;-1.39;
Segment 15;-2.32;-1.70;0.02;1.22;1.30;1.11;0.23;-0.76;-1.37;-2.14;-2.76;-2.74;-2.14;-1.40;-0.89;-0.61;-0.48;-0.51;-0.62;-0.77;-0.96;-1.22;-1.32;-0.88;0.15;1.32;2.01;2.00;1.57;1.22;1.14;1.17;0.96;0.49;0.02;-0.08;0.37;1.21;2.13;2.73;2.90;2.76;2.45;2.07;1.52;1.04;0.96;0.60;-0.19;-1.06;-1.55;-1.43;-1.11;-0.56;0.06;0.42;0.58;0.56;0.34;0.13;0.08;0.18;0.36;0.53;0.59;0.49;0.20;-0.15;-0.57;-0.95;-0.84;-0.64;-0.66;-1.26;-1.94;-2.40;
Segment 16;-1.07;-1.08;-1.29;-1.71;-1.94;-2.10;-2.51;-2.87;-2.93;-2.56;-2.02;-1.71;-1.42;-1.21;-1.09;-1.04;-1.03;-1.00;-0.88;-0.73;-0.64;-0.68;-0.65;-0.27;0.31;0.86;1.11;1.19;1.26;1.44;2.29;2.97;2.77;1.60;0.49;0.55;0.87;1.61;2.66;3.96;4.85;4.74;3.74;2.60;2.05;1.91;1.71;0.99;0.22;-0.47;-0.81;-0.75;-0.43;-0.13;-0.12;-0.18;-0.15;-0.47;-0.69;-0.32;0.50;1.24;1.33;0.89;0.32;0.22;0.58;0.87;0.51;0.15;-0.21;-0.85;-2.23;-3.56;-3.82;-4.13;
Segment 17;-2.51;-2.00;-0.54;0.16;-0.58;-1.28;-2.16;-2.83;-2.88;-2.61;-2.16;-1.79;-1.05;-0.34;-0.01;-0.22;-0.57;-0.62;-0.57;-0.48;-0.40;-0.44;-0.47;-0.16;-0.01;0.03;0.29;0.64;0.95;1.11;1.54;2.09;2.14;1.39;0.31;-0.16;0.43;1.75;2.88;3.27;2.96;2.58;1.96;0.75;-0.12;-0.51;-0.58;-0.64;-0.64;-0.27;0.07;0.25;0.19;0.20;0.24;0.15;-0.01;-0.12;-0.16;-0.08;0.16;0.41;0.56;0.43;0.15;-0.18;-0.35;-0.24;0.02;0.20;0.15;-0.01;0.05;0.07;-0.01;-0.51;
Segment 18;-1.02;-0.20;1.12;1.02;0.10;-0.39;-0.29;-0.16;-0.40;-1.36;-2.32;-2.33;-1.60;-0.63;-0.12;0.31;0.59;0.60;0.14;-0.47;-0.77;-0.80;-0.57;-0.15;0.57;1.34;1.89;1.91;1.58;1.33;1.19;1.10;0.96;0.74;0.53;0.56;0.82;1.21;1.76;2.37;2.86;2.99;2.49;1.42;0.39;-0.11;-0.08;-0.21;-0.69;-1.18;-1.51;-1.61;-1.49;-1.15;-0.56;-0.13;0.13;0.08;-0.36;-0.64;-0.47;0.18;0.79;1.13;1.17;0.94;0.36;-0.38;-1.17;-1.88;-2.28;-2.40;-2.13;-1.67;-1.30;-1.40;

----------------------------------------------------------


Curves
==========================================================
Global Strain A2C
Unit [%]
Time [ms];0.00;11.62;23.24;34.86;46.48;58.09;69.71;81.33;92.95;104.57;116.19;127.81;139.43;151.04;162.66;174.28;185.90;197.52;209.14;220.76;232.38;243.99;255.61;267.23;278.85;290.47;302.09;313.71;325.33;336.94;348.56;360.18;371.80;383.42;395.04;406.66;418.28;429.89;441.51;453.13;464.75;476.37;487.99;499.61;511.23;522.85;534.46;546.08;557.70;569.32;580.94;592.56;604.18;615.80;627.41;639.03;650.65;662.27;673.89;685.51;697.13;708.75;720.36;731.98;743.60;755.22;766.84;778.46;790.08;801.70;813.31;824.93;836.55;848.17;859.79;871.41;
Total;0.00;0.50;-0.22;-1.53;-2.66;-3.74;-4.95;-6.46;-8.09;-9.71;-11.15;-12.45;-13.55;-14.65;-15.66;-16.70;-17.65;-18.55;-19.29;-19.86;-20.27;-20.65;-21.12;-21.55;-21.80;-21.82;-21.68;-21.57;-21.57;-21.42;-20.85;-19.64;-18.33;-17.38;-17.70;-18.18;-18.24;-17.16;-15.22;-12.68;-9.76;-6.92;-4.31;-2.48;-0.92;0.32;1.61;2.64;3.46;3.91;4.17;4.42;4.64;4.92;5.01;5.01;4.70;4.28;3.42;2.57;1.74;1.23;0.92;0.76;0.68;0.85;1.44;2.68;4.11;5.49;6.15;6.30;5.78;4.56;2.96;1.46;

----------------------------------------------------------


Curves
==========================================================
Global Strain Rate A2C
Unit [1/s]
Time [ms];0.00;11.62;23.24;34.86;46.48;58.09;69.71;81.33;92.95;104.57;116.19;127.81;139.43;151.04;162.66;174.28;185.90;197.52;209.14;220.76;232.38;243.99;255.61;267.23;278.85;290.47;302.09;313.71;325.33;336.94;348.56;360.18;371.80;383.42;395.04;406.66;418.28;429.89;441.51;453.13;464.75;476.37;487.99;499.61;511.23;522.85;534.46;546.08;557.70;569.32;580.94;592.56;604.18;615.80;627.41;639.03;650.65;662.27;673.89;685.51;697.13;708.75;720.36;731.98;743.60;755.22;766.84;778.46;790.08;801.70;813.31;824.93;836.55;848.17;859.79;871.41;
Total;0.59;-0.06;-0.97;-1.09;-0.93;-0.96;-1.17;-1.37;-1.42;-1.33;-1.18;-1.02;-0.94;-0.91;-0.88;-0.86;-0.81;-0.72;-0.56;-0.42;-0.33;-0.36;-0.40;-0.30;-0.12;0.07;0.12;0.04;0.03;0.27;0.79;1.15;1.06;0.26;-0.45;-0.31;0.41;1.34;1.95;2.39;2.51;2.39;1.92;1.43;1.18;1.08;1.02;0.80;0.55;0.28;0.21;0.20;0.23;0.17;0.05;-0.14;-0.30;-0.56;-0.77;-0.74;-0.59;-0.34;-0.19;-0.11;0.02;0.30;0.80;1.19;1.27;0.90;0.34;-0.14;-0.77;-1.26;-1.36;-1.27;

----------------------------------------------------------


Curves
==========================================================
Global Strain A3C
Unit [%]
Time [ms];0.00;11.62;23.24;34.86;46.48;58.09;69.71;81.33;92.95;104.57;116.19;127.81;139.43;151.04;162.66;174.28;185.90;197.52;209.14;220.76;232.38;243.99;255.61;267.23;278.85;290.47;302.09;313.71;325.33;336.94;348.56;360.18;371.80;383.42;395.04;406.66;418.28;429.89;441.51;453.13;464.75;476.37;487.99;499.61;511.23;522.85;534.46;546.08;557.70;569.32;580.94;592.56;604.18;615.80;627.41;639.03;650.65;662.27;673.89;685.51;697.13;708.75;720.36;731.98;743.60;755.22;766.84;778.46;790.08;801.70;813.31;824.93;836.55;848.17;859.79;871.41;
Total;0.00;-1.38;-1.96;-1.03;-1.10;-1.80;-3.13;-4.82;-6.79;-8.78;-10.66;-12.35;-13.77;-15.19;-16.41;-17.47;-18.50;-19.43;-20.22;-20.94;-21.54;-21.99;-22.54;-22.91;-23.03;-22.67;-21.99;-21.13;-20.36;-19.68;-19.01;-18.11;-17.03;-15.97;-15.18;-14.56;-13.78;-12.46;-10.41;-7.79;-4.71;-1.52;1.52;3.75;4.97;5.65;5.86;5.71;5.23;4.40;3.35;2.27;1.44;1.02;0.87;0.88;0.91;1.07;1.39;1.92;2.59;3.33;4.07;4.65;4.96;4.93;4.57;3.98;3.15;2.34;1.68;1.25;1.09;1.09;1.22;0.92;

----------------------------------------------------------


Curves
==========================================================
Global Strain Rate A3C
Unit [1/s]
Time [ms];0.00;11.62;23.24;34.86;46.48;58.09;69.71;81.33;92.95;104.57;116.19;127.81;139.43;151.04;162.66;174.28;185.90;197.52;209.14;220.76;232.38;243.99;255.61;267.23;278.85;290.47;302.09;313.71;325.33;336.94;348.56;360.18;371.80;383.42;395.04;406.66;418.28;429.89;441.51;453.13;464.75;476.37;487.99;499.61;511.23;522.85;534.46;546.08;557.70;569.32;580.94;592.56;604.18;615.80;627.41;639.03;650.65;662.27;673.89;685.51;697.13;708.75;720.36;731.98;743.60;755.22;766.84;778.46;790.08;801.70;813.31;824.93;836.55;848.17;859.79;871.41;
Total;-1.28;-0.95;0.28;0.51;-0.37;-0.89;-1.32;-1.59;-1.72;-1.68;-1.55;-1.33;-1.22;-1.14;-0.97;-0.90;-0.85;-0.74;-0.65;-0.58;-0.44;-0.43;-0.42;-0.23;0.10;0.47;0.69;0.71;0.62;0.56;0.66;0.86;0.95;0.81;0.58;0.56;0.87;1.45;2.02;2.48;2.73;2.73;2.33;1.46;0.78;0.38;0.02;-0.27;-0.57;-0.83;-0.94;-0.85;-0.54;-0.23;-0.04;0.02;0.07;0.20;0.37;0.53;0.61;0.65;0.58;0.39;0.12;-0.17;-0.41;-0.63;-0.73;-0.64;-0.48;-0.25;-0.06;0.09;-0.02;-0.55;

----------------------------------------------------------


Curves
==========================================================
Global Strain A4C
Unit [%]
Time [ms];0.00;11.62;23.24;34.86;46.48;58.09;69.71;81.33;92.95;104.57;116.19;127.81;139.43;151.04;162.66;174.28;185.90;197.52;209.14;220.76;232.38;243.99;255.61;267.23;278.85;290.47;302.09;313.71;325.33;336.94;348.56;360.18;371.80;383.42;395.04;406.66;418.28;429.89;441.51;453.13;464.75;476.37;487.99;499.61;511.23;522.85;534.46;546.08;557.70;569.32;580.94;592.56;604.18;615.80;627.41;639.03;650.65;662.27;673.89;685.51;697.13;708.75;720.36;731.98;743.60;755.22;766.84;778.46;790.08;801.70;813.31;824.93;836.55;848.17;859.79;871.41;
Total;0.00;-0.71;-1.43;-2.01;-2.70;-3.46;-4.20;-4.85;-5.49;-6.23;-7.44;-8.79;-10.17;-11.41;-12.51;-13.38;-13.91;-14.29;-14.72;-15.44;-16.28;-16.95;-17.37;-17.41;-17.09;-16.30;-15.25;-14.13;-13.17;-12.35;-11.50;-10.60;-9.61;-8.59;-7.78;-7.06;-6.21;-5.02;-3.44;-1.50;0.87;3.50;5.91;7.59;8.42;8.84;9.19;9.62;9.73;9.29;8.17;6.80;5.47;4.45;3.83;3.67;3.84;4.19;4.40;4.33;4.25;4.45;5.15;5.98;6.69;6.91;6.92;6.69;6.51;6.02;5.26;4.03;2.81;1.76;1.06;0.52;

----------------------------------------------------------


Curves
==========================================================
Global Strain Rate A4C
Unit [1/s]
Time [ms];0.00;11.62;23.24;34.86;46.48;58.09;69.71;81.33;92.95;104.57;116.19;127.81;139.43;151.04;162.66;174.28;185.90;197.52;209.14;220.76;232.38;243.99;255.61;267.23;278.85;290.47;302.09;313.71;325.33;336.94;348.56;360.18;371.80;383.42;395.04;406.66;418.28;429.89;441.51;453.13;464.75;476.37;487.99;499.61;511.23;522.85;534.46;546.08;557.70;569.32;580.94;592.56;604.18;615.80;627.41;639.03;650.65;662.27;673.89;685.51;697.13;708.75;720.36;731.98;743.60;755.22;766.84;778.46;790.08;801.70;813.31;824.93;836.55;848.17;859.79;871.41;
Total;-0.61;-0.63;-0.55;-0.53;-0.63;-0.65;-0.60;-0.55;-0.56;-0.84;-1.13;-1.19;-1.14;-1.01;-0.86;-0.60;-0.37;-0.32;-0.49;-0.70;-0.67;-0.48;-0.21;0.11;0.48;0.82;0.96;0.91;0.75;0.70;0.75;0.81;0.88;0.80;0.64;0.65;0.86;1.19;1.51;1.86;2.19;2.23;1.80;1.06;0.49;0.30;0.35;0.27;-0.11;-0.69;-1.12;-1.19;-1.03;-0.72;-0.33;0.02;0.25;0.27;0.05;-0.10;0.02;0.40;0.70;0.70;0.40;0.08;-0.11;-0.17;-0.27;-0.53;-0.87;-1.09;-1.00;-0.75;-0.51;-0.45;

----------------------------------------------------------


