PatientInformation
==========================================================
PatientID;No patientID
Name;,,
Date of Birth;
Sex;
Version;AutoStrainCap2 2.1.0.491925

Results
==========================================================
Global
----------------------------------------------------------
LaSr_ED;16.90;%
LaScd_ED;-9.28;%
LaSct_ED;-7.63;%
LaSr_AC;15.71;%
LaScd_AC;-8.62;%
LaSct_AC;-7.09;%
ED;0.00;ms
ES;412.42;ms
PreA;645.12;ms

Curves
==========================================================
Longitudinal Strain
Unit [%]
Time [ms];0.00;23.04;46.08;69.12;92.16;115.20;138.24;161.28;184.32;207.36;230.40;253.44;276.48;299.52;322.56;345.60;368.64;391.68;414.72;437.76;460.80;483.84;506.88;529.92;552.96;576.00;599.04;622.08;645.12;668.16;691.20;714.24;737.28;760.32;783.36;806.40;829.44;852.48;
LAS_ED;0.00;0.41;-0.79;0.50;1.40;3.60;6.01;7.48;9.18;11.50;12.62;13.64;15.01;15.20;15.09;15.74;16.43;16.61;16.89;15.89;13.57;11.38;10.40;9.37;8.87;8.23;7.73;7.74;7.63;7.49;7.49;7.84;8.12;8.07;7.24;6.29;4.38;2.09;
LAS_AC;-7.09;-6.71;-7.82;-6.62;-5.79;-3.75;-1.51;-0.14;1.44;3.60;4.64;5.58;6.86;7.03;6.93;7.54;8.17;8.34;8.60;7.68;5.52;3.48;2.57;1.62;1.15;0.55;0.09;0.11;0.00;-0.13;-0.13;0.20;0.46;0.41;-0.36;-1.24;-3.02;-5.15;

----------------------------------------------------------


