PatientInformation
==========================================================
PatientID;No patientID
Name;,,
Date of Birth;
Sex;
Version;AutoStrainCap2 2.1.0.491925

Results
==========================================================
Global
----------------------------------------------------------
RVFWSL;-35.13;%
RV4CSL;-24.92;%
ED;0.00;ms
ES;312.65;ms

Curves
==========================================================
Longitudinal Strain
Unit [%]
Time [ms];0.00;14.68;29.36;44.04;58.71;73.39;88.07;102.75;117.43;132.11;146.78;161.46;176.14;190.82;205.50;220.18;234.85;249.53;264.21;278.89;293.57;308.25;322.92;337.60;352.28;366.96;381.64;396.32;411.00;425.67;440.35;455.03;469.71;484.39;499.07;513.74;528.42;543.10;557.78;572.46;587.14;601.81;616.49;631.17;645.85;660.53;675.21;689.88;704.56;719.24;733.92;748.60;763.28;777.95;792.63;807.31;
Basal;0.00;0.23;0.59;-1.99;-5.32;-7.57;-10.01;-13.97;-17.80;-20.28;-22.51;-25.53;-28.40;-30.44;-32.34;-34.92;-37.41;-39.12;-40.20;-40.72;-40.96;-41.22;-40.85;-38.98;-36.94;-35.94;-35.13;-33.82;-31.56;-28.85;-26.31;-24.69;-23.84;-23.60;-23.47;-22.72;-21.83;-20.84;-19.54;-17.48;-15.51;-14.77;-14.54;-14.47;-14.22;-13.69;-13.83;-15.69;-16.97;-15.10;-11.67;-8.38;-5.12;-2.42;-0.63;0.02;
Mid;0.00;-0.13;0.08;-0.95;-2.46;-3.90;-5.62;-8.53;-11.24;-13.14;-14.79;-16.81;-18.75;-20.35;-21.96;-23.97;-25.84;-26.85;-27.33;-27.75;-28.15;-28.55;-28.56;-27.61;-26.31;-25.06;-23.88;-22.95;-21.34;-18.98;-16.82;-16.17;-16.19;-16.01;-15.85;-15.64;-15.31;-14.66;-13.85;-13.11;-12.49;-12.06;-11.86;-11.88;-11.83;-11.77;-12.10;-13.21;-13.89;-12.89;-10.54;-7.26;-3.87;-1.69;-0.42;0.09;
Apical;0.00;-0.22;-0.42;-1.90;-3.94;-6.04;-8.48;-11.73;-14.68;-16.85;-18.70;-21.09;-23.30;-24.72;-26.10;-28.20;-30.09;-30.99;-31.39;-31.76;-32.22;-32.69;-32.95;-32.16;-31.05;-30.15;-29.11;-28.07;-26.32;-24.15;-21.97;-20.60;-19.63;-18.67;-17.99;-17.30;-16.63;-15.78;-14.76;-13.67;-12.78;-12.37;-12.24;-12.24;-12.15;-11.96;-12.11;-13.11;-13.74;-12.74;-10.45;-7.54;-4.42;-1.78;-0.09;0.30;

----------------------------------------------------------


