PatientInformation
==========================================================
PatientID;No patientID
Name;,,
Date of Birth;
Sex;
Version;AutoStrainCap2 2.1.0.491925

Results
==========================================================
Global
----------------------------------------------------------
LaSr_ED;6.22;%
LaScd_ED;-10.57;%
LaSct_ED;4.35;%
LaSr_AC;6.53;%
LaScd_AC;-11.10;%
LaSct_AC;4.57;%
ED;0.00;ms
ES;375.77;ms
PreA;540.16;ms

Curves
==========================================================
Longitudinal Strain
Unit [%]
Time [ms];0.00;21.35;42.70;64.05;85.40;106.75;128.10;149.45;170.80;192.15;213.50;234.85;256.20;277.56;298.91;320.26;341.61;362.96;384.31;405.66;427.01;448.36;469.71;491.06;512.41;533.76;555.11;576.46;597.81;619.16;640.51;661.86;683.21;
LAS_ED;0.00;-0.92;-1.32;-0.41;0.58;1.16;1.02;1.32;2.23;2.83;2.12;2.42;2.81;2.96;3.64;5.18;5.94;6.03;5.99;3.21;-0.38;-2.79;-5.08;-5.47;-5.43;-4.72;-3.47;-2.80;-2.27;-2.06;-1.99;-2.27;-1.02;
LAS_AC;4.95;3.99;3.56;4.52;5.56;6.17;6.02;6.34;7.29;7.92;7.17;7.49;7.90;8.06;8.77;10.39;11.18;11.28;11.24;8.32;4.55;2.02;-0.39;-0.79;-0.74;0.00;1.31;2.01;2.57;2.79;2.86;2.57;3.88;

----------------------------------------------------------


