PatientInformation
==========================================================
PatientID;No patientID
Name;,,
Date of Birth;
Sex;
Version;AutoStrainCap2 2.1.0.491925

Results
==========================================================
Global
----------------------------------------------------------
RVFWSL;-15.76;%
RV4CSL;-13.25;%
ED;0.00;ms
ES;269.02;ms

Curves
==========================================================
Longitudinal Strain
Unit [%]
Time [ms];0.00;21.35;42.70;64.05;85.40;106.75;128.10;149.45;170.80;192.15;213.50;234.85;256.20;277.56;298.91;320.26;341.61;362.96;384.31;405.66;427.01;448.36;469.71;491.06;512.41;533.76;555.11;576.46;597.81;619.16;640.51;661.86;
Basal;0.00;-1.12;-0.72;-2.29;-3.22;-4.45;-5.40;-6.24;-6.69;-6.54;-6.21;-5.26;-4.21;-4.52;-3.67;-3.78;-3.06;-1.40;-1.87;-2.37;-0.55;1.76;2.83;3.08;3.14;2.95;2.92;3.36;2.50;1.94;0.93;0.29;
Mid;0.00;-2.08;-2.97;-5.22;-6.77;-9.01;-10.87;-12.40;-13.46;-13.95;-14.31;-14.02;-13.59;-13.37;-12.06;-11.73;-10.38;-7.88;-7.63;-7.44;-4.82;-2.16;-0.66;0.59;1.60;2.14;2.49;3.10;2.64;2.18;1.13;0.41;
Apical;0.00;-3.05;-5.08;-8.43;-11.31;-14.57;-17.68;-20.42;-22.81;-24.64;-26.29;-27.41;-28.34;-27.44;-25.32;-23.72;-21.59;-18.75;-17.42;-16.18;-13.16;-10.05;-8.14;-6.06;-4.27;-3.00;-1.85;-0.50;-0.24;-0.05;-0.26;-0.17;

----------------------------------------------------------


