PatientInformation
==========================================================
PatientID;No patientID
Name;,,
Date of Birth;
Sex;
Version;AutoStrainCap2 2.1.0.491925

Results
==========================================================
Global
----------------------------------------------------------
LaSr_ED;29.57;%
LaScd_ED;-9.46;%
LaSct_ED;-20.11;%
LaSr_AC;24.67;%
LaScd_AC;-7.89;%
LaSct_AC;-16.78;%
ED;0.00;ms
ES;309.86;ms
PreA;527.18;ms

Curves
==========================================================
Longitudinal Strain
Unit [%]
Time [ms];0.00;14.02;28.04;42.06;56.08;70.10;84.12;98.15;112.17;126.19;140.21;154.23;168.25;182.27;196.29;210.31;224.33;238.35;252.37;266.40;280.42;294.44;308.46;322.48;336.50;350.52;364.54;378.56;392.58;406.60;420.62;434.64;448.67;462.69;476.71;490.73;504.75;518.77;532.79;546.81;560.83;574.85;588.87;602.89;616.91;630.94;644.96;658.98;673.00;687.02;701.04;715.06;729.08;
LAS_ED;0.00;0.31;0.19;-0.74;-0.57;1.79;4.71;5.40;5.70;7.45;9.54;11.95;14.48;16.91;19.15;20.52;21.77;23.26;24.63;25.39;26.40;28.10;29.55;28.87;27.76;27.08;26.84;26.80;26.97;26.85;26.25;24.82;23.04;22.66;22.46;21.92;21.25;20.52;19.88;19.51;19.47;19.80;20.38;21.10;21.37;20.75;19.98;19.45;17.47;12.25;6.34;2.11;-0.01;
LAS_AC;-16.58;-16.32;-16.42;-17.19;-17.05;-15.09;-12.66;-12.08;-11.83;-10.37;-8.62;-6.61;-4.50;-2.47;-0.60;0.54;1.58;2.82;3.97;4.60;5.44;6.86;8.07;7.51;6.58;6.01;5.81;5.77;5.92;5.81;5.32;4.12;2.64;2.32;2.16;1.71;1.15;0.54;0.00;-0.31;-0.34;-0.06;0.42;1.02;1.25;0.73;0.09;-0.35;-2.00;-6.36;-11.29;-14.82;-16.59;

----------------------------------------------------------


