PatientInformation
==========================================================
PatientID;No patientID
Name;,,
Date of Birth;
Sex;
Version;AutoStrainCap2 2.1.0.491925

Results
==========================================================
Global
----------------------------------------------------------
RVFWSL;-19.21;%
RV4CSL;-17.07;%
ED;0.00;ms
ES;288.83;ms

Curves
==========================================================
Longitudinal Strain
Unit [%]
Time [ms];0.00;14.02;28.04;42.06;56.08;70.10;84.12;98.15;112.17;126.19;140.21;154.23;168.25;182.27;196.29;210.31;224.33;238.35;252.37;266.40;280.42;294.44;308.46;322.48;336.50;350.52;364.54;378.56;392.58;406.60;420.62;434.65;448.67;462.69;476.71;490.73;504.75;518.77;532.79;546.81;560.83;574.85;588.87;602.90;616.92;630.94;644.96;658.98;673.00;687.02;701.04;715.06;729.08;743.10;
Basal;0.00;-0.56;-2.02;-3.89;-5.24;-5.41;-5.52;-6.87;-8.70;-10.41;-12.16;-13.88;-15.27;-16.51;-17.32;-17.92;-18.46;-19.06;-19.64;-20.05;-20.27;-20.34;-20.20;-19.76;-19.23;-18.72;-17.95;-16.58;-14.85;-13.63;-12.64;-12.22;-11.78;-10.49;-9.13;-8.39;-7.83;-6.81;-5.69;-5.04;-4.43;-3.55;-2.33;-0.66;0.39;-0.07;0.04;2.91;5.24;3.27;0.95;1.92;3.17;1.80;
Mid;0.00;-0.25;-1.42;-3.13;-4.48;-4.84;-5.11;-6.30;-7.98;-9.74;-11.52;-12.99;-14.08;-15.01;-15.66;-16.58;-17.39;-17.47;-17.41;-17.37;-17.25;-16.92;-16.38;-15.83;-15.25;-14.77;-14.17;-13.12;-11.76;-10.76;-9.82;-9.25;-8.58;-7.16;-5.76;-5.01;-4.38;-3.05;-1.65;-0.93;-0.44;-0.02;0.67;1.94;2.71;2.09;1.91;3.99;5.50;3.32;0.98;1.91;3.14;1.81;
Apical;0.00;-0.71;-2.24;-3.95;-5.12;-5.61;-5.98;-7.13;-8.75;-10.44;-12.19;-13.88;-15.22;-16.27;-17.01;-17.74;-18.39;-18.70;-18.87;-19.02;-19.09;-19.04;-18.86;-18.35;-17.83;-17.39;-16.94;-16.44;-15.50;-14.88;-14.05;-13.39;-12.65;-11.21;-9.83;-8.80;-7.97;-6.74;-5.53;-4.81;-4.33;-3.94;-3.37;-2.34;-1.70;-2.15;-2.18;-0.27;1.33;0.22;-0.80;0.88;2.54;1.67;

----------------------------------------------------------


