PatientInformation
==========================================================
PatientID;No patientID
Name;,,
Date of Birth;
Sex;
Version;AutoStrainCap2 2.1.0.491925

Results
==========================================================
Global
----------------------------------------------------------
LaSr_ED;39.83;%
LaScd_ED;-10.48;%
LaSct_ED;-29.35;%
LaSr_AC;30.83;%
LaScd_AC;-8.11;%
LaSct_AC;-22.72;%
ED;0.00;ms
ES;343.74;ms
PreA;674.67;ms

Curves
==========================================================
Longitudinal Strain
Unit [%]
Time [ms];0.00;21.35;42.70;64.05;85.40;106.75;128.10;149.45;170.80;192.15;213.50;234.85;256.20;277.55;298.91;320.26;341.61;362.96;384.31;405.66;427.01;448.36;469.71;491.06;512.41;533.76;555.11;576.46;597.81;619.16;640.51;661.86;683.21;704.56;725.91;747.26;768.61;789.96;811.31;832.66;854.02;875.37;896.72;918.07;939.42;960.77;982.12;
LAS_ED;0.00;1.66;4.18;8.01;12.60;15.98;19.10;21.43;23.24;24.83;26.75;29.76;33.04;35.35;37.20;38.93;39.83;39.23;38.44;39.01;39.43;38.02;36.04;34.53;33.31;32.94;32.63;31.12;29.85;29.61;29.60;29.52;29.18;28.48;27.28;24.32;21.59;19.36;16.41;10.87;4.96;0.87;-2.13;-3.88;-4.72;-3.22;-1.80;
LAS_AC;-22.59;-21.30;-19.36;-16.39;-12.83;-10.22;-7.80;-6.00;-4.60;-3.37;-1.88;0.45;2.99;4.78;6.21;7.55;8.24;7.79;7.17;7.61;7.94;6.84;5.31;4.14;3.20;2.91;2.67;1.50;0.52;0.34;0.33;0.26;0.00;-0.54;-1.47;-3.76;-5.88;-7.60;-9.88;-14.17;-18.75;-21.91;-24.23;-25.59;-26.24;-25.08;-23.98;

----------------------------------------------------------


