PatientInformation
==========================================================
PatientID;No patientID
Name;,,
Date of Birth;
Sex;
Version;AutoStrainCap2 2.1.0.491925

Results
==========================================================
Global
----------------------------------------------------------
RVFWSL;-29.82;%
RV4CSL;-24.04;%
ED;0.00;ms
ES;377.23;ms

Curves
==========================================================
Longitudinal Strain
Unit [%]
Time [ms];0.00;14.68;29.36;44.04;58.71;73.39;88.07;102.75;117.43;132.11;146.78;161.46;176.14;190.82;205.50;220.18;234.85;249.53;264.21;278.89;293.57;308.25;322.92;337.60;352.28;366.96;381.64;396.32;411.00;425.67;440.35;455.03;469.71;484.39;499.07;513.74;528.42;543.10;557.78;572.46;587.14;601.81;616.49;631.17;645.85;660.53;675.21;689.88;704.56;719.24;733.92;748.60;763.28;777.96;792.63;807.31;821.99;836.67;851.35;866.03;880.70;895.38;910.06;924.74;939.42;954.10;968.77;983.45;998.13;1012.81;
Basal;0.00;-0.51;-1.76;-3.59;-4.98;-6.50;-7.86;-9.26;-10.86;-13.12;-16.18;-19.57;-22.55;-24.80;-26.42;-27.82;-29.07;-30.30;-31.42;-32.38;-33.19;-33.66;-33.90;-33.83;-33.77;-33.63;-33.24;-31.89;-29.83;-26.91;-24.00;-22.12;-20.70;-19.42;-18.72;-17.66;-16.90;-16.24;-16.05;-15.81;-15.32;-14.66;-14.00;-13.43;-13.08;-12.95;-13.12;-13.42;-13.73;-13.94;-14.10;-14.32;-14.76;-14.92;-14.34;-12.63;-10.13;-7.19;-4.36;-1.69;0.53;2.23;3.28;3.54;2.87;1.73;0.43;-0.41;-0.99;-0.83;
Mid;0.00;-0.57;-1.66;-3.12;-4.96;-7.00;-9.00;-10.79;-12.65;-14.82;-17.17;-19.56;-21.54;-22.86;-23.64;-24.18;-24.68;-25.19;-25.73;-26.34;-26.95;-27.37;-27.76;-27.99;-28.25;-28.29;-28.17;-27.41;-26.72;-25.27;-23.30;-21.11;-18.88;-16.88;-15.94;-14.87;-14.08;-13.21;-12.81;-12.40;-12.16;-11.81;-11.52;-11.14;-10.92;-10.88;-11.02;-11.31;-11.62;-12.00;-12.35;-12.74;-13.18;-13.37;-12.98;-12.05;-10.46;-8.44;-6.30;-4.16;-2.43;-0.93;-0.06;0.33;0.03;-0.48;-1.10;-1.08;-0.91;-0.43;
Apical;0.00;-0.31;-1.35;-2.60;-3.99;-5.55;-7.15;-8.84;-10.67;-12.92;-15.36;-17.89;-19.85;-21.21;-21.89;-22.42;-22.86;-23.38;-23.89;-24.29;-24.73;-24.99;-25.34;-25.54;-25.99;-26.37;-26.81;-26.46;-26.37;-25.27;-23.62;-22.28;-20.74;-18.84;-17.42;-15.48;-13.95;-12.51;-11.91;-11.40;-10.78;-10.10;-9.51;-9.00;-8.71;-8.63;-8.71;-8.94;-9.19;-9.47;-9.72;-10.02;-10.42;-10.65;-10.32;-9.46;-7.94;-5.90;-3.89;-1.82;-0.28;0.92;1.38;1.41;0.97;0.40;-0.17;-0.28;-0.25;-0.19;

----------------------------------------------------------


