PatientInformation
==========================================================
PatientID;No patientID
Name;,,
Date of Birth;
Sex;
Version;AutoStrainCap2 2.1.0.491925

Results
==========================================================
Global
----------------------------------------------------------
LaSr_ED;16.15;%
LaScd_ED;-19.62;%
LaSct_ED;3.48;%
LaSr_AC;16.74;%
LaScd_AC;-20.35;%
LaSct_AC;3.60;%
ED;0.00;ms
ES;298.24;ms
PreA;603.96;ms

Curves
==========================================================
Longitudinal Strain
Unit [%]
Time [ms];0.00;10.69;21.38;32.07;42.76;53.45;64.14;74.83;85.52;96.21;106.90;117.59;128.28;138.96;149.65;160.34;171.03;181.72;192.41;203.10;213.79;224.48;235.17;245.86;256.55;267.24;277.93;288.62;299.31;310.00;320.69;331.38;342.07;352.76;363.45;374.14;384.83;395.52;406.20;416.89;427.58;438.27;448.96;459.65;470.34;481.03;491.72;502.41;513.10;523.79;534.48;545.17;555.86;566.55;577.24;587.93;598.62;609.31;620.00;630.69;641.38;652.07;662.76;673.44;684.13;694.82;705.51;716.20;726.89;737.58;748.27;758.96;769.65;780.34;791.03;801.72;812.41;823.10;833.79;844.48;855.17;865.86;876.55;887.24;897.93;
LAS_ED;0.00;-1.22;-2.39;-2.12;-0.70;-0.27;0.10;0.34;0.77;1.63;2.68;3.85;5.13;6.16;7.21;8.21;9.15;10.10;10.98;11.82;12.61;13.28;13.93;14.47;15.00;15.44;15.83;16.05;16.15;16.02;15.81;15.50;15.28;15.11;14.94;14.50;13.78;12.41;10.67;8.53;6.04;3.45;0.81;-1.62;-3.41;-4.90;-5.60;-5.88;-5.78;-5.44;-4.99;-4.49;-4.02;-3.73;-3.53;-3.47;-3.42;-3.56;-3.64;-3.77;-3.86;-4.00;-4.11;-4.13;-4.15;-4.12;-4.08;-4.03;-3.95;-3.93;-3.88;-3.87;-3.90;-3.99;-4.11;-4.23;-4.26;-4.29;-4.23;-4.10;-3.96;-3.77;-3.44;-2.81;-1.71;
LAS_AC;3.69;2.43;1.21;1.49;2.97;3.41;3.79;4.04;4.49;5.38;6.47;7.68;9.01;10.08;11.17;12.20;13.18;14.16;15.07;15.94;16.77;17.46;18.13;18.69;19.24;19.70;20.10;20.33;20.43;20.30;20.08;19.76;19.54;19.36;19.18;18.72;17.98;16.56;14.75;12.54;9.95;7.27;4.53;2.01;0.15;-1.39;-2.12;-2.41;-2.30;-1.96;-1.49;-0.96;-0.48;-0.18;0.02;0.08;0.15;0.00;-0.09;-0.23;-0.31;-0.46;-0.57;-0.60;-0.61;-0.58;-0.54;-0.49;-0.41;-0.39;-0.33;-0.33;-0.35;-0.45;-0.58;-0.70;-0.73;-0.77;-0.69;-0.56;-0.42;-0.22;0.12;0.77;1.91;

----------------------------------------------------------


