PatientInformation
==========================================================
PatientID;No patientID
Name;,,
Date of Birth;
Sex;
Version;AutoStrainCap2 2.1.0.491925

Results
==========================================================
Global
----------------------------------------------------------
RVFWSL;-21.62;%
RV4CSL;-16.43;%
ED;0.00;ms
ES;369.63;ms

Curves
==========================================================
Longitudinal Strain
Unit [%]
Time [ms];0.00;9.58;19.15;28.73;38.30;47.88;57.46;67.03;76.61;86.18;95.76;105.34;114.91;124.49;134.06;143.64;153.22;162.79;172.37;181.94;191.52;201.10;210.67;220.25;229.82;239.40;248.98;258.55;268.13;277.70;287.28;296.86;306.43;316.01;325.58;335.16;344.74;354.31;363.89;373.46;383.04;392.62;402.19;411.77;421.34;430.92;440.50;450.07;459.65;469.22;478.80;488.38;497.95;507.53;517.10;526.68;536.26;545.83;555.41;564.98;574.56;584.14;593.71;603.29;612.86;622.44;632.02;641.59;651.17;660.74;670.32;679.90;
Basal;0.00;2.27;2.36;-0.50;-1.50;-1.62;-1.46;-1.78;-2.46;-3.40;-4.44;-5.50;-6.51;-7.53;-8.47;-9.44;-10.48;-11.60;-12.78;-14.01;-15.21;-16.24;-17.00;-17.59;-18.15;-18.76;-19.38;-19.91;-20.35;-20.69;-20.99;-21.37;-21.67;-21.82;-21.60;-21.32;-21.31;-21.76;-22.23;-22.12;-20.95;-19.02;-16.44;-14.07;-11.31;-8.30;-5.43;-2.65;-0.52;0.91;1.61;2.22;2.80;3.52;3.99;4.41;4.50;4.50;4.42;4.32;4.19;4.04;3.88;3.66;3.29;2.95;2.77;2.71;2.49;1.70;0.11;-0.85;
Mid;0.00;3.07;3.20;-0.43;-1.72;-1.92;-1.86;-2.36;-3.28;-4.39;-5.46;-6.49;-7.48;-8.46;-9.40;-10.32;-11.32;-12.34;-13.38;-14.44;-15.46;-16.38;-17.13;-17.79;-18.39;-19.07;-19.71;-20.32;-20.88;-21.37;-21.74;-22.08;-22.28;-22.40;-22.30;-22.18;-22.03;-22.00;-21.69;-20.88;-19.14;-16.87;-14.20;-11.97;-9.67;-7.26;-5.20;-3.06;-1.38;0.01;0.77;1.44;2.12;2.86;3.40;3.86;4.08;4.12;4.08;3.92;3.75;3.52;3.29;3.04;2.67;2.38;2.30;2.44;2.42;1.68;-0.10;-1.23;
Apical;0.00;2.12;2.27;-0.46;-1.38;-1.55;-1.55;-1.94;-2.73;-3.72;-4.70;-5.68;-6.66;-7.71;-8.73;-9.71;-10.72;-11.71;-12.67;-13.67;-14.62;-15.48;-16.16;-16.74;-17.26;-17.75;-18.20;-18.58;-18.96;-19.23;-19.39;-19.52;-19.52;-19.49;-19.14;-18.83;-18.61;-18.52;-18.30;-17.60;-16.04;-14.03;-11.76;-10.74;-9.59;-8.11;-6.81;-5.17;-3.78;-1.91;-0.53;0.68;1.73;2.68;3.31;3.73;3.82;3.70;3.48;3.17;2.85;2.55;2.30;2.06;1.78;1.61;1.66;1.83;1.88;1.31;0.07;-0.74;

----------------------------------------------------------


