PatientInformation
==========================================================
PatientID;No patientID
Name;,,
Date of Birth;
Sex;
Version;AutoStrainCap2 2.1.0.491925

Results
==========================================================
Global
----------------------------------------------------------
LaSr_ED;22.51;%
LaScd_ED;-7.10;%
LaSct_ED;-15.42;%
LaSr_AC;19.49;%
LaScd_AC;-6.14;%
LaSct_AC;-13.35;%
ED;0.00;ms
ES;465.44;ms
PreA;649.05;ms

Curves
==========================================================
Longitudinal Strain
Unit [%]
Time [ms];0.00;21.35;42.70;64.05;85.40;106.75;128.10;149.45;170.80;192.15;213.50;234.85;256.20;277.56;298.91;320.26;341.61;362.96;384.31;405.66;427.01;448.36;469.71;491.06;512.41;533.76;555.11;576.46;597.81;619.16;640.51;661.86;683.21;704.56;725.91;747.26;768.61;789.97;811.32;
LAS_ED;0.00;0.86;3.47;5.57;7.05;7.19;7.27;7.90;9.28;11.46;13.44;14.28;14.83;15.99;17.25;18.10;18.49;18.40;18.65;19.54;20.71;22.07;22.48;21.52;20.11;18.33;16.73;15.77;15.24;15.31;15.50;15.15;14.56;13.46;11.84;9.24;6.56;5.07;2.92;
LAS_AC;-13.42;-12.68;-10.42;-8.60;-7.31;-7.19;-7.13;-6.58;-5.38;-3.50;-1.79;-1.06;-0.58;0.42;1.51;2.25;2.58;2.51;2.73;3.50;4.51;5.69;6.04;5.21;3.99;2.45;1.06;0.23;-0.22;-0.17;0.00;-0.30;-0.81;-1.77;-3.17;-5.42;-7.74;-9.03;-10.89;

----------------------------------------------------------


