PatientInformation
==========================================================
PatientID;No patientID
Name;,,
Date of Birth;
Sex;
Version;AutoStrainCap2 2.1.0.491925

Results
==========================================================
Global
----------------------------------------------------------
RVFWSL;-34.12;%
RV4CSL;-27.15;%
ED;0.00;ms
ES;459.11;ms

Curves
==========================================================
Longitudinal Strain
Unit [%]
Time [ms];0.00;18.74;37.48;56.22;74.96;93.70;112.44;131.17;149.91;168.65;187.39;206.13;224.87;243.61;262.35;281.09;299.83;318.57;337.31;356.04;374.78;393.52;412.26;431.00;449.74;468.48;487.22;505.96;524.70;543.44;562.18;580.92;599.65;618.39;637.13;655.87;674.61;693.35;712.09;730.83;749.57;768.31;787.05;805.79;824.52;
Basal;0.00;-3.85;-7.54;-9.57;-11.17;-13.85;-16.81;-19.00;-20.92;-23.17;-25.51;-27.71;-29.63;-31.68;-33.35;-34.66;-35.89;-36.50;-37.01;-37.79;-38.44;-38.44;-38.29;-38.55;-38.69;-38.38;-36.71;-33.13;-28.87;-26.31;-24.57;-22.68;-21.11;-19.66;-18.49;-17.31;-15.93;-14.08;-11.11;-6.79;-2.61;-0.46;0.62;1.14;0.86;
Mid;0.00;-3.96;-7.75;-9.44;-10.62;-12.94;-15.59;-17.45;-19.14;-21.13;-23.21;-25.17;-26.86;-28.82;-30.50;-31.69;-32.82;-33.59;-34.15;-34.50;-34.65;-34.41;-34.10;-34.15;-34.16;-34.01;-32.56;-29.01;-24.91;-22.53;-20.95;-19.23;-17.80;-16.60;-15.76;-15.05;-14.20;-12.84;-10.40;-6.57;-2.74;-0.61;0.57;1.00;0.69;
Apical;0.00;-2.72;-5.39;-7.21;-8.65;-10.39;-12.39;-13.99;-15.51;-17.12;-18.68;-20.11;-21.33;-23.28;-25.00;-26.08;-27.08;-27.64;-28.06;-28.51;-28.77;-28.55;-28.24;-28.40;-28.49;-28.14;-26.85;-24.50;-21.77;-20.37;-19.41;-17.93;-16.65;-15.35;-14.41;-13.49;-12.55;-11.32;-9.25;-6.25;-3.09;-1.19;0.03;0.50;0.30;

----------------------------------------------------------


