PatientInformation
==========================================================
PatientID;6703022
Name;???,Zhang Jin Long,
Date of Birth;
Sex;
Version;AutoStrainCap2 2.1.0.491925

Results
==========================================================
Global
----------------------------------------------------------
RVFWSL;-27.28;%
RV4CSL;-20.92;%
ED;0.00;ms
ES;351.40;ms

Curves
==========================================================
Longitudinal Strain
Unit [%]
Time [ms];0.00;8.23;16.46;24.69;32.92;41.15;49.38;57.61;65.84;74.07;82.30;90.53;98.76;106.98;115.21;123.44;131.67;139.90;148.13;156.36;164.59;172.82;181.05;189.28;197.51;205.74;213.97;222.20;230.43;238.66;246.89;255.12;263.35;271.58;279.81;288.04;296.27;304.50;312.72;320.95;329.18;337.41;345.64;353.87;362.10;370.33;378.56;386.79;395.02;403.25;411.48;419.71;427.94;436.17;444.40;452.63;460.86;469.09;477.32;485.55;493.78;502.01;510.24;518.47;526.69;534.92;543.15;551.38;559.61;567.84;576.07;584.30;592.53;600.76;608.99;617.22;625.45;633.68;641.91;650.14;658.37;
Basal;0.00;-0.25;-0.33;-2.71;-5.47;-6.90;-7.50;-7.70;-7.82;-8.27;-8.92;-9.80;-10.74;-11.81;-12.83;-13.80;-14.65;-15.35;-15.96;-16.53;-17.14;-17.86;-18.67;-19.52;-20.41;-21.26;-22.11;-22.90;-23.63;-24.26;-24.80;-25.24;-25.56;-25.76;-25.96;-26.25;-26.79;-27.71;-28.77;-29.74;-30.36;-30.43;-29.93;-28.94;-27.33;-25.21;-22.54;-19.49;-16.13;-12.57;-8.99;-5.59;-2.62;-0.26;1.53;2.90;3.87;4.48;4.82;5.01;5.12;5.15;5.14;5.05;4.89;4.59;4.25;3.92;3.68;3.57;3.53;3.50;3.43;3.21;3.03;3.00;3.26;3.95;4.50;4.39;3.03;
Mid;0.00;0.02;0.42;-1.25;-3.30;-4.50;-4.95;-5.02;-5.11;-5.65;-6.48;-7.52;-8.58;-9.65;-10.62;-11.54;-12.39;-13.10;-13.78;-14.42;-15.05;-15.74;-16.44;-17.17;-17.96;-18.78;-19.63;-20.44;-21.19;-21.84;-22.40;-22.86;-23.22;-23.52;-23.77;-24.02;-24.28;-24.56;-24.82;-25.04;-25.20;-25.28;-25.13;-24.56;-23.50;-21.83;-19.67;-17.08;-14.22;-11.25;-8.28;-5.50;-3.10;-1.31;0.04;1.02;1.83;2.52;3.15;3.61;3.93;4.11;4.15;4.08;3.94;3.73;3.51;3.30;3.15;3.04;3.00;2.97;2.93;2.80;2.74;2.84;3.23;4.02;4.65;4.58;3.20;
Apical;0.00;-0.50;-0.86;-3.13;-5.64;-6.94;-7.47;-7.66;-7.83;-8.37;-9.14;-10.07;-10.99;-11.90;-12.71;-13.47;-14.22;-15.01;-15.82;-16.60;-17.32;-17.95;-18.54;-19.13;-19.77;-20.40;-21.06;-21.70;-22.31;-22.82;-23.26;-23.60;-23.86;-24.03;-24.15;-24.25;-24.38;-24.53;-24.71;-24.86;-24.94;-24.96;-24.77;-24.28;-23.37;-22.10;-20.37;-18.27;-15.87;-13.21;-10.49;-7.87;-5.57;-3.70;-2.20;-0.98;0.08;1.01;1.83;2.53;3.07;3.44;3.64;3.69;3.61;3.39;3.10;2.82;2.59;2.43;2.33;2.27;2.23;2.14;2.13;2.28;2.68;3.39;3.95;3.89;2.70;

----------------------------------------------------------


