PatientInformation
==========================================================
PatientID;No patientID
Name;,,
Date of Birth;
Sex;
Version;AutoStrainCap2 2.1.0.491925

Results
==========================================================
Global
----------------------------------------------------------
LaSr_ED;13.72;%
LaScd_ED;-11.00;%
LaSct_ED;-2.72;%
LaSr_AC;13.36;%
LaScd_AC;-10.71;%
LaSct_AC;-2.65;%
ED;0.00;ms
ES;330.93;ms
PreA;775.02;ms

Curves
==========================================================
Longitudinal Strain
Unit [%]
Time [ms];0.00;21.35;42.70;64.05;85.40;106.75;128.10;149.45;170.80;192.15;213.50;234.85;256.20;277.56;298.91;320.26;341.61;362.96;384.31;405.66;427.01;448.36;469.71;491.06;512.41;533.76;555.11;576.46;597.81;619.16;640.51;661.86;683.21;704.56;725.91;747.26;768.61;789.96;811.32;832.67;854.02;875.37;896.72;918.07;939.42;960.77;982.12;1003.47;1024.82;1046.17;1067.52;1088.87;1110.22;1131.57;1152.92;1174.27;1195.62;
LAS_ED;0.00;0.13;1.11;1.49;2.29;4.18;6.23;7.30;8.01;8.93;9.96;11.15;12.26;12.96;13.37;13.67;13.66;13.27;13.39;13.31;13.05;12.53;11.01;7.84;4.39;1.71;0.28;-0.10;0.16;0.29;0.42;0.65;0.87;1.16;1.45;2.06;2.65;2.75;2.86;3.27;3.67;3.77;3.92;4.27;4.66;4.45;4.23;4.06;3.80;3.70;3.24;2.28;1.14;0.13;-0.19;0.94;1.63;
LAS_AC;-2.58;-2.45;-1.50;-1.13;-0.35;1.49;3.49;4.53;5.22;6.12;7.12;8.28;9.36;10.04;10.44;10.73;10.73;10.35;10.46;10.38;10.13;9.62;8.14;5.06;1.70;-0.91;-2.31;-2.68;-2.42;-2.30;-2.18;-1.95;-1.73;-1.45;-1.17;-0.57;0.00;0.10;0.21;0.61;0.99;1.09;1.23;1.58;1.96;1.76;1.53;1.37;1.12;1.03;0.57;-0.36;-1.48;-2.45;-2.77;-1.66;-1.00;

----------------------------------------------------------


