PatientInformation
==========================================================
PatientID;No patientID
Name;,,
Date of Birth;
Sex;
Version;AutoStrainCap2 2.1.0.491925

Results
==========================================================
Global
----------------------------------------------------------
RVFWSL;-24.37;%
RV4CSL;-20.05;%
ED;0.00;ms
ES;362.41;ms

Curves
==========================================================
Longitudinal Strain
Unit [%]
Time [ms];0.00;10.12;20.25;30.37;40.49;50.62;60.74;70.86;80.99;91.11;101.23;111.36;121.48;131.60;141.72;151.85;161.97;172.09;182.22;192.34;202.46;212.59;222.71;232.83;242.96;253.08;263.20;273.33;283.45;293.57;303.70;313.82;323.94;334.07;344.19;354.31;364.44;374.56;384.68;394.80;404.93;415.05;425.17;435.30;445.42;455.54;465.67;475.79;485.91;496.04;506.16;516.28;526.41;536.53;546.65;556.78;566.90;577.02;587.15;597.27;607.39;617.52;627.64;637.76;647.88;658.01;668.13;678.25;688.38;698.50;708.62;718.75;728.87;738.99;749.12;759.24;769.36;779.49;789.61;799.73;809.86;819.98;830.10;840.23;850.35;860.47;870.60;880.72;890.84;900.96;911.09;921.21;931.33;941.46;951.58;961.70;971.83;981.95;992.07;1002.20;1012.32;1022.44;1032.57;1042.69;1052.81;1062.94;1073.06;1083.18;1093.31;1103.43;1113.55;1123.68;1133.80;1143.92;1154.04;1164.17;1174.29;1184.41;1194.54;1204.66;
Basal;0.00;-0.35;-0.48;-0.73;-1.08;-1.62;-1.91;-2.98;-4.09;-5.28;-6.42;-7.48;-8.51;-9.25;-10.01;-10.68;-11.37;-12.03;-12.76;-13.54;-14.39;-15.25;-16.14;-17.04;-17.96;-18.76;-19.53;-20.24;-20.89;-21.44;-21.94;-22.47;-22.93;-23.27;-23.47;-23.54;-23.43;-23.10;-22.63;-22.09;-21.51;-20.93;-20.40;-19.96;-19.57;-19.15;-18.70;-18.17;-17.59;-17.14;-16.59;-15.90;-15.18;-14.40;-13.65;-13.00;-12.40;-11.79;-11.23;-10.69;-10.11;-9.60;-9.05;-8.58;-8.13;-7.79;-7.50;-7.34;-7.23;-7.22;-7.24;-7.29;-7.35;-7.44;-7.52;-7.59;-7.63;-7.66;-7.66;-7.66;-7.64;-7.62;-7.60;-7.61;-7.62;-7.71;-7.80;-7.91;-8.00;-8.08;-8.11;-8.10;-8.05;-8.01;-7.96;-7.97;-7.99;-8.17;-8.30;-8.39;-8.31;-8.01;-7.40;-6.33;-5.02;-3.54;-2.08;-0.62;0.50;1.44;1.98;2.33;2.48;2.40;2.30;1.97;1.72;1.35;0.97;0.58;
Mid;0.00;0.03;0.09;-0.01;-0.32;-1.13;-2.69;-4.08;-5.21;-6.32;-7.35;-8.34;-9.37;-10.27;-11.24;-12.15;-13.03;-13.85;-14.58;-15.37;-16.08;-16.76;-17.47;-18.25;-19.19;-20.22;-21.38;-22.56;-23.71;-24.72;-25.55;-26.22;-26.68;-26.94;-27.06;-27.08;-27.03;-26.96;-26.87;-26.77;-26.67;-26.54;-26.42;-26.19;-25.91;-25.54;-25.06;-24.41;-23.53;-22.19;-20.68;-19.07;-17.45;-15.84;-14.45;-13.48;-12.74;-12.06;-11.47;-10.97;-10.48;-10.04;-9.62;-9.32;-9.08;-8.94;-8.87;-8.92;-9.02;-9.17;-9.33;-9.51;-9.68;-9.81;-9.92;-9.99;-10.04;-10.07;-10.07;-10.06;-10.03;-10.01;-9.97;-9.96;-9.95;-10.00;-10.06;-10.13;-10.18;-10.22;-10.22;-10.19;-10.12;-10.07;-10.01;-10.01;-10.02;-10.14;-10.23;-10.27;-10.17;-9.88;-9.36;-8.55;-7.55;-6.39;-5.19;-3.98;-2.91;-1.90;-1.10;-0.45;0.04;0.34;0.56;0.61;0.62;0.52;0.37;0.18;
Apical;0.00;-0.71;-1.13;-1.53;-2.00;-2.61;-3.25;-4.28;-5.29;-6.30;-7.27;-8.22;-9.21;-10.20;-11.25;-12.25;-13.25;-14.17;-15.01;-15.71;-16.30;-16.84;-17.36;-17.90;-18.49;-18.98;-19.51;-20.01;-20.46;-20.81;-21.06;-21.47;-21.78;-21.99;-22.09;-22.10;-22.03;-21.83;-21.58;-21.30;-21.02;-20.75;-20.50;-20.28;-20.06;-19.79;-19.43;-18.95;-18.38;-17.86;-17.20;-16.37;-15.48;-14.52;-13.55;-12.71;-11.89;-11.12;-10.44;-9.87;-9.40;-9.02;-8.73;-8.56;-8.45;-8.43;-8.43;-8.49;-8.57;-8.69;-8.81;-8.94;-9.07;-9.17;-9.27;-9.33;-9.38;-9.40;-9.40;-9.39;-9.37;-9.34;-9.31;-9.30;-9.29;-9.34;-9.39;-9.45;-9.50;-9.53;-9.54;-9.50;-9.44;-9.39;-9.33;-9.33;-9.34;-9.47;-9.56;-9.61;-9.53;-9.27;-8.77;-7.93;-6.87;-5.65;-4.38;-3.08;-1.92;-0.91;-0.09;0.60;1.15;1.51;1.77;1.88;1.90;1.71;1.36;0.83;

----------------------------------------------------------


