PatientInformation
==========================================================
PatientID;No patientID
Name;,,
Date of Birth;
Sex;
Version;AutoStrainCap2 2.1.0.491925

Results
==========================================================
Global
----------------------------------------------------------
LaSr_ED;36.46;%
LaScd_ED;-31.12;%
LaSct_ED;-5.34;%
LaSr_AC;34.57;%
LaScd_AC;-29.50;%
LaSct_AC;-5.07;%
ED;0.00;ms
ES;354.42;ms
PreA;553.41;ms

Curves
==========================================================
Longitudinal Strain
Unit [%]
Time [ms];0.00;9.90;19.80;29.70;39.60;49.50;59.40;69.30;79.20;89.10;99.00;108.90;118.80;128.70;138.60;148.50;158.40;168.30;178.20;188.10;198.00;207.90;217.80;227.70;237.60;247.50;257.40;267.30;277.20;287.10;297.00;306.90;316.80;326.70;336.60;346.50;356.40;366.30;376.20;386.10;396.00;405.90;415.80;425.70;435.60;445.50;455.40;465.30;475.20;485.10;495.00;504.90;514.80;524.70;534.60;544.50;554.40;564.30;574.20;584.10;594.00;603.90;613.80;623.70;633.60;643.50;653.40;663.30;673.20;683.10;693.00;702.90;712.80;722.70;732.60;742.50;
LAS_ED;0.00;0.63;1.17;2.25;3.85;6.03;8.44;10.75;13.05;15.17;17.00;18.58;20.00;21.66;23.19;24.78;25.78;26.72;27.32;27.71;27.90;27.93;28.15;28.29;28.66;29.21;29.95;30.61;31.33;31.85;32.55;32.77;33.51;34.33;35.50;36.15;36.40;35.06;33.27;30.79;28.72;26.28;24.07;21.40;18.96;16.19;13.36;10.50;8.50;6.70;5.66;4.92;4.07;3.59;3.46;4.45;5.47;6.93;6.87;6.83;6.28;5.59;4.92;4.45;4.80;4.89;4.65;2.97;1.25;-0.01;-0.04;0.46;1.06;0.33;-0.46;-0.83;
LAS_AC;-5.19;-4.60;-4.08;-3.06;-1.54;0.53;2.82;5.00;7.19;9.19;10.93;12.42;13.78;15.34;16.80;18.31;19.26;20.15;20.72;21.09;21.27;21.29;21.50;21.63;21.98;22.50;23.20;23.83;24.52;25.01;25.67;25.88;26.58;27.36;28.46;29.08;29.32;28.06;26.36;24.00;22.04;19.73;17.63;15.10;12.79;10.16;7.48;4.77;2.87;1.17;0.18;-0.52;-1.33;-1.79;-1.91;-0.97;0.00;1.38;1.33;1.29;0.77;0.11;-0.52;-0.97;-0.64;-0.55;-0.78;-2.38;-4.00;-5.20;-5.23;-4.75;-4.19;-4.87;-5.62;-5.98;

----------------------------------------------------------


