PatientInformation
==========================================================
PatientID;No patientID
Name;,,
Date of Birth;
Sex;
Version;AutoStrainCap2 2.1.0.491925

Results
==========================================================
Global
----------------------------------------------------------
RVFWSL;-22.40;%
RV4CSL;-21.50;%
ED;0.00;ms
ES;388.42;ms

Curves
==========================================================
Longitudinal Strain
Unit [%]
Time [ms];0.00;8.91;17.82;26.73;35.64;44.54;53.45;62.36;71.27;80.18;89.09;98.00;106.91;115.81;124.72;133.63;142.54;151.45;160.36;169.27;178.18;187.08;195.99;204.90;213.81;222.72;231.63;240.54;249.45;258.36;267.26;276.17;285.08;293.99;302.90;311.81;320.72;329.63;338.53;347.44;356.35;365.26;374.17;383.08;391.99;400.90;409.80;418.71;427.62;436.53;445.44;454.35;463.26;472.17;481.08;489.98;498.89;507.80;516.71;525.62;534.53;543.44;552.35;561.25;570.16;579.07;587.98;596.89;605.80;614.71;623.62;632.52;641.43;650.34;659.25;668.16;677.07;685.98;694.89;
Basal;0.00;-0.67;-2.15;-3.75;-4.93;-5.16;-4.72;-3.99;-3.35;-3.19;-3.35;-3.69;-4.03;-4.29;-4.44;-4.55;-4.61;-4.68;-4.77;-4.95;-5.28;-7.23;-8.96;-10.08;-10.30;-9.30;-7.74;-6.20;-5.30;-5.60;-6.63;-7.91;-8.96;-9.33;-9.16;-8.58;-7.73;-6.69;-5.72;-5.01;-4.73;-5.19;-5.88;-6.46;-6.57;-5.90;-4.72;-3.29;-1.91;-0.83;0.16;1.27;2.67;4.56;6.63;8.47;9.48;8.94;7.50;5.84;4.65;4.56;5.16;6.02;6.72;6.86;6.57;6.00;5.33;4.72;4.20;3.74;3.31;2.68;2.07;1.51;1.19;0.74;0.48;
Mid;0.00;-1.25;-3.53;-6.00;-7.93;-8.57;-8.43;-7.98;-7.67;-7.97;-8.68;-9.58;-10.51;-11.26;-11.90;-12.50;-13.14;-13.97;-14.89;-15.87;-16.91;-18.56;-19.93;-20.77;-20.84;-20.08;-18.85;-17.68;-17.01;-17.29;-18.16;-19.29;-20.27;-20.84;-20.98;-20.78;-20.34;-19.72;-19.16;-18.84;-18.94;-19.76;-20.79;-21.70;-22.15;-21.80;-20.92;-19.73;-18.50;-17.39;-16.30;-15.11;-13.69;-11.92;-9.91;-7.98;-6.55;-6.12;-6.29;-6.57;-6.44;-5.46;-3.96;-2.26;-0.74;0.26;0.82;1.05;1.06;0.97;0.84;0.67;0.46;-0.02;-0.46;-0.78;-0.68;-0.63;-0.22;
Apical;0.00;-1.11;-3.20;-5.49;-7.40;-8.48;-8.98;-9.27;-9.74;-10.75;-12.16;-13.79;-15.45;-16.91;-18.28;-19.63;-21.03;-22.60;-24.23;-25.88;-27.53;-28.84;-29.90;-30.50;-30.47;-29.79;-28.75;-27.77;-27.25;-27.66;-28.61;-29.78;-30.81;-31.50;-31.82;-31.88;-31.80;-31.62;-31.52;-31.60;-31.97;-32.96;-34.12;-35.28;-36.21;-36.47;-36.26;-35.72;-35.05;-34.24;-33.16;-31.65;-29.69;-27.26;-24.61;-22.10;-20.12;-19.16;-18.70;-18.29;-17.50;-15.93;-13.90;-11.70;-9.64;-8.03;-6.81;-5.89;-5.20;-4.72;-4.31;-3.96;-3.66;-3.59;-3.49;-3.28;-2.67;-1.95;-0.89;

----------------------------------------------------------


