PatientInformation
==========================================================
PatientID;No patientID
Name;,,
Date of Birth;
Sex;
Version;AutoStrainCap2 2.1.0.491925

Results
==========================================================
Global
----------------------------------------------------------
LaSr_ED;16.64;%
LaScd_ED;-15.35;%
LaSct_ED;-1.29;%
LaSr_AC;16.50;%
LaScd_AC;-15.22;%
LaSct_AC;-1.28;%
ED;0.00;ms
ES;435.13;ms
PreA;627.16;ms

Curves
==========================================================
Longitudinal Strain
Unit [%]
Time [ms];0.00;20.43;40.86;61.29;81.72;102.14;122.57;143.00;163.43;183.86;204.29;224.72;245.15;265.57;286.00;306.43;326.86;347.29;367.72;388.15;408.58;429.00;449.43;469.86;490.29;510.72;531.15;551.58;572.01;592.44;612.86;633.29;653.72;674.15;694.58;715.01;735.44;755.87;776.29;796.72;
LAS_ED;0.00;-1.02;-0.32;0.20;0.96;2.53;4.06;4.69;5.35;6.91;8.60;9.54;10.30;11.34;12.46;13.47;14.34;15.06;15.60;15.95;16.24;16.61;16.43;15.17;13.10;10.45;7.61;4.94;3.02;2.49;2.16;0.83;-0.64;-1.34;-1.74;-2.21;-2.47;-2.18;-1.38;-0.09;
LAS_AC;-0.82;-1.84;-1.15;-0.62;0.13;1.68;3.20;3.82;4.49;6.03;7.71;8.64;9.39;10.42;11.53;12.53;13.40;14.11;14.65;14.99;15.28;15.64;15.47;14.22;12.17;9.54;6.72;4.07;2.17;1.64;1.31;0.00;-1.45;-2.15;-2.55;-3.02;-3.27;-2.99;-2.19;-0.92;

----------------------------------------------------------


