PatientInformation
==========================================================
PatientID;No patientID
Name;,,
Date of Birth;
Sex;
Version;AutoStrainCap2 2.1.0.491925

Results
==========================================================
Global
----------------------------------------------------------
RVFWSL;-18.70;%
RV4CSL;-12.63;%
ED;0.00;ms
ES;232.73;ms

Curves
==========================================================
Longitudinal Strain
Unit [%]
Time [ms];0.00;8.52;17.05;25.57;34.10;42.62;51.15;59.67;68.20;76.72;85.25;93.77;102.30;110.82;119.35;127.87;136.40;144.92;153.45;161.97;170.50;179.02;187.55;196.07;204.60;213.12;221.64;230.17;238.69;247.22;255.74;264.27;272.79;281.32;289.84;298.37;306.89;315.42;323.94;332.47;340.99;349.52;358.04;366.57;375.09;383.62;392.14;400.67;409.19;417.72;426.24;434.77;443.29;451.81;460.34;468.86;477.39;485.91;494.44;502.96;511.49;520.01;528.54;537.06;545.59;554.11;562.64;571.16;579.69;588.21;596.74;605.26;613.79;622.31;630.84;639.36;647.89;656.41;664.93;673.46;681.98;690.51;699.03;707.56;716.08;724.61;733.13;741.66;750.18;758.71;767.23;775.76;784.28;792.81;801.33;809.86;818.38;826.91;835.43;843.96;852.48;861.01;869.53;878.05;886.58;895.10;903.63;912.15;920.68;929.20;937.73;946.25;954.78;963.30;971.83;980.35;988.88;997.40;1005.93;1014.45;1022.98;1031.50;1040.03;1048.55;1057.08;1065.60;1074.13;1082.65;1091.17;1099.70;1108.22;1116.75;1125.27;1133.80;1142.32;1150.85;1159.37;1167.90;
Basal;0.00;-1.86;-3.74;-5.31;-6.20;-6.14;-4.62;-4.24;-4.85;-6.07;-7.72;-9.52;-11.31;-13.20;-14.93;-16.55;-18.03;-19.48;-20.79;-22.19;-23.47;-24.72;-25.83;-26.80;-27.59;-28.06;-28.36;-28.49;-28.50;-28.42;-28.25;-28.08;-27.81;-27.49;-27.07;-26.52;-26.10;-25.27;-24.44;-23.57;-22.73;-22.05;-21.50;-21.37;-21.36;-21.44;-21.54;-21.45;-21.32;-20.43;-19.32;-17.97;-16.47;-14.90;-13.49;-12.74;-12.09;-11.24;-10.21;-8.87;-7.16;-5.21;-3.00;-0.76;1.39;3.23;4.81;5.88;6.68;6.98;7.15;6.91;6.79;6.17;5.72;5.15;4.62;4.18;3.69;3.42;3.11;2.95;2.78;2.70;2.63;2.60;2.60;2.67;2.78;3.02;3.31;3.70;4.13;4.60;5.06;5.41;5.74;5.85;5.91;5.81;5.62;5.36;5.00;4.64;4.20;3.76;3.29;2.80;2.29;1.77;1.27;0.85;0.55;0.38;0.45;0.68;1.12;1.65;2.24;2.81;3.30;3.69;3.94;4.09;4.15;4.11;4.01;3.82;3.61;3.38;3.15;2.95;2.80;2.70;2.60;2.39;1.97;1.19;
Mid;0.00;-1.59;-2.95;-3.82;-3.97;-3.07;-0.93;0.11;0.27;-0.16;-0.97;-1.98;-2.91;-4.26;-5.39;-6.38;-7.23;-7.89;-8.44;-8.74;-8.97;-9.11;-9.23;-9.34;-9.52;-9.87;-10.27;-10.69;-11.07;-11.41;-11.73;-11.93;-12.11;-12.23;-12.27;-12.24;-12.16;-12.03;-11.74;-11.42;-11.12;-10.92;-10.97;-11.18;-11.63;-12.22;-12.86;-13.52;-14.17;-14.63;-14.88;-14.86;-14.56;-13.95;-13.01;-11.75;-10.23;-8.48;-6.56;-4.53;-2.37;-0.80;0.78;2.23;3.51;4.59;5.28;5.79;5.90;5.77;5.47;4.97;4.64;4.02;3.66;3.25;2.90;2.60;2.23;2.03;1.77;1.58;1.41;1.29;1.22;1.16;1.17;1.24;1.39;1.64;2.00;2.47;3.03;3.62;4.18;4.66;4.99;5.10;5.03;4.82;4.53;4.16;3.81;3.49;3.22;2.95;2.68;2.40;2.07;1.73;1.38;1.10;0.92;0.88;1.03;1.30;1.75;2.29;2.86;3.43;3.89;4.26;4.49;4.60;4.60;4.51;4.34;4.09;3.80;3.50;3.21;2.95;2.77;2.68;2.61;2.43;2.02;1.27;
Apical;0.00;-1.45;-2.78;-3.67;-3.83;-2.96;-0.93;-0.12;-0.33;-1.12;-2.27;-3.60;-4.69;-6.16;-7.28;-8.30;-9.25;-10.14;-11.04;-12.08;-13.15;-14.20;-15.20;-16.03;-16.62;-16.52;-16.16;-15.68;-15.14;-14.64;-14.22;-14.04;-13.96;-13.93;-13.88;-13.82;-13.74;-13.74;-13.57;-13.37;-13.19;-13.02;-13.08;-13.03;-13.19;-13.36;-13.51;-13.67;-13.63;-13.37;-12.78;-12.01;-10.99;-9.79;-8.43;-7.84;-7.14;-6.28;-5.27;-4.09;-2.72;-1.35;0.13;1.59;2.96;4.15;5.08;5.81;6.27;6.46;6.49;6.34;6.18;5.80;5.47;5.10;4.75;4.44;4.13;3.85;3.59;3.37;3.18;3.01;2.87;2.70;2.59;2.52;2.55;2.68;2.95;3.35;3.85;4.39;4.91;5.35;5.65;5.79;5.77;5.62;5.39;5.11;4.82;4.57;4.33;4.10;3.86;3.58;3.27;2.88;2.48;2.11;1.82;1.65;1.65;1.79;2.09;2.49;2.94;3.38;3.76;4.09;4.31;4.43;4.47;4.43;4.32;4.15;3.94;3.70;3.45;3.22;3.02;2.87;2.70;2.42;1.93;1.15;

----------------------------------------------------------


