PatientInformation
==========================================================
PatientID;No patientID
Name;,,
Date of Birth;
Sex;
Version;AutoStrainCap2 2.1.0.491925

Results
==========================================================
Global
----------------------------------------------------------
LaSr_ED;20.05;%
LaScd_ED;-13.86;%
LaSct_ED;-6.19;%
LaSr_AC;18.86;%
LaScd_AC;-13.04;%
LaSct_AC;-5.82;%
ED;0.00;ms
ES;357.48;ms
PreA;556.17;ms

Curves
==========================================================
Longitudinal Strain
Unit [%]
Time [ms];0.00;8.87;17.74;26.61;35.48;44.35;53.22;62.09;70.96;79.83;88.70;97.57;106.44;115.32;124.19;133.06;141.93;150.80;159.67;168.54;177.41;186.28;195.15;204.02;212.89;221.76;230.63;239.50;248.37;257.24;266.11;274.98;283.85;292.72;301.59;310.46;319.33;328.20;337.08;345.95;354.82;363.69;372.56;381.43;390.30;399.17;408.04;416.91;425.78;434.65;443.52;452.39;461.26;470.13;479.00;487.87;496.74;505.61;514.48;523.35;532.22;541.09;549.96;558.84;567.71;576.58;585.45;594.32;603.19;612.06;620.93;629.80;638.67;647.54;656.41;665.28;674.15;683.02;691.89;700.76;709.63;718.50;727.37;736.24;745.11;
LAS_ED;0.00;-4.09;-8.32;-6.54;-2.40;-0.64;0.34;0.69;1.01;1.70;2.73;3.82;4.81;5.76;6.54;7.30;8.04;8.51;9.04;9.46;10.00;10.23;10.68;11.09;11.74;12.41;13.20;13.99;14.67;15.27;15.74;16.06;16.44;16.66;17.03;17.40;17.86;18.44;19.04;19.56;20.02;19.96;19.85;19.49;18.92;18.18;17.16;15.89;14.36;12.69;11.03;9.51;8.48;7.49;6.98;6.63;6.44;6.13;5.90;5.77;5.73;5.84;6.02;6.27;6.54;6.74;6.92;7.03;7.11;7.36;7.51;7.50;7.27;6.52;5.60;4.54;3.46;2.06;0.78;-0.61;-1.42;-3.70;-4.66;-5.33;-3.38;
LAS_AC;-5.90;-9.75;-13.73;-12.05;-8.16;-6.50;-5.57;-5.24;-4.94;-4.29;-3.33;-2.30;-1.37;-0.47;0.26;0.97;1.67;2.11;2.61;3.00;3.51;3.73;4.15;4.54;5.15;5.78;6.53;7.27;7.91;8.47;8.91;9.22;9.58;9.79;10.13;10.48;10.92;11.46;12.03;12.51;12.95;12.89;12.78;12.44;11.91;11.21;10.25;9.06;7.62;6.04;4.49;3.05;2.08;1.15;0.68;0.34;0.17;-0.12;-0.35;-0.46;-0.51;-0.40;-0.23;0.00;0.26;0.45;0.61;0.72;0.79;1.03;1.17;1.16;0.94;0.24;-0.63;-1.62;-2.64;-3.96;-5.16;-6.47;-7.23;-9.38;-10.28;-10.91;-9.07;

----------------------------------------------------------


