PatientInformation
==========================================================
PatientID;No patientID
Name;,,
Date of Birth;
Sex;
Version;AutoStrainCap2 2.1.0.491925

Results
==========================================================
Global
----------------------------------------------------------
RVFWSL;-40.92;%
RV4CSL;-31.17;%
ED;0.00;ms
ES;289.68;ms

Curves
==========================================================
Longitudinal Strain
Unit [%]
Time [ms];0.00;8.23;16.46;24.69;32.92;41.15;49.38;57.61;65.84;74.07;82.30;90.53;98.76;106.98;115.21;123.44;131.67;139.90;148.13;156.36;164.59;172.82;181.05;189.28;197.51;205.74;213.97;222.20;230.43;238.66;246.89;255.12;263.35;271.58;279.81;288.04;296.27;304.50;312.72;320.95;329.18;337.41;345.64;353.87;362.10;370.33;378.56;386.79;395.02;403.25;411.48;419.71;427.94;436.17;444.40;452.63;460.86;469.09;477.32;485.55;493.78;502.01;510.24;518.46;526.69;534.92;543.15;551.38;559.61;567.84;576.07;584.30;592.53;600.76;608.99;617.22;625.45;633.68;641.91;650.14;658.37;666.60;674.83;683.06;691.29;699.52;707.75;715.98;724.20;732.43;740.66;748.89;757.12;765.35;773.58;781.81;790.04;
Basal;0.00;-1.15;-2.33;-4.11;-5.75;-6.88;-7.70;-8.25;-8.74;-9.10;-9.57;-10.19;-10.97;-12.34;-13.84;-15.45;-17.05;-18.59;-20.10;-21.62;-23.23;-24.84;-26.50;-28.11;-29.58;-30.90;-32.03;-33.01;-33.86;-34.67;-35.33;-35.97;-36.61;-37.36;-38.02;-38.43;-38.44;-37.89;-36.86;-35.52;-34.10;-32.83;-31.70;-30.62;-29.48;-28.10;-26.57;-24.94;-23.39;-22.11;-20.95;-19.75;-18.39;-16.81;-15.18;-13.67;-12.47;-11.69;-11.29;-11.15;-11.21;-11.39;-11.61;-11.80;-11.84;-11.64;-11.25;-10.77;-10.23;-9.79;-9.37;-8.99;-8.72;-8.52;-8.42;-8.36;-8.29;-8.17;-8.00;-7.79;-7.48;-7.11;-6.63;-6.03;-5.40;-4.51;-3.61;-2.59;-1.59;-0.74;0.01;0.65;1.14;1.57;1.77;1.63;1.04;
Mid;0.00;-0.58;-1.76;-4.55;-7.23;-8.72;-9.63;-10.25;-10.91;-11.81;-12.92;-14.11;-15.25;-16.49;-17.62;-18.76;-19.92;-21.11;-22.34;-23.58;-24.86;-26.01;-27.16;-28.27;-29.29;-30.25;-31.14;-31.99;-32.87;-33.93;-34.90;-35.89;-36.88;-37.91;-38.74;-39.18;-38.99;-37.83;-36.05;-34.01;-32.13;-30.90;-30.05;-29.33;-28.54;-27.29;-25.82;-24.22;-22.66;-21.35;-20.16;-18.98;-17.75;-16.54;-15.35;-14.27;-13.35;-12.58;-11.99;-11.53;-11.14;-10.69;-10.24;-9.81;-9.45;-9.30;-9.18;-9.05;-8.83;-8.54;-8.19;-7.85;-7.57;-7.35;-7.22;-7.12;-7.04;-6.94;-6.84;-6.71;-6.60;-6.48;-6.33;-6.03;-5.62;-4.88;-4.02;-3.04;-2.01;-1.10;-0.27;0.35;0.78;0.91;0.82;0.45;-0.01;
Apical;0.00;-0.96;-1.98;-4.31;-6.50;-8.07;-9.33;-10.37;-11.44;-12.63;-13.94;-15.23;-16.34;-17.44;-18.34;-19.21;-20.16;-21.28;-22.59;-24.03;-25.57;-26.99;-28.42;-29.83;-31.20;-32.61;-33.98;-35.34;-36.74;-38.30;-39.29;-40.28;-41.24;-42.29;-43.09;-43.46;-43.21;-42.14;-40.53;-38.69;-36.99;-35.77;-34.91;-34.20;-33.44;-32.28;-30.91;-29.41;-27.91;-26.70;-25.54;-24.38;-23.16;-21.85;-20.54;-19.34;-18.30;-17.34;-16.56;-15.88;-15.28;-14.65;-14.06;-13.50;-12.99;-12.61;-12.25;-11.90;-11.53;-11.23;-10.92;-10.64;-10.43;-10.28;-10.22;-10.20;-10.21;-10.22;-10.23;-10.22;-10.19;-10.08;-9.88;-9.50;-8.96;-8.13;-7.12;-5.94;-4.65;-3.43;-2.26;-1.25;-0.43;0.23;0.66;0.76;0.37;

----------------------------------------------------------


