PatientInformation
==========================================================
PatientID;No patientID
Name;,,
Date of Birth;
Sex;
Version;AutoStrainCap2 2.1.0.491925

Results
==========================================================
Global
----------------------------------------------------------
LaSr_ED;35.18;%
LaScd_ED;-13.63;%
LaSct_ED;-21.55;%
LaSr_AC;28.94;%
LaScd_AC;-11.21;%
LaSct_AC;-17.72;%
ED;0.00;ms
ES;300.41;ms
PreA;579.36;ms

Curves
==========================================================
Longitudinal Strain
Unit [%]
Time [ms];0.00;19.51;39.01;58.52;78.03;97.54;117.04;136.55;156.06;175.56;195.07;214.58;234.09;253.59;273.10;292.61;312.12;331.62;351.13;370.64;390.14;409.65;429.16;448.67;468.17;487.68;507.19;526.69;546.20;565.71;585.22;604.72;624.23;643.74;663.24;682.75;702.26;721.77;741.27;760.78;780.29;799.80;819.30;838.81;
LAS_ED;0.00;-0.28;1.96;3.93;6.54;9.52;13.03;17.72;22.28;25.21;27.33;28.95;30.55;32.41;34.11;35.08;35.07;34.44;33.48;33.15;32.86;31.97;30.77;29.21;27.68;25.85;24.23;23.03;22.23;21.70;21.57;22.00;22.76;23.23;24.01;25.08;25.15;22.69;17.99;10.76;3.96;0.56;-0.99;-1.72;
LAS_AC;-17.74;-17.97;-16.13;-14.51;-12.36;-9.91;-7.02;-3.16;0.59;3.00;4.74;6.08;7.39;8.92;10.32;11.12;11.11;10.59;9.80;9.53;9.29;8.56;7.57;6.29;5.03;3.52;2.19;1.20;0.55;0.11;0.00;0.36;0.98;1.37;2.01;2.89;2.95;0.92;-2.94;-8.89;-14.48;-17.28;-18.56;-19.16;

----------------------------------------------------------


