PatientInformation
==========================================================
PatientID;No patientID
Name;,,
Date of Birth;
Sex;
Version;AutoStrainCap2 2.1.0.491925

Results
==========================================================
Global
----------------------------------------------------------
RVFWSL;-21.14;%
RV4CSL;-19.47;%
ED;0.00;ms
ES;282.85;ms

Curves
==========================================================
Longitudinal Strain
Unit [%]
Time [ms];0.00;19.51;39.01;58.52;78.03;97.54;117.04;136.55;156.06;175.56;195.07;214.58;234.09;253.59;273.10;292.61;312.12;331.62;351.13;370.64;390.14;409.65;429.16;448.67;468.17;487.68;507.19;526.69;546.20;565.71;585.22;604.72;624.23;643.74;663.24;682.75;702.26;721.77;741.27;760.78;780.29;799.80;819.30;838.81;
Basal;0.00;-0.57;-1.37;-2.78;-4.88;-8.00;-10.96;-12.26;-12.99;-14.41;-15.84;-17.08;-18.08;-18.77;-19.14;-18.98;-18.80;-18.85;-19.90;-21.04;-21.82;-21.19;-19.64;-17.50;-15.55;-15.23;-15.44;-15.09;-14.74;-14.81;-14.49;-13.58;-12.42;-11.71;-10.43;-7.61;-3.98;0.04;3.63;6.65;8.01;6.04;3.34;1.63;
Mid;0.00;-1.66;-3.46;-5.34;-7.56;-10.55;-13.30;-14.58;-15.26;-16.40;-17.43;-18.12;-18.61;-19.04;-19.26;-18.89;-18.47;-18.30;-18.92;-19.40;-19.35;-17.62;-15.18;-12.95;-11.08;-10.47;-10.48;-10.39;-10.47;-10.92;-10.92;-10.23;-9.21;-8.49;-7.35;-5.18;-2.48;0.26;2.57;4.35;4.98;3.75;2.16;1.33;
Apical;0.00;-2.54;-4.70;-6.69;-9.15;-12.57;-15.91;-17.96;-19.48;-21.32;-22.78;-23.50;-23.76;-24.04;-24.13;-23.79;-23.18;-22.43;-22.17;-21.40;-20.03;-17.74;-15.24;-13.31;-11.70;-10.71;-10.01;-9.50;-9.14;-9.08;-8.71;-7.97;-7.05;-6.44;-5.48;-3.58;-1.31;0.82;2.49;3.69;3.97;2.70;1.32;0.98;

----------------------------------------------------------


