PatientInformation
==========================================================
PatientID;No patientID
Name;,,
Date of Birth;
Sex;
Version;AutoStrainCap2 2.1.0.491925

Results
==========================================================
Global
----------------------------------------------------------
LaSr_ED;11.21;%
LaScd_ED;-14.36;%
LaSct_ED;3.15;%
LaSr_AC;11.59;%
LaScd_AC;-14.85;%
LaSct_AC;3.26;%
ED;0.00;ms
ES;392.85;ms
PreA;602.08;ms

Curves
==========================================================
Longitudinal Strain
Unit [%]
Time [ms];0.00;21.35;42.70;64.05;85.40;106.75;128.10;149.45;170.80;192.15;213.50;234.85;256.20;277.56;298.91;320.26;341.61;362.96;384.31;405.66;427.01;448.36;469.71;491.06;512.41;533.76;555.11;576.46;597.81;619.16;640.51;661.86;683.21;704.56;725.91;747.26;768.61;789.96;
LAS_ED;0.00;0.24;-1.14;-2.13;-2.01;-1.64;0.19;1.69;3.21;4.51;6.44;7.06;7.88;8.21;8.61;8.97;9.51;10.28;11.10;10.81;7.97;3.49;-0.71;-2.74;-4.35;-4.69;-4.12;-3.28;-3.29;-2.42;-2.93;-3.10;-2.18;-1.38;-1.49;-1.46;-1.27;-0.57;
LAS_AC;3.41;3.65;2.23;1.21;1.33;1.71;3.61;5.15;6.73;8.07;10.06;10.71;11.55;11.90;12.31;12.69;13.24;14.04;14.88;14.59;11.65;7.01;2.67;0.57;-1.10;-1.45;-0.86;0.02;0.00;0.91;0.37;0.20;1.15;1.98;1.87;1.89;2.09;2.82;

----------------------------------------------------------


