PatientInformation
==========================================================
PatientID;No patientID
Name;,,
Date of Birth;
Sex;
Version;AutoStrainCap2 2.1.0.491925

Results
==========================================================
Global
----------------------------------------------------------
RVFWSL;-28.74;%
RV4CSL;-22.00;%
ED;0.00;ms
ES;429.74;ms

Curves
==========================================================
Longitudinal Strain
Unit [%]
Time [ms];0.00;12.68;25.35;38.03;50.71;63.38;76.06;88.74;101.41;114.09;126.77;139.44;152.12;164.80;177.48;190.15;202.83;215.51;228.18;240.86;253.54;266.21;278.89;291.57;304.24;316.92;329.60;342.27;354.95;367.63;380.30;392.98;405.66;418.33;431.01;443.69;456.37;469.04;481.72;494.40;507.07;519.75;532.43;545.10;557.78;570.46;583.13;595.81;608.49;621.16;633.84;646.52;659.19;
Basal;0.00;-1.06;-3.44;-7.12;-10.30;-11.27;-11.41;-12.60;-13.89;-14.64;-15.14;-15.67;-16.71;-18.88;-21.28;-23.07;-24.37;-24.84;-25.56;-28.33;-31.07;-32.18;-32.89;-33.87;-34.76;-34.88;-34.88;-34.85;-35.19;-36.21;-37.49;-38.93;-39.73;-39.56;-38.89;-37.08;-34.68;-30.65;-26.35;-22.60;-19.39;-17.03;-14.42;-11.15;-8.09;-6.32;-5.28;-4.37;-3.57;-2.87;-2.41;-2.35;-1.90;
Mid;0.00;-0.63;-2.13;-4.44;-6.41;-6.98;-6.97;-7.68;-8.46;-8.97;-9.30;-9.59;-10.25;-11.59;-13.08;-14.16;-14.86;-15.10;-15.60;-17.37;-19.17;-19.87;-20.31;-20.93;-21.54;-21.67;-21.79;-21.86;-22.25;-23.07;-24.05;-25.15;-25.79;-25.89;-25.63;-24.43;-22.90;-20.18;-17.43;-15.25;-13.47;-12.07;-10.39;-8.41;-6.49;-5.14;-4.24;-3.47;-2.79;-2.24;-1.86;-1.64;-1.17;
Apical;0.00;-0.37;-1.56;-3.74;-5.64;-6.00;-5.68;-6.30;-6.89;-7.16;-7.29;-7.36;-7.75;-8.94;-10.24;-11.08;-11.52;-11.54;-11.95;-13.55;-15.31;-15.83;-16.13;-16.65;-17.20;-17.04;-17.06;-16.97;-17.22;-17.81;-18.35;-19.02;-19.25;-19.06;-18.42;-17.32;-15.92;-13.35;-11.03;-9.24;-7.73;-6.70;-5.35;-3.81;-2.38;-1.69;-1.38;-1.13;-0.92;-0.76;-0.73;-0.92;-0.91;

----------------------------------------------------------


