PatientInformation
==========================================================
PatientID;No patientID
Name;,,
Date of Birth;
Sex;
Version;AutoStrainCap2 2.1.0.491925

Results
==========================================================
Global
----------------------------------------------------------
LaSr_ED;36.01;%
LaScd_ED;-21.30;%
LaSct_ED;-14.71;%
LaSr_AC;31.42;%
LaScd_AC;-18.58;%
LaSct_AC;-12.84;%
ED;0.00;ms
ES;400.44;ms
PreA;631.57;ms

Curves
==========================================================
Longitudinal Strain
Unit [%]
Time [ms];0.00;10.14;20.28;30.41;40.55;50.69;60.83;70.96;81.10;91.24;101.38;111.51;121.65;131.79;141.93;152.06;162.20;172.34;182.48;192.61;202.75;212.89;223.03;233.16;243.30;253.44;263.58;273.72;283.85;293.99;304.13;314.27;324.40;334.54;344.68;354.82;364.95;375.09;385.23;395.37;405.50;415.64;425.78;435.92;446.05;456.19;466.33;476.47;486.60;496.74;506.88;517.02;527.16;537.29;547.43;557.57;567.71;577.84;587.98;598.12;608.26;618.39;628.53;638.67;648.81;658.94;669.08;679.22;689.36;699.49;709.63;719.77;729.91;740.04;750.18;760.32;770.46;780.60;790.73;800.87;811.01;821.15;831.28;841.42;851.56;
LAS_ED;0.00;-2.17;-4.55;-4.64;-3.37;-2.15;-0.86;0.41;1.83;2.82;3.98;5.21;6.73;8.50;10.47;12.44;14.33;16.16;17.86;19.56;21.26;22.78;24.32;25.79;27.14;28.35;29.39;30.28;31.11;31.76;32.36;32.86;33.18;33.53;33.78;34.05;34.52;35.02;35.61;35.96;35.92;35.18;33.81;31.93;29.70;26.81;23.88;20.96;18.45;16.65;15.44;14.55;14.14;13.46;13.11;12.93;12.86;13.06;13.30;13.61;13.96;14.28;14.63;14.90;15.20;15.27;15.37;15.41;15.49;15.34;15.16;14.83;14.34;13.90;13.27;12.15;10.77;8.14;5.47;2.76;0.60;-0.81;-1.41;-1.42;-0.82;
LAS_AC;-12.76;-14.66;-16.73;-16.81;-15.70;-14.64;-13.51;-12.41;-11.17;-10.30;-9.29;-8.22;-6.89;-5.35;-3.63;-1.91;-0.26;1.34;2.82;4.30;5.78;7.11;8.46;9.74;10.92;11.97;12.88;13.66;14.37;14.95;15.47;15.90;16.19;16.49;16.71;16.94;17.36;17.79;18.30;18.61;18.57;17.93;16.73;15.09;13.15;10.63;8.07;5.52;3.33;1.77;0.71;-0.07;-0.43;-1.02;-1.33;-1.48;-1.55;-1.37;-1.16;-0.88;-0.58;-0.30;0.00;0.23;0.50;0.56;0.65;0.68;0.75;0.62;0.46;0.18;-0.25;-0.63;-1.18;-2.16;-3.36;-5.66;-7.99;-10.36;-12.24;-13.47;-13.99;-14.00;-13.48;

----------------------------------------------------------


