PatientInformation
==========================================================
PatientID;No patientID
Name;,,
Date of Birth;
Sex;
Version;AutoStrainCap2 2.1.0.491925

Results
==========================================================
Global
----------------------------------------------------------
RVFWSL;-26.39;%
RV4CSL;-22.71;%
ED;0.00;ms
ES;305.71;ms

Curves
==========================================================
Longitudinal Strain
Unit [%]
Time [ms];0.00;10.36;20.73;31.09;41.45;51.82;62.18;72.54;82.91;93.27;103.63;114.00;124.36;134.72;145.08;155.45;165.81;176.17;186.54;196.90;207.26;217.63;227.99;238.35;248.72;259.08;269.44;279.81;290.17;300.53;310.90;321.26;331.62;341.99;352.35;362.71;373.08;383.44;393.80;404.16;414.53;424.89;435.25;445.62;455.98;466.34;476.71;487.07;497.43;507.80;518.16;528.52;538.89;549.25;559.61;569.98;580.34;590.70;601.07;611.43;621.79;632.16;642.52;652.88;663.24;673.61;683.97;694.33;704.70;715.06;725.42;735.79;746.15;756.51;766.88;777.24;787.60;797.97;808.33;818.69;829.06;839.42;849.78;860.15;870.51;
Basal;0.00;-0.25;-0.84;-2.05;-3.47;-4.94;-6.40;-7.82;-9.17;-10.43;-11.65;-12.89;-14.27;-15.79;-17.41;-19.00;-20.44;-21.62;-22.60;-23.47;-24.30;-25.27;-26.26;-27.24;-28.13;-28.89;-29.52;-30.01;-30.38;-30.63;-30.77;-30.81;-30.76;-30.63;-30.43;-30.18;-29.88;-29.56;-29.20;-28.80;-28.32;-27.72;-26.98;-26.07;-24.96;-23.71;-22.35;-20.92;-19.49;-18.07;-16.72;-15.45;-14.30;-13.28;-12.42;-11.73;-11.24;-11.03;-10.98;-10.99;-11.00;-10.86;-10.69;-10.56;-10.53;-10.72;-10.98;-11.15;-11.13;-10.77;-10.17;-9.39;-8.54;-7.78;-6.98;-6.07;-5.06;-3.75;-2.46;-1.32;-0.41;-0.06;0.07;0.04;-0.08;
Mid;0.00;-0.40;-1.00;-1.98;-3.05;-4.11;-5.12;-6.07;-6.96;-7.80;-8.64;-9.59;-10.75;-12.20;-13.82;-15.45;-16.98;-18.22;-19.28;-20.20;-21.05;-21.97;-22.87;-23.72;-24.44;-25.02;-25.47;-25.77;-25.94;-26.00;-25.94;-25.78;-25.53;-25.20;-24.79;-24.33;-23.84;-23.32;-22.77;-22.17;-21.52;-20.77;-19.89;-18.89;-17.75;-16.56;-15.33;-14.10;-12.94;-11.90;-10.98;-10.16;-9.45;-8.80;-8.27;-7.89;-7.68;-7.73;-7.91;-8.16;-8.43;-8.63;-8.79;-8.92;-9.02;-9.08;-9.08;-9.02;-8.90;-8.75;-8.49;-8.06;-7.41;-6.48;-5.39;-4.22;-3.13;-2.23;-1.51;-0.95;-0.49;-0.17;0.07;0.18;0.12;
Apical;0.00;-0.69;-1.48;-2.45;-3.39;-4.27;-5.05;-5.73;-6.33;-6.93;-7.57;-8.36;-9.40;-10.64;-12.09;-13.61;-15.06;-16.22;-17.18;-17.99;-18.69;-19.51;-20.27;-20.94;-21.46;-21.85;-22.13;-22.27;-22.28;-22.19;-22.01;-21.75;-21.40;-21.02;-20.58;-20.08;-19.54;-18.95;-18.31;-17.62;-16.88;-16.04;-15.07;-13.96;-12.69;-11.36;-9.99;-8.67;-7.48;-6.46;-5.65;-5.03;-4.59;-4.26;-4.05;-3.94;-3.91;-4.02;-4.17;-4.37;-4.61;-4.80;-5.01;-5.23;-5.46;-5.72;-5.98;-6.17;-6.26;-6.25;-6.09;-5.76;-5.26;-4.64;-3.90;-3.09;-2.30;-1.45;-0.74;-0.17;0.29;0.51;0.64;0.63;0.41;

----------------------------------------------------------


