PatientInformation
==========================================================
PatientID;5796412
Name;???,Chen Zhi Cheng,
Date of Birth;
Sex;
Version;AutoStrainCap2 2.1.0.491925

Results
==========================================================
Global
----------------------------------------------------------
GLS(3P);-5.53;%
GLS(4Ch);-7.02;%
GLS(2Ch);-7.05;%
GLS(3Ch);-2.51;%
ED;0.00;ms
ES;306.63;ms

Results
==========================================================
Longitudinal Strain
T2P
Minimum
----------------------------------------------------------
Segment 0 [mean];336.99;ms
----------------------------------------------------------
Segment 1 [ant];306.63;ms
Segment 2 [ant/sept];40.73;ms
Segment 3 [inf/sept];392.62;ms
Segment 4 [inf];267.03;ms
Segment 5 [inf/lat];428.83;ms
Segment 6 [ant/lat];400.54;ms
----------------------------------------------------------
Segment 7 [ant];315.68;ms
Segment 8 [ant/sept];27.16;ms
Segment 9 [inf/sept];439.01;ms
Segment 10 [inf];214.98;ms
Segment 11 [inf/lat];469.56;ms
Segment 12 [ant/lat];402.80;ms
----------------------------------------------------------
Segment 13 [ant];321.34;ms
Segment 14 [ant/sept];342.84;ms
Segment 15 [inf/sept];444.67;ms
Segment 16 [inf];302.10;ms
Segment 17 [inf/lat];504.64;ms
Segment 18 [ant/lat];444.67;ms
----------------------------------------------------------


Results
==========================================================
Longitudinal Strain
End-systolic

----------------------------------------------------------
Segment 0 [mean];-4.34;%
----------------------------------------------------------
Segment 1 [ant];-8.43;%
Segment 2 [ant/sept];6.13;%
Segment 3 [inf/sept];-4.32;%
Segment 4 [inf];-7.95;%
Segment 5 [inf/lat];-4.03;%
Segment 6 [ant/lat];-12.64;%
----------------------------------------------------------
Segment 7 [ant];-8.38;%
Segment 8 [ant/sept];2.67;%
Segment 9 [inf/sept];-7.98;%
Segment 10 [inf];-8.00;%
Segment 11 [inf/lat];-3.37;%
Segment 12 [ant/lat];-6.44;%
----------------------------------------------------------
Segment 13 [ant];-2.33;%
Segment 14 [ant/sept];-3.83;%
Segment 15 [inf/sept];-0.42;%
Segment 16 [inf];-6.47;%
Segment 17 [inf/lat];-2.37;%
Segment 18 [ant/lat];0.08;%
----------------------------------------------------------


Results
==========================================================
Longitudinal Strain
Peak-systolic

----------------------------------------------------------
Segment 0 [mean];-5.41;%
----------------------------------------------------------
Segment 1 [ant];-8.43;%
Segment 2 [ant/sept];-0.59;%
Segment 3 [inf/sept];-4.34;%
Segment 4 [inf];-13.87;%
Segment 5 [inf/lat];-4.03;%
Segment 6 [ant/lat];-12.64;%
----------------------------------------------------------
Segment 7 [ant];-8.38;%
Segment 8 [ant/sept];-1.33;%
Segment 9 [inf/sept];-8.06;%
Segment 10 [inf];-9.13;%
Segment 11 [inf/lat];-3.37;%
Segment 12 [ant/lat];-6.44;%
----------------------------------------------------------
Segment 13 [ant];-2.33;%
Segment 14 [ant/sept];-3.83;%
Segment 15 [inf/sept];-1.30;%
Segment 16 [inf];-6.52;%
Segment 17 [inf/lat];-2.37;%
Segment 18 [ant/lat];-0.42;%
----------------------------------------------------------


Curves
==========================================================
Longitudinal Strain
Unit [%]
Time [ms];0.00;11.31;22.63;33.94;45.26;56.57;67.89;79.20;90.52;101.83;113.15;124.46;135.78;147.09;158.41;169.72;181.04;192.35;203.67;214.98;226.29;237.61;248.92;260.24;271.55;282.87;294.18;305.50;316.81;328.13;339.44;350.76;362.07;373.39;384.70;396.02;407.33;418.64;429.96;441.27;452.59;463.90;475.22;486.53;497.85;509.16;520.48;531.79;543.11;554.42;565.74;577.05;588.37;599.68;
Total;0.00;0.02;-0.13;0.35;0.89;1.13;1.06;0.74;0.28;-0.08;-0.35;-0.66;-1.06;-1.41;-1.69;-1.94;-2.13;-2.27;-2.42;-2.58;-2.76;-2.99;-3.24;-3.47;-3.76;-4.10;-4.39;-4.48;-4.42;-4.34;-4.16;-3.93;-3.68;-3.49;-3.36;-3.30;-3.23;-3.16;-3.18;-3.16;-3.03;-2.88;-2.61;-2.30;-2.01;-1.68;-1.28;-0.93;-0.70;-0.50;-0.29;-0.21;-0.25;-0.18;
Segment 1;0.00;0.83;-0.31;0.55;2.00;2.37;1.87;1.34;0.88;0.79;0.90;0.81;0.57;0.05;-0.42;-0.68;-0.89;-1.24;-1.58;-1.78;-2.07;-2.53;-3.27;-4.24;-5.55;-6.86;-7.97;-8.43;-8.18;-7.62;-6.64;-5.31;-3.86;-2.70;-1.69;-0.90;-0.29;0.10;0.36;0.39;0.24;-0.23;-0.74;-1.13;-1.37;-1.22;-1.02;-0.65;-0.25;0.18;0.51;0.34;-0.04;-0.37;
Segment 2;0.00;-0.13;-0.29;-0.54;-0.57;-0.32;-0.13;0.04;0.28;0.53;0.74;0.84;0.73;0.77;1.06;1.45;1.95;2.63;3.38;4.08;4.66;5.04;5.44;5.90;6.24;6.44;6.39;6.16;5.81;5.38;4.84;4.58;4.68;4.70;4.64;4.43;4.13;3.82;3.61;3.58;3.62;3.71;3.76;3.80;4.01;4.34;4.86;5.11;4.75;4.21;3.55;2.32;0.76;0.17;
Segment 3;0.00;0.05;0.28;0.79;1.30;1.74;1.88;1.79;1.48;1.19;0.92;0.53;0.07;-0.41;-0.82;-1.16;-1.46;-1.79;-2.26;-2.63;-2.87;-3.08;-3.28;-3.52;-3.81;-4.15;-4.31;-4.32;-4.20;-4.12;-4.18;-4.22;-4.32;-4.83;-5.25;-5.33;-5.00;-4.39;-3.99;-3.59;-3.06;-2.66;-2.45;-2.83;-3.18;-2.73;-2.14;-1.52;-1.03;-0.60;-0.09;0.20;0.17;0.10;
Segment 4;0.00;0.17;-0.06;0.11;0.72;1.07;0.70;-0.51;-1.84;-2.89;-3.68;-4.71;-5.70;-6.63;-7.36;-8.10;-8.85;-9.54;-10.03;-10.43;-10.91;-11.98;-13.00;-13.75;-13.82;-13.24;-11.57;-8.30;-5.01;-3.10;-2.49;-3.20;-3.89;-2.95;-1.61;-0.97;-0.81;-0.67;-0.66;-0.92;-1.22;-1.32;-1.33;-0.86;-0.41;-0.55;-0.83;-1.06;-1.25;-0.93;-0.68;-1.09;-1.33;-0.73;
Segment 5;0.00;-0.10;-0.26;-0.52;-0.73;-0.83;-0.89;-0.91;-1.04;-1.18;-1.12;-1.16;-1.56;-1.77;-1.69;-1.60;-1.48;-1.22;-1.01;-1.23;-1.53;-1.70;-1.89;-2.14;-2.46;-2.87;-3.39;-3.97;-4.53;-4.96;-5.16;-5.30;-5.42;-5.45;-5.42;-5.29;-5.20;-5.44;-5.59;-5.40;-5.27;-5.27;-4.87;-4.18;-3.90;-3.64;-2.85;-2.06;-1.53;-1.18;-1.03;-0.68;-0.20;-0.03;
Segment 6;0.00;0.04;0.38;1.23;1.78;2.06;2.25;2.14;1.59;0.82;-0.10;-0.79;-1.42;-2.09;-2.69;-3.22;-3.83;-4.51;-5.33;-6.28;-7.35;-8.45;-9.51;-10.38;-11.12;-11.74;-12.23;-12.61;-12.92;-13.14;-13.24;-13.40;-13.61;-13.81;-14.03;-14.31;-14.27;-13.94;-13.75;-13.30;-12.25;-10.97;-9.53;-8.06;-6.71;-5.74;-4.82;-3.89;-3.38;-2.96;-2.05;-1.40;-1.20;-0.69;
Segment 7;0.00;-0.14;-0.88;-0.36;0.60;1.18;1.07;-0.04;-1.20;-1.76;-2.02;-2.37;-2.75;-2.95;-3.13;-3.43;-3.67;-3.75;-3.76;-3.82;-3.89;-3.95;-4.06;-4.18;-4.70;-6.06;-7.48;-8.33;-8.55;-8.23;-7.40;-6.19;-4.91;-4.09;-3.51;-3.11;-2.83;-2.58;-2.33;-1.96;-1.60;-1.28;-1.00;-0.78;-0.52;-0.18;0.12;0.22;0.24;0.21;0.18;0.10;-0.00;-0.08;
Segment 8;0.00;-0.76;-1.28;-1.29;-1.16;-0.94;-0.62;-0.23;0.08;0.35;0.60;0.73;0.60;0.53;0.57;0.75;1.04;1.22;1.39;1.62;1.89;2.21;2.47;2.65;2.71;2.68;2.69;2.68;2.54;2.36;2.18;2.04;1.96;1.98;2.04;1.80;1.48;1.38;1.34;1.31;1.21;1.02;0.85;0.70;0.54;0.43;0.48;0.48;0.26;0.02;-0.21;-0.25;-0.16;-0.08;
Segment 9;0.00;-0.19;-0.00;0.82;1.37;1.65;1.63;1.17;0.09;-0.95;-1.88;-2.61;-3.27;-4.00;-4.63;-5.12;-5.51;-5.89;-6.38;-6.88;-7.36;-7.78;-8.05;-8.00;-7.95;-8.01;-8.01;-7.98;-7.94;-7.98;-8.15;-8.20;-8.24;-8.75;-9.22;-9.35;-9.57;-9.86;-10.23;-10.35;-9.91;-9.13;-8.06;-6.72;-5.31;-4.04;-3.00;-2.21;-1.47;-0.81;-0.14;0.24;0.26;0.16;
Segment 10;0.00;1.06;0.98;1.85;2.58;1.72;0.26;-0.71;-1.63;-2.59;-3.37;-3.71;-4.08;-5.13;-6.24;-7.02;-7.70;-8.45;-8.96;-9.13;-9.01;-8.74;-8.43;-7.98;-7.87;-8.06;-8.22;-8.04;-7.37;-6.44;-5.48;-5.17;-4.68;-3.59;-2.41;-1.67;-1.14;-0.74;-0.45;-0.31;-0.19;0.08;0.32;0.38;0.45;0.65;0.88;1.00;0.97;0.81;0.60;0.52;0.43;0.12;
Segment 11;0.00;0.05;0.07;0.03;0.03;0.08;0.14;0.19;0.19;0.15;0.11;-0.07;-0.54;-0.91;-1.11;-1.25;-1.35;-1.48;-1.64;-1.79;-1.97;-2.20;-2.38;-2.48;-2.58;-2.70;-2.98;-3.34;-3.69;-3.97;-4.10;-4.23;-4.39;-4.55;-4.70;-4.84;-5.02;-5.34;-5.64;-5.82;-6.00;-6.21;-6.21;-6.04;-5.93;-5.71;-5.09;-4.28;-3.36;-2.53;-1.85;-1.29;-0.85;-0.41;
Segment 12;0.00;-0.52;-0.61;0.03;0.42;0.62;0.84;0.85;0.52;0.00;-0.62;-1.03;-1.33;-1.59;-1.91;-2.28;-2.56;-2.84;-3.19;-3.59;-4.05;-4.58;-5.12;-5.57;-5.91;-6.13;-6.31;-6.43;-6.52;-6.55;-6.49;-6.51;-6.60;-6.78;-7.01;-7.33;-7.36;-7.15;-7.10;-6.92;-6.38;-5.65;-4.77;-3.99;-3.26;-2.55;-2.00;-1.63;-1.37;-1.15;-0.79;-0.55;-0.49;-0.28;
Segment 13;0.00;0.26;-0.26;0.62;1.70;1.94;1.40;0.16;-0.95;-1.22;-1.06;-1.04;-1.10;-1.03;-0.97;-1.03;-1.00;-0.79;-0.57;-0.46;-0.45;-0.34;-0.28;-0.43;-0.66;-0.81;-1.20;-2.23;-3.07;-3.05;-2.42;-1.47;-0.53;0.09;0.43;0.54;0.56;0.49;0.40;0.38;0.32;0.17;0.02;-0.08;-0.09;0.03;0.18;0.24;0.25;0.20;0.15;0.12;0.07;-0.07;
Segment 14;0.00;-0.21;-0.36;-0.37;-0.38;-0.41;-0.50;-0.63;-0.77;-0.92;-1.01;-1.24;-1.78;-2.10;-2.12;-2.20;-2.33;-2.44;-2.52;-2.53;-2.57;-2.72;-2.91;-3.13;-3.30;-3.44;-3.63;-3.82;-3.85;-3.86;-3.98;-3.93;-3.66;-3.42;-3.18;-2.80;-2.39;-2.03;-1.81;-1.85;-1.86;-1.81;-1.74;-1.63;-1.45;-1.16;-0.62;-0.23;-0.30;-0.39;-0.43;-0.51;-0.58;-0.36;
Segment 15;0.00;0.11;0.57;1.58;2.28;2.56;2.08;1.46;1.06;0.67;0.30;-0.04;-0.34;-0.55;-0.81;-1.11;-1.21;-1.23;-1.30;-1.24;-1.03;-0.91;-0.80;-0.55;-0.39;-0.39;-0.38;-0.41;-0.61;-0.85;-1.08;-1.45;-1.94;-2.48;-3.05;-3.67;-3.96;-4.01;-4.45;-4.78;-4.68;-4.03;-2.92;-2.08;-1.45;-1.07;-0.93;-1.02;-0.96;-0.78;-0.43;-0.19;-0.14;-0.07;
Segment 16;0.00;-0.26;-0.87;0.48;2.27;3.65;4.19;3.57;2.69;2.31;2.10;1.61;1.15;1.12;1.13;0.96;0.87;1.12;1.39;1.30;0.95;0.52;-0.19;-1.33;-2.87;-4.76;-6.24;-6.49;-6.18;-6.31;-5.74;-3.52;-1.27;-0.30;-0.06;0.21;0.52;0.70;0.76;0.73;0.54;0.18;-0.13;-0.30;-0.32;-0.29;-0.16;0.09;0.32;0.51;0.58;0.58;0.44;0.23;
Segment 17;0.00;0.32;0.59;0.75;0.95;1.22;1.44;1.60;1.64;1.60;1.58;1.42;0.98;0.59;0.31;0.01;-0.31;-0.60;-0.88;-1.15;-1.41;-1.63;-1.81;-1.93;-2.00;-2.04;-2.18;-2.35;-2.46;-2.49;-2.39;-2.33;-2.36;-2.42;-2.49;-2.51;-2.56;-2.77;-2.99;-3.11;-3.31;-3.62;-3.75;-3.73;-3.82;-3.83;-3.48;-3.02;-2.57;-2.11;-1.65;-1.24;-0.85;-0.43;
Segment 18;0.00;-0.23;-0.13;0.52;0.80;0.86;1.34;1.69;1.62;1.30;0.83;0.54;0.32;0.18;-0.05;-0.35;-0.42;-0.40;-0.40;-0.36;-0.30;-0.29;-0.29;-0.22;-0.12;-0.01;0.06;0.08;0.03;-0.03;-0.05;-0.19;-0.44;-0.74;-1.10;-1.53;-1.67;-1.58;-1.83;-2.05;-2.01;-1.85;-1.59;-1.18;-0.72;-0.29;-0.06;-0.03;-0.07;-0.13;-0.11;-0.16;-0.33;-0.24;

----------------------------------------------------------


Curves
==========================================================
Longitudinal Strain Rate
Unit [1/s]
Time [ms];0.00;11.31;22.63;33.94;45.26;56.57;67.89;79.20;90.52;101.83;113.15;124.46;135.78;147.09;158.41;169.72;181.04;192.35;203.67;214.98;226.29;237.61;248.92;260.24;271.55;282.87;294.18;305.50;316.81;328.13;339.44;350.76;362.07;373.39;384.70;396.02;407.33;418.64;429.96;441.27;452.59;463.90;475.22;486.53;497.85;509.16;520.48;531.79;543.11;554.42;565.74;577.05;588.37;599.68;
Segment 1;1.06;-0.30;-0.32;1.26;0.89;-0.14;-0.51;-0.46;-0.25;0.05;0.03;-0.14;-0.35;-0.47;-0.32;-0.18;-0.24;-0.33;-0.23;-0.19;-0.32;-0.53;-0.75;-1.02;-1.19;-1.11;-0.73;-0.07;0.38;0.67;1.04;1.27;1.17;0.96;0.80;0.62;0.44;0.28;0.13;-0.05;-0.28;-0.46;-0.41;-0.30;-0.03;0.17;0.25;0.35;0.37;0.37;0.08;-0.28;-0.37;0.02;
Segment 2;-0.11;-0.12;-0.19;-0.15;0.11;0.22;0.15;0.18;0.22;0.21;0.15;-0.02;-0.06;0.15;0.31;0.39;0.52;0.65;0.65;0.58;0.42;0.32;0.39;0.37;0.25;0.07;-0.14;-0.26;-0.34;-0.45;-0.39;-0.05;0.08;-0.01;-0.12;-0.23;-0.28;-0.25;-0.10;0.02;0.06;0.06;0.03;0.11;0.23;0.40;0.39;-0.06;-0.44;-0.50;-0.81;-1.34;-1.00;-0.27;
Segment 3;0.03;0.10;0.34;0.47;0.43;0.26;0.02;-0.19;-0.28;-0.23;-0.29;-0.38;-0.42;-0.40;-0.33;-0.28;-0.26;-0.36;-0.39;-0.27;-0.19;-0.18;-0.19;-0.23;-0.29;-0.23;-0.07;0.06;0.11;0.00;-0.05;-0.03;-0.28;-0.46;-0.24;0.11;0.46;0.47;0.32;0.42;0.44;0.30;-0.09;-0.42;0.04;0.52;0.54;0.49;0.39;0.43;0.38;0.10;-0.06;-0.08;
Segment 4;0.21;-0.06;-0.09;0.39;0.49;0.03;-0.74;-1.20;-1.08;-0.78;-0.79;-0.92;-0.86;-0.73;-0.63;-0.66;-0.65;-0.52;-0.38;-0.34;-0.69;-0.98;-0.82;-0.38;0.21;0.92;2.25;3.10;2.37;1.11;-0.12;-0.82;0.09;1.18;0.92;0.30;0.11;0.09;-0.11;-0.28;-0.18;-0.07;0.21;0.49;0.14;-0.23;-0.23;-0.22;0.06;0.34;-0.09;-0.39;0.17;0.64;
Segment 5;-0.09;-0.11;-0.19;-0.22;-0.14;-0.07;-0.02;-0.06;-0.15;-0.03;0.05;-0.21;-0.31;-0.04;0.09;0.08;0.17;0.25;-0.01;-0.27;-0.20;-0.15;-0.19;-0.25;-0.32;-0.41;-0.50;-0.51;-0.45;-0.27;-0.14;-0.12;-0.07;-0.00;0.07;0.12;-0.07;-0.22;0.03;0.18;0.02;0.14;0.54;0.45;0.17;0.46;0.76;0.59;0.38;0.19;0.20;0.41;0.30;0.07;
Segment 6;0.00;0.13;0.57;0.67;0.35;0.21;0.06;-0.29;-0.60;-0.78;-0.72;-0.56;-0.58;-0.57;-0.49;-0.49;-0.57;-0.66;-0.78;-0.90;-0.97;-0.97;-0.86;-0.71;-0.60;-0.49;-0.38;-0.31;-0.24;-0.13;-0.11;-0.17;-0.18;-0.18;-0.24;-0.13;0.20;0.23;0.23;0.67;1.06;1.21;1.30;1.28;1.02;0.80;0.85;0.65;0.35;0.60;0.76;0.33;0.27;0.56;
Segment 7;-0.01;-0.48;-0.18;0.77;0.75;0.25;-0.58;-1.11;-0.78;-0.31;-0.25;-0.34;-0.26;-0.15;-0.21;-0.26;-0.14;-0.02;-0.03;-0.06;-0.05;-0.08;-0.08;-0.22;-0.85;-1.33;-1.04;-0.47;0.05;0.51;0.93;1.16;0.95;0.60;0.43;0.30;0.23;0.21;0.27;0.33;0.30;0.27;0.22;0.20;0.27;0.30;0.18;0.04;-0.01;-0.03;-0.05;-0.08;-0.09;0.00;
Segment 8;-0.70;-0.60;-0.23;0.08;0.16;0.24;0.33;0.32;0.25;0.23;0.19;-0.01;-0.11;-0.02;0.10;0.22;0.22;0.14;0.17;0.23;0.27;0.26;0.20;0.11;0.00;-0.01;0.01;-0.07;-0.15;-0.16;-0.15;-0.10;-0.03;0.06;-0.07;-0.28;-0.19;-0.05;-0.03;-0.05;-0.13;-0.16;-0.14;-0.14;-0.13;-0.02;0.05;-0.10;-0.22;-0.22;-0.13;0.03;0.09;0.07;
Segment 9;-0.21;-0.05;0.49;0.67;0.36;0.12;-0.18;-0.71;-0.98;-0.88;-0.73;-0.59;-0.62;-0.62;-0.49;-0.39;-0.32;-0.38;-0.45;-0.44;-0.40;-0.32;-0.09;0.08;-0.01;-0.04;0.02;0.04;0.01;-0.11;-0.11;0.00;-0.24;-0.49;-0.26;-0.12;-0.22;-0.31;-0.26;0.14;0.56;0.82;1.08;1.24;1.20;1.03;0.80;0.66;0.61;0.60;0.49;0.16;-0.05;-0.12;
Segment 10;1.12;0.36;0.26;0.89;-0.03;-1.17;-1.11;-0.79;-0.84;-0.81;-0.49;-0.23;-0.63;-1.03;-0.84;-0.61;-0.64;-0.59;-0.30;-0.01;0.19;0.25;0.36;0.28;-0.06;-0.20;-0.02;0.38;0.74;0.90;0.55;0.26;0.71;1.08;0.86;0.54;0.41;0.31;0.19;0.09;0.17;0.25;0.13;0.04;0.11;0.21;0.17;0.04;-0.09;-0.18;-0.13;-0.05;-0.19;-0.21;
Segment 11;0.05;0.04;-0.01;-0.03;0.02;0.05;0.05;0.03;-0.02;-0.03;-0.08;-0.31;-0.40;-0.25;-0.14;-0.10;-0.10;-0.13;-0.14;-0.14;-0.19;-0.19;-0.12;-0.08;-0.09;-0.17;-0.29;-0.32;-0.29;-0.17;-0.10;-0.13;-0.14;-0.13;-0.13;-0.13;-0.22;-0.29;-0.21;-0.15;-0.19;-0.10;0.10;0.13;0.11;0.37;0.65;0.78;0.79;0.67;0.54;0.44;0.38;0.37;
Segment 12;-0.51;-0.32;0.29;0.52;0.23;0.18;0.13;-0.14;-0.39;-0.53;-0.47;-0.30;-0.24;-0.25;-0.31;-0.29;-0.24;-0.28;-0.34;-0.38;-0.44;-0.48;-0.44;-0.35;-0.25;-0.17;-0.13;-0.10;-0.06;0.02;0.03;-0.05;-0.12;-0.18;-0.27;-0.17;0.11;0.12;0.07;0.32;0.57;0.73;0.75;0.66;0.65;0.57;0.40;0.27;0.20;0.26;0.29;0.12;0.10;0.23;
Segment 13;0.36;-0.22;0.08;1.03;0.64;-0.14;-0.84;-1.14;-0.63;0.03;0.11;-0.04;0.00;0.08;-0.01;-0.03;0.11;0.21;0.16;0.03;0.05;0.10;-0.04;-0.19;-0.16;-0.18;-0.65;-0.93;-0.39;0.33;0.73;0.88;0.70;0.42;0.19;0.05;-0.03;-0.08;-0.05;-0.02;-0.10;-0.14;-0.12;-0.06;0.06;0.13;0.10;0.03;-0.02;-0.05;-0.04;-0.03;-0.10;-0.04;
Segment 14;-0.19;-0.17;-0.07;0.00;-0.02;-0.05;-0.10;-0.12;-0.13;-0.10;-0.11;-0.36;-0.43;-0.13;-0.02;-0.10;-0.11;-0.09;-0.04;-0.01;-0.08;-0.15;-0.19;-0.18;-0.12;-0.14;-0.18;-0.09;-0.00;-0.07;-0.05;0.15;0.24;0.20;0.27;0.36;0.35;0.27;0.07;-0.05;0.02;0.06;0.08;0.13;0.19;0.38;0.46;0.13;-0.11;-0.05;-0.05;-0.09;0.06;0.28;
Segment 15;0.06;0.21;0.69;0.82;0.46;-0.10;-0.56;-0.46;-0.33;-0.34;-0.32;-0.29;-0.21;-0.20;-0.27;-0.19;-0.03;-0.04;-0.02;0.14;0.16;0.08;0.16;0.20;0.06;-0.00;0.01;-0.10;-0.21;-0.20;-0.26;-0.39;-0.46;-0.49;-0.55;-0.42;-0.10;-0.20;-0.40;-0.13;0.32;0.83;0.90;0.64;0.45;0.23;-0.00;-0.03;0.10;0.24;0.29;0.12;0.04;0.06;
Segment 16;-0.14;-0.53;0.26;1.56;1.47;0.89;-0.07;-0.77;-0.58;-0.20;-0.30;-0.47;-0.22;0.03;-0.07;-0.15;0.07;0.28;0.10;-0.21;-0.34;-0.48;-0.81;-1.18;-1.56;-1.60;-0.78;0.16;0.07;0.03;1.27;2.18;1.47;0.44;0.18;0.28;0.23;0.10;0.02;-0.09;-0.26;-0.31;-0.22;-0.08;0.01;0.06;0.17;0.22;0.19;0.12;0.04;-0.06;-0.16;-0.20;
Segment 17;0.29;0.27;0.18;0.14;0.22;0.23;0.17;0.09;-0.01;-0.02;-0.06;-0.28;-0.39;-0.29;-0.25;-0.28;-0.27;-0.25;-0.24;-0.23;-0.21;-0.18;-0.13;-0.08;-0.04;-0.08;-0.15;-0.13;-0.07;0.04;0.09;0.01;-0.04;-0.06;-0.04;-0.02;-0.12;-0.21;-0.14;-0.12;-0.24;-0.21;-0.03;-0.02;-0.08;0.15;0.39;0.40;0.40;0.41;0.39;0.35;0.35;0.38;
Segment 18;-0.24;-0.10;0.38;0.47;0.09;0.23;0.43;0.12;-0.19;-0.37;-0.35;-0.21;-0.15;-0.15;-0.26;-0.18;-0.01;0.01;0.01;0.05;0.04;-0.01;0.03;0.08;0.10;0.08;0.04;-0.02;-0.06;-0.03;-0.06;-0.18;-0.24;-0.29;-0.37;-0.28;0.02;-0.06;-0.25;-0.08;0.10;0.18;0.30;0.40;0.41;0.31;0.11;-0.02;-0.05;-0.02;0.00;-0.12;-0.05;0.16;

----------------------------------------------------------


Curves
==========================================================
Global Strain A2C
Unit [%]
Time [ms];0.00;11.31;22.63;33.94;45.26;56.57;67.89;79.20;90.52;101.83;113.15;124.46;135.78;147.09;158.41;169.72;181.04;192.35;203.67;214.98;226.29;237.61;248.92;260.24;271.55;282.87;294.18;305.50;316.81;328.13;339.44;350.76;362.07;373.39;384.70;396.02;407.33;418.64;429.96;441.27;452.59;463.90;475.22;486.53;497.85;509.16;520.48;531.79;543.11;554.42;565.74;577.05;588.37;599.68;
Total;0.00;0.30;-0.27;0.51;1.62;1.98;1.58;0.64;-0.33;-0.86;-1.14;-1.50;-1.91;-2.34;-2.72;-3.09;-3.40;-3.62;-3.75;-3.88;-4.06;-4.33;-4.71;-5.16;-5.77;-6.50;-7.01;-6.92;-6.39;-5.81;-5.05;-4.14;-3.17;-2.24;-1.46;-0.97;-0.65;-0.44;-0.32;-0.27;-0.31;-0.40;-0.48;-0.47;-0.39;-0.28;-0.15;-0.04;0.04;0.16;0.23;0.10;-0.07;-0.15;

----------------------------------------------------------


Curves
==========================================================
Global Strain Rate A2C
Unit [1/s]
Time [ms];0.00;11.31;22.63;33.94;45.26;56.57;67.89;79.20;90.52;101.83;113.15;124.46;135.78;147.09;158.41;169.72;181.04;192.35;203.67;214.98;226.29;237.61;248.92;260.24;271.55;282.87;294.18;305.50;316.81;328.13;339.44;350.76;362.07;373.39;384.70;396.02;407.33;418.64;429.96;441.27;452.59;463.90;475.22;486.53;497.85;509.16;520.48;531.79;543.11;554.42;565.74;577.05;588.37;599.68;
Total;0.42;-0.22;-0.01;0.99;0.72;-0.04;-0.64;-0.91;-0.68;-0.32;-0.26;-0.35;-0.37;-0.36;-0.33;-0.30;-0.23;-0.15;-0.11;-0.13;-0.19;-0.29;-0.36;-0.46;-0.62;-0.60;-0.20;0.32;0.51;0.58;0.75;0.84;0.86;0.77;0.56;0.34;0.23;0.15;0.07;0.00;-0.06;-0.09;-0.04;0.04;0.09;0.11;0.11;0.08;0.09;0.10;-0.03;-0.15;-0.13;0.03;

----------------------------------------------------------


Curves
==========================================================
Global Strain A3C
Unit [%]
Time [ms];0.00;11.31;22.63;33.94;45.26;56.57;67.89;79.20;90.52;101.83;113.15;124.46;135.78;147.09;158.41;169.72;181.04;192.35;203.67;214.98;226.29;237.61;248.92;260.24;271.55;282.87;294.18;305.50;316.81;328.13;339.44;350.76;362.07;373.39;384.70;396.02;407.33;418.64;429.96;441.27;452.59;463.90;475.22;486.53;497.85;509.16;520.48;531.79;543.11;554.42;565.74;577.05;588.37;599.68;
Total;0.00;-0.10;-0.19;-0.26;-0.25;-0.15;-0.05;0.05;0.08;0.09;0.14;0.06;-0.30;-0.53;-0.57;-0.57;-0.54;-0.46;-0.39;-0.39;-0.41;-0.46;-0.50;-0.53;-0.60;-0.70;-0.92;-1.19;-1.46;-1.69;-1.85;-1.94;-1.96;-1.97;-1.97;-1.98;-2.03;-2.18;-2.32;-2.34;-2.40;-2.51;-2.46;-2.28;-2.19;-2.03;-1.53;-1.04;-0.76;-0.57;-0.45;-0.40;-0.36;-0.21;

----------------------------------------------------------


Curves
==========================================================
Global Strain Rate A3C
Unit [1/s]
Time [ms];0.00;11.31;22.63;33.94;45.26;56.57;67.89;79.20;90.52;101.83;113.15;124.46;135.78;147.09;158.41;169.72;181.04;192.35;203.67;214.98;226.29;237.61;248.92;260.24;271.55;282.87;294.18;305.50;316.81;328.13;339.44;350.76;362.07;373.39;384.70;396.02;407.33;418.64;429.96;441.27;452.59;463.90;475.22;486.53;497.85;509.16;520.48;531.79;543.11;554.42;565.74;577.05;588.37;599.68;
Total;-0.09;-0.08;-0.07;-0.03;0.05;0.10;0.09;0.06;0.01;0.03;0.01;-0.21;-0.30;-0.11;-0.00;0.01;0.05;0.07;0.04;-0.01;-0.03;-0.04;-0.03;-0.04;-0.07;-0.14;-0.23;-0.25;-0.22;-0.17;-0.11;-0.04;-0.01;-0.00;-0.00;-0.02;-0.09;-0.14;-0.07;-0.02;-0.09;-0.04;0.12;0.12;0.08;0.30;0.48;0.34;0.19;0.13;0.07;0.03;0.08;0.17;

----------------------------------------------------------


Curves
==========================================================
Global Strain A4C
Unit [%]
Time [ms];0.00;11.31;22.63;33.94;45.26;56.57;67.89;79.20;90.52;101.83;113.15;124.46;135.78;147.09;158.41;169.72;181.04;192.35;203.67;214.98;226.29;237.61;248.92;260.24;271.55;282.87;294.18;305.50;316.81;328.13;339.44;350.76;362.07;373.39;384.70;396.02;407.33;418.64;429.96;441.27;452.59;463.90;475.22;486.53;497.85;509.16;520.48;531.79;543.11;554.42;565.74;577.05;588.37;599.68;
Total;0.00;-0.13;0.07;0.82;1.30;1.55;1.66;1.52;1.08;0.53;-0.07;-0.54;-0.96;-1.37;-1.78;-2.17;-2.46;-2.74;-3.11;-3.47;-3.81;-4.17;-4.51;-4.73;-4.92;-5.11;-5.24;-5.33;-5.42;-5.50;-5.59;-5.72;-5.91;-6.28;-6.65;-6.96;-7.01;-6.85;-6.92;-6.85;-6.39;-5.73;-4.90;-4.15;-3.43;-2.74;-2.16;-1.72;-1.39;-1.10;-0.63;-0.34;-0.32;-0.19;

----------------------------------------------------------


Curves
==========================================================
Global Strain Rate A4C
Unit [1/s]
Time [ms];0.00;11.31;22.63;33.94;45.26;56.57;67.89;79.20;90.52;101.83;113.15;124.46;135.78;147.09;158.41;169.72;181.04;192.35;203.67;214.98;226.29;237.61;248.92;260.24;271.55;282.87;294.18;305.50;316.81;328.13;339.44;350.76;362.07;373.39;384.70;396.02;407.33;418.64;429.96;441.27;452.59;463.90;475.22;486.53;497.85;509.16;520.48;531.79;543.11;554.42;565.74;577.05;588.37;599.68;
Total;-0.16;-0.01;0.46;0.60;0.31;0.16;0.00;-0.26;-0.45;-0.52;-0.48;-0.38;-0.37;-0.36;-0.36;-0.30;-0.24;-0.29;-0.33;-0.30;-0.31;-0.32;-0.24;-0.17;-0.17;-0.14;-0.09;-0.08;-0.08;-0.07;-0.09;-0.14;-0.25;-0.34;-0.32;-0.17;0.08;0.05;-0.05;0.23;0.52;0.68;0.71;0.64;0.63;0.57;0.45;0.34;0.26;0.34;0.37;0.12;0.04;0.15;

----------------------------------------------------------


