PatientInformation
==========================================================
PatientID;No patientID
Name;,,
Date of Birth;
Sex;
Version;AutoStrainCap2 2.1.0.491925

Results
==========================================================
Global
----------------------------------------------------------
LaSr_ED;9.77;%
LaScd_ED;-11.12;%
LaSct_ED;1.35;%
LaSr_AC;9.91;%
LaScd_AC;-11.28;%
LaSct_AC;1.37;%
ED;0.00;ms
ES;388.84;ms
PreA;604.26;ms

Curves
==========================================================
Longitudinal Strain
Unit [%]
Time [ms];0.00;10.77;21.54;32.31;43.08;53.86;64.63;75.40;86.17;96.94;107.71;118.48;129.25;140.03;150.80;161.57;172.34;183.11;193.88;204.65;215.42;226.20;236.97;247.74;258.51;269.28;280.05;290.82;301.59;312.36;323.14;333.91;344.68;355.45;366.22;376.99;387.76;398.53;409.31;420.08;430.85;441.62;452.39;463.16;473.93;484.70;495.48;506.25;517.02;527.79;538.56;549.33;560.10;570.87;581.64;592.42;603.19;613.96;624.73;635.50;646.27;657.04;667.81;678.59;689.36;700.13;710.90;721.67;732.44;743.21;753.98;764.76;775.53;786.30;797.07;807.84;
LAS_ED;0.00;-1.06;-1.49;-1.62;-1.92;-2.16;-2.47;-2.49;-2.43;-2.15;-1.92;-1.54;-1.08;-0.50;0.17;0.95;1.93;2.85;3.47;3.42;3.20;3.23;3.79;4.61;5.33;5.62;5.71;5.88;6.40;7.17;7.97;8.49;8.84;9.07;9.45;9.71;9.77;9.73;9.54;9.29;8.76;8.11;7.27;6.32;5.15;3.76;2.08;0.52;-0.51;-1.02;-1.05;-0.94;-1.22;-1.56;-1.85;-1.68;-1.38;-1.03;-0.77;-0.57;-0.39;-0.43;-0.55;-0.84;-1.39;-2.01;-2.68;-3.08;-3.45;-3.56;-3.65;-3.53;-3.47;-3.40;-3.07;-1.87;
LAS_AC;1.40;0.32;-0.10;-0.24;-0.54;-0.79;-1.10;-1.12;-1.06;-0.78;-0.55;-0.16;0.31;0.90;1.58;2.36;3.36;4.29;4.92;4.87;4.65;4.68;5.24;6.08;6.81;7.10;7.19;7.36;7.89;8.67;9.48;10.02;10.36;10.60;10.99;11.25;11.31;11.27;11.08;10.82;10.28;9.63;8.78;7.81;6.62;5.21;3.51;1.93;0.89;0.37;0.34;0.45;0.17;-0.18;-0.47;-0.30;0.00;0.35;0.62;0.83;1.00;0.97;0.85;0.55;-0.01;-0.64;-1.31;-1.72;-2.10;-2.21;-2.30;-2.18;-2.12;-2.05;-1.71;-0.49;

----------------------------------------------------------


