PatientInformation
==========================================================
PatientID;No patientID
Name;,,
Date of Birth;
Sex;
Version;AutoStrainCap2 2.1.0.491925

Results
==========================================================
Global
----------------------------------------------------------
RVFWSL;-11.32;%
RV4CSL;-9.35;%
ED;0.00;ms
ES;398.36;ms

Curves
==========================================================
Longitudinal Strain
Unit [%]
Time [ms];0.00;20.43;40.86;61.29;81.72;102.14;122.57;143.00;163.43;183.86;204.29;224.72;245.15;265.57;286.00;306.43;326.86;347.29;367.72;388.15;408.58;429.00;449.43;469.86;490.29;510.72;531.15;551.58;572.01;592.44;
Basal;0.00;-0.27;-0.41;-0.44;-0.06;-0.43;-1.16;-2.09;-3.07;-3.97;-5.07;-6.43;-7.53;-8.34;-9.35;-10.18;-10.95;-11.47;-11.73;-11.76;-11.01;-9.38;-7.29;-5.04;-2.82;-1.06;0.09;0.41;0.29;0.02;
Mid;0.00;-0.24;-0.15;0.14;0.78;0.56;-0.15;-1.13;-2.18;-3.14;-4.29;-5.66;-6.73;-7.52;-8.59;-9.53;-10.48;-11.01;-11.21;-11.20;-10.48;-9.00;-6.96;-4.72;-2.34;-0.53;0.59;0.77;0.52;0.14;
Apical;0.00;0.23;0.65;1.26;2.24;2.05;1.35;0.57;-0.43;-1.24;-2.21;-3.46;-4.48;-5.25;-6.16;-6.99;-8.10;-8.99;-9.57;-9.69;-9.30;-8.38;-6.74;-4.66;-2.54;-0.88;0.47;0.61;0.40;-0.08;

----------------------------------------------------------


