PatientInformation
==========================================================
PatientID;No patientID
Name;,,
Date of Birth;
Sex;
Version;AutoStrainCap2 2.1.0.491925

Results
==========================================================
Global
----------------------------------------------------------
LaSr_ED;26.57;%
LaScd_ED;-15.32;%
LaSct_ED;-11.24;%
LaSr_AC;23.86;%
LaScd_AC;-13.76;%
LaSct_AC;-10.10;%
ED;0.00;ms
ES;402.70;ms
PreA;615.55;ms

Curves
==========================================================
Longitudinal Strain
Unit [%]
Time [ms];0.00;11.51;23.01;34.52;46.02;57.53;69.03;80.54;92.04;103.55;115.06;126.56;138.07;149.57;161.08;172.58;184.09;195.60;207.10;218.61;230.11;241.62;253.12;264.63;276.13;287.64;299.15;310.65;322.16;333.66;345.17;356.67;368.18;379.68;391.19;402.70;414.20;425.71;437.21;448.72;460.22;471.73;483.24;494.74;506.25;517.75;529.26;540.76;552.27;563.77;575.28;586.79;598.29;609.80;621.30;632.81;644.31;655.82;667.32;678.83;690.34;701.84;713.35;724.85;736.36;747.86;759.37;770.88;782.38;793.89;805.39;816.90;
LAS_ED;0.00;-0.67;-0.42;1.46;2.32;3.05;4.11;5.03;6.30;7.50;8.48;9.29;10.31;11.54;12.96;14.27;15.41;16.48;17.67;18.95;20.26;21.48;22.55;23.48;24.38;25.07;25.64;26.02;25.97;25.85;25.70;25.89;26.12;26.43;26.49;26.57;26.43;25.97;25.07;23.61;21.41;19.07;16.85;15.25;13.98;13.03;12.40;11.95;11.64;11.24;10.97;10.85;10.96;11.14;11.32;11.27;11.02;10.47;9.57;8.22;6.30;3.54;0.71;-1.58;-2.73;-2.98;-2.88;-2.54;-2.20;-1.34;-0.53;0.07;
LAS_AC;-10.17;-10.77;-10.55;-8.86;-8.08;-7.42;-6.48;-5.64;-4.51;-3.43;-2.55;-1.82;-0.91;0.20;1.48;2.66;3.67;4.64;5.70;6.86;8.04;9.13;10.09;10.93;11.73;12.35;12.87;13.21;13.16;13.06;12.92;13.09;13.30;13.58;13.63;13.70;13.58;13.17;12.35;11.04;9.06;6.96;4.97;3.53;2.39;1.54;0.98;0.57;0.29;-0.07;-0.31;-0.42;-0.32;-0.16;0.00;-0.04;-0.27;-0.76;-1.57;-2.78;-4.50;-6.98;-9.53;-11.58;-12.62;-12.85;-12.75;-12.45;-12.14;-11.37;-10.64;-10.11;

----------------------------------------------------------


