PatientInformation
==========================================================
PatientID;No patientID
Name;,,
Date of Birth;
Sex;
Version;AutoStrainCap2 2.1.0.491925

Results
==========================================================
Global
----------------------------------------------------------
RVFWSL;-22.05;%
RV4CSL;-17.79;%
ED;0.00;ms
ES;289.75;ms

Curves
==========================================================
Longitudinal Strain
Unit [%]
Time [ms];0.00;11.06;22.12;33.18;44.24;55.30;66.36;77.41;88.47;99.53;110.59;121.65;132.71;143.77;154.83;165.89;176.95;188.01;199.07;210.12;221.18;232.24;243.30;254.36;265.42;276.48;287.54;298.60;309.66;320.72;331.78;342.84;353.89;364.95;376.01;387.07;398.13;409.19;420.25;431.31;442.37;453.43;464.49;475.55;486.61;497.66;508.72;519.78;530.84;541.90;552.96;564.02;575.08;586.14;597.20;608.26;619.32;630.37;641.43;652.49;663.55;674.61;685.67;696.73;707.79;718.85;729.91;740.97;752.03;763.09;774.14;785.20;796.26;807.32;818.38;829.44;840.50;
Basal;0.00;1.91;3.24;4.19;4.69;4.89;4.75;4.33;3.71;3.02;2.38;1.51;0.11;-2.06;-4.75;-7.74;-10.71;-13.43;-15.62;-17.22;-18.19;-18.59;-18.55;-18.24;-17.78;-18.99;-19.78;-19.81;-18.53;-16.46;-13.91;-11.13;-8.54;-6.60;-5.84;-5.80;-6.09;-6.28;-6.17;-5.53;-4.21;-2.64;-1.28;-0.57;-0.30;-0.22;0.00;0.26;0.57;0.82;1.07;1.33;1.56;1.64;1.42;0.75;0.03;-0.42;-0.05;0.73;1.73;2.54;3.33;4.09;4.92;5.64;6.09;6.15;5.86;5.26;4.33;3.14;1.77;0.31;-0.88;-1.45;-1.04;
Mid;0.00;1.24;2.04;2.54;2.73;2.69;2.37;1.84;1.13;0.37;-0.31;-1.13;-2.31;-3.89;-5.87;-8.14;-10.69;-13.01;-14.65;-15.28;-15.21;-14.84;-14.68;-14.46;-13.97;-14.44;-14.42;-13.93;-13.17;-11.98;-10.34;-8.15;-5.99;-4.37;-3.90;-4.08;-4.51;-4.73;-4.62;-3.97;-2.53;-0.80;0.77;1.73;2.28;2.58;2.86;3.12;3.44;3.78;4.16;4.51;4.75;4.82;4.62;4.06;3.44;3.00;3.02;3.34;3.86;4.35;4.88;5.38;5.98;6.44;6.71;6.62;6.26;5.66;4.94;4.03;2.93;1.61;0.43;-0.29;-0.38;
Apical;0.00;0.42;0.50;0.33;-0.07;-0.65;-1.48;-2.59;-3.91;-5.26;-6.45;-7.74;-9.35;-11.54;-14.13;-16.98;-19.90;-22.55;-24.65;-26.19;-27.22;-27.93;-28.58;-29.10;-29.51;-29.89;-29.92;-29.40;-28.19;-26.51;-24.55;-22.40;-20.36;-18.78;-18.03;-17.86;-17.96;-18.00;-17.79;-17.08;-15.81;-14.20;-12.68;-11.54;-10.73;-10.20;-9.70;-9.25;-8.71;-8.15;-7.50;-6.87;-6.35;-5.98;-5.86;-5.95;-6.11;-6.11;-5.69;-5.00;-4.15;-3.40;-2.63;-1.84;-0.86;0.03;0.72;1.04;1.11;1.01;0.82;0.49;0.01;-0.62;-1.10;-1.23;-0.78;

----------------------------------------------------------


