PatientInformation
==========================================================
PatientID;No patientID
Name;,,
Date of Birth;
Sex;
Version;AutoStrainCap2 2.1.0.491925

Results
==========================================================
Global
----------------------------------------------------------
RVFWSL;-10.31;%
RV4CSL;-7.33;%
ED;0.00;ms
ES;273.10;ms

Curves
==========================================================
Longitudinal Strain
Unit [%]
Time [ms];0.00;19.51;39.01;58.52;78.03;97.54;117.04;136.55;156.06;175.56;195.07;214.58;234.09;253.59;273.10;292.61;312.12;331.62;351.13;370.64;390.14;409.65;429.16;448.67;468.17;487.68;507.19;526.69;
Basal;0.00;0.80;1.92;3.22;2.83;0.69;-1.91;-3.83;-5.14;-6.23;-7.20;-8.37;-9.65;-10.60;-10.74;-10.23;-9.20;-7.61;-6.71;-5.04;-4.18;-3.77;-1.71;-0.64;-0.22;-0.30;-0.44;-0.21;
Mid;0.00;0.54;1.23;2.03;1.19;-1.18;-3.48;-5.10;-6.00;-6.62;-7.31;-8.28;-9.33;-10.15;-10.25;-9.71;-8.38;-6.68;-5.62;-3.94;-3.08;-2.48;-0.28;0.85;1.26;0.96;0.45;0.24;
Apical;0.00;0.39;0.87;1.46;0.49;-1.98;-4.08;-5.53;-6.34;-6.86;-7.09;-7.57;-8.22;-8.78;-8.97;-8.51;-7.33;-5.26;-3.88;-1.88;-0.87;-0.41;1.05;1.68;1.84;1.41;0.84;0.45;

----------------------------------------------------------


