PatientInformation
==========================================================
PatientID;No patientID
Name;,,
Date of Birth;
Sex;
Version;AutoStrainCap2 2.1.0.491925

Results
==========================================================
Global
----------------------------------------------------------
LaSr_ED;8.47;%
LaScd_ED;-11.94;%
LaSct_ED;3.47;%
LaSr_AC;8.77;%
LaScd_AC;-12.36;%
LaSct_AC;3.59;%
ED;0.00;ms
ES;337.34;ms
PreA;617.03;ms

Curves
==========================================================
Longitudinal Strain
Unit [%]
Time [ms];0.00;21.35;42.70;64.05;85.40;106.75;128.10;149.45;170.80;192.15;213.50;234.85;256.20;277.56;298.91;320.26;341.61;362.96;384.31;405.66;427.01;448.36;469.71;491.06;512.41;533.76;555.11;576.46;597.81;619.16;640.51;661.86;683.21;704.56;725.91;747.26;768.61;789.96;811.32;832.67;854.02;875.37;
LAS_ED;0.00;-3.86;-1.95;-1.08;-0.22;1.06;2.36;3.34;4.25;5.36;6.32;6.76;7.08;7.41;7.74;8.26;8.45;7.93;7.64;7.38;6.29;3.70;0.93;-1.23;-2.53;-3.47;-4.15;-4.15;-3.96;-3.41;-2.92;-3.03;-3.19;-3.10;-2.84;-2.47;-2.13;-2.05;-1.91;-1.67;-0.85;0.20;
LAS_AC;3.53;-0.46;1.51;2.41;3.30;4.63;5.97;6.98;7.93;9.08;10.08;10.53;10.86;11.20;11.54;12.08;12.28;11.74;11.43;11.17;10.04;7.36;4.49;2.26;0.91;-0.06;-0.77;-0.77;-0.57;0.00;0.50;0.39;0.23;0.32;0.59;0.97;1.33;1.41;1.55;1.80;2.65;3.73;

----------------------------------------------------------


