PatientInformation
==========================================================
PatientID;No patientID
Name;,,
Date of Birth;
Sex;
Version;AutoStrainCap2 2.1.0.491925

Results
==========================================================
Global
----------------------------------------------------------
RVFWSL;-24.01;%
RV4CSL;-20.62;%
ED;0.00;ms
ES;323.30;ms

Curves
==========================================================
Longitudinal Strain
Unit [%]
Time [ms];0.00;10.92;21.84;32.77;43.69;54.61;65.53;76.46;87.38;98.30;109.22;120.15;131.07;141.99;152.91;163.84;174.76;185.68;196.60;207.53;218.45;229.37;240.29;251.22;262.14;273.06;283.98;294.91;305.83;316.75;327.67;338.59;349.52;360.44;371.36;382.28;393.21;404.13;415.05;425.97;436.90;447.82;458.74;469.66;480.59;491.51;502.43;513.35;524.28;535.20;546.12;557.04;567.97;578.89;589.81;600.73;611.65;622.58;633.50;644.42;655.34;666.27;677.19;688.11;699.03;709.96;720.88;731.80;742.72;753.65;764.57;
Basal;0.00;-0.77;-1.96;-3.04;-3.93;-4.58;-5.29;-5.90;-6.74;-7.44;-8.43;-9.33;-10.59;-12.28;-14.10;-15.63;-16.49;-17.12;-17.73;-18.84;-19.92;-20.91;-21.47;-21.87;-22.08;-22.40;-22.68;-23.08;-23.56;-24.02;-24.23;-24.11;-23.65;-23.02;-22.36;-21.73;-21.04;-20.46;-19.98;-19.57;-19.16;-18.73;-18.40;-18.12;-17.85;-16.95;-16.13;-15.05;-14.92;-15.55;-16.84;-17.40;-17.03;-15.78;-14.48;-13.42;-12.60;-11.67;-10.62;-9.42;-8.52;-7.73;-7.32;-6.94;-6.85;-6.48;-5.93;-4.46;-2.92;-1.18;-0.50;
Mid;0.00;-0.71;-1.85;-2.88;-3.48;-3.83;-4.31;-5.09;-6.16;-7.19;-8.37;-9.38;-10.46;-11.38;-12.27;-13.01;-13.57;-14.11;-14.65;-15.66;-16.65;-17.66;-18.55;-19.30;-19.82;-19.95;-19.98;-20.07;-20.50;-20.96;-21.25;-21.08;-20.53;-19.70;-18.71;-17.63;-16.25;-14.45;-12.70;-11.51;-11.70;-12.45;-13.51;-14.73;-15.79;-16.20;-16.02;-15.39;-15.07;-14.84;-14.88;-14.47;-13.55;-12.17;-10.80;-9.81;-9.04;-8.30;-7.52;-6.69;-6.02;-5.41;-5.03;-4.73;-4.64;-4.45;-4.17;-3.51;-2.72;-1.63;-0.80;
Apical;0.00;-0.64;-1.79;-2.92;-3.75;-4.36;-5.05;-5.78;-6.78;-7.82;-9.05;-10.24;-11.51;-12.92;-14.28;-15.49;-16.35;-17.14;-17.93;-19.05;-20.15;-21.20;-22.06;-22.75;-23.26;-23.56;-23.79;-24.03;-24.48;-24.89;-25.10;-24.88;-24.20;-23.00;-21.15;-19.10;-17.00;-15.37;-14.07;-13.23;-13.04;-13.24;-13.79;-14.68;-15.59;-16.12;-16.15;-15.76;-15.39;-15.10;-14.80;-14.04;-12.81;-11.31;-9.97;-9.09;-8.54;-8.10;-7.62;-7.08;-6.59;-6.04;-5.60;-5.18;-4.98;-4.74;-4.51;-4.00;-3.37;-2.34;-1.19;

----------------------------------------------------------


