PatientInformation
==========================================================
PatientID;No patientID
Name;,,
Date of Birth;
Sex;
Version;AutoStrainCap2 2.1.0.491925

Results
==========================================================
Global
----------------------------------------------------------
LaSr_ED;30.45;%
LaScd_ED;-15.80;%
LaSct_ED;-14.65;%
LaSr_AC;26.55;%
LaScd_AC;-13.78;%
LaSct_AC;-12.78;%
ED;0.00;ms
ES;369.76;ms
PreA;635.34;ms

Curves
==========================================================
Longitudinal Strain
Unit [%]
Time [ms];0.00;20.43;40.86;61.29;81.72;102.14;122.57;143.00;163.43;183.86;204.29;224.72;245.15;265.57;286.00;306.43;326.86;347.29;367.72;388.15;408.58;429.00;449.43;469.86;490.29;510.72;531.15;551.58;572.01;592.44;612.86;633.29;653.72;674.15;694.58;715.01;735.44;755.87;776.29;796.72;817.15;837.58;858.01;878.44;
LAS_ED;0.00;0.44;0.23;1.72;3.88;5.70;7.87;10.75;13.91;17.01;19.72;21.81;24.02;26.90;29.28;29.94;29.95;30.15;30.44;30.33;30.26;30.30;29.78;28.15;25.94;23.96;21.76;19.09;16.72;15.46;14.92;14.66;14.55;14.36;14.29;14.51;14.44;13.55;12.16;10.41;7.99;4.63;1.58;-0.19;
LAS_AC;-12.79;-12.41;-12.58;-11.29;-9.40;-7.82;-5.93;-3.41;-0.66;2.05;4.41;6.23;8.16;10.68;12.75;13.32;13.33;13.50;13.76;13.66;13.61;13.64;13.19;11.76;9.84;8.11;6.19;3.86;1.80;0.69;0.23;0.00;-0.10;-0.27;-0.33;-0.13;-0.20;-0.97;-2.18;-3.71;-5.82;-8.75;-11.41;-12.95;

----------------------------------------------------------


