PatientInformation
==========================================================
PatientID;No patientID
Name;,,
Date of Birth;
Sex;
Version;AutoStrainCap2 2.1.0.491925

Results
==========================================================
Global
----------------------------------------------------------
RVFWSL;-28.23;%
RV4CSL;-24.36;%
ED;0.00;ms
ES;326.86;ms

Curves
==========================================================
Longitudinal Strain
Unit [%]
Time [ms];0.00;20.43;40.86;61.29;81.72;102.14;122.57;143.00;163.43;183.86;204.29;224.72;245.15;265.57;286.00;306.43;326.86;347.29;367.72;388.15;408.58;429.00;449.43;469.86;490.29;510.72;531.15;551.58;572.01;592.44;612.86;633.29;653.72;674.15;694.58;715.01;735.44;755.87;776.29;796.72;817.15;837.58;858.01;878.44;
Basal;0.00;-0.48;-1.65;-3.82;-6.73;-9.79;-12.33;-14.02;-15.26;-17.05;-19.03;-21.10;-22.95;-25.08;-26.73;-28.32;-28.86;-28.61;-27.74;-26.74;-25.88;-25.47;-24.68;-22.95;-20.89;-19.12;-17.77;-16.91;-16.28;-15.69;-15.24;-14.64;-14.22;-14.01;-14.21;-14.96;-15.32;-14.44;-12.14;-8.63;-4.75;-2.01;-0.29;0.41;
Mid;0.00;-0.56;-2.44;-4.97;-7.92;-10.73;-13.13;-14.73;-16.05;-18.39;-20.76;-22.55;-23.74;-24.94;-25.77;-26.84;-27.25;-27.18;-26.66;-26.15;-25.79;-25.81;-25.40;-24.04;-22.29;-20.70;-19.36;-18.10;-16.94;-15.98;-15.24;-14.41;-13.82;-13.52;-13.61;-14.22;-14.62;-14.25;-12.53;-8.90;-4.73;-2.06;-0.42;0.23;
Apical;0.00;0.08;-0.37;-1.12;-2.94;-5.33;-7.58;-9.83;-11.82;-14.17;-16.52;-19.27;-21.54;-23.33;-24.32;-25.60;-26.20;-25.64;-24.46;-23.46;-22.79;-22.87;-23.10;-23.09;-22.65;-21.65;-20.45;-19.54;-18.75;-17.56;-16.55;-15.67;-15.11;-14.83;-14.93;-15.49;-15.81;-15.25;-13.38;-10.38;-6.74;-3.95;-1.86;-0.35;

----------------------------------------------------------


