PatientInformation
==========================================================
PatientID;No patientID
Name;,,
Date of Birth;
Sex;
Version;AutoStrainCap2 2.1.0.491925

Results
==========================================================
Global
----------------------------------------------------------
LaSr_ED;34.16;%
LaScd_ED;-15.64;%
LaSct_ED;-18.52;%
LaSr_AC;28.79;%
LaScd_AC;-13.18;%
LaSct_AC;-15.61;%
ED;0.00;ms
ES;330.95;ms
PreA;604.69;ms

Curves
==========================================================
Longitudinal Strain
Unit [%]
Time [ms];0.00;20.43;40.86;61.29;81.72;102.14;122.57;143.00;163.43;183.86;204.29;224.72;245.15;265.57;286.00;306.43;326.86;347.29;367.72;388.15;408.58;429.01;449.43;469.86;490.29;510.72;531.15;551.58;572.01;592.44;612.86;633.29;653.72;674.15;694.58;715.01;735.44;755.87;776.29;796.72;817.15;837.58;858.01;
LAS_ED;0.00;2.51;3.29;4.02;5.47;8.84;12.66;15.28;17.43;19.84;22.51;25.53;28.27;30.41;32.06;33.45;34.15;33.85;33.08;32.61;31.66;29.13;26.03;22.73;20.00;18.41;17.85;17.59;17.73;18.19;18.64;18.39;18.01;17.79;17.67;17.81;17.28;15.56;12.25;8.13;3.56;-1.65;-3.39;
LAS_AC;-15.71;-13.60;-12.94;-12.33;-11.10;-8.26;-5.05;-2.83;-1.02;1.01;3.26;5.81;8.11;9.92;11.31;12.48;13.07;12.82;12.17;11.77;10.97;8.84;6.23;3.45;1.14;-0.19;-0.67;-0.89;-0.77;-0.38;0.00;-0.22;-0.53;-0.72;-0.82;-0.71;-1.15;-2.59;-5.39;-8.86;-12.71;-17.10;-18.57;

----------------------------------------------------------


