PatientInformation
==========================================================
PatientID;No patientID
Name;,,
Date of Birth;
Sex;
Version;AutoStrainCap2 2.1.0.491925

Results
==========================================================
Global
----------------------------------------------------------
RVFWSL;-22.68;%
RV4CSL;-20.27;%
ED;0.00;ms
ES;333.40;ms

Curves
==========================================================
Longitudinal Strain
Unit [%]
Time [ms];0.00;12.68;25.35;38.03;50.71;63.38;76.06;88.74;101.41;114.09;126.77;139.44;152.12;164.80;177.48;190.15;202.83;215.51;228.18;240.86;253.54;266.21;278.89;291.57;304.24;316.92;329.60;342.27;354.95;367.63;380.30;392.98;405.66;418.33;431.01;443.69;456.36;469.04;481.72;494.39;507.07;519.75;532.43;545.10;557.78;570.46;583.13;595.81;608.49;621.16;633.84;646.52;659.19;671.87;684.55;697.22;709.90;722.58;735.25;747.93;760.61;773.28;785.96;798.64;811.31;823.99;836.67;849.35;
Basal;0.00;-1.81;-3.11;-4.59;-6.45;-8.52;-10.31;-11.83;-12.95;-13.87;-14.91;-16.10;-17.45;-18.90;-20.52;-22.33;-24.33;-26.27;-27.81;-28.61;-28.93;-29.05;-29.35;-29.72;-30.08;-30.31;-30.31;-30.10;-29.72;-29.40;-29.29;-29.75;-30.22;-30.42;-29.76;-28.46;-26.49;-24.10;-21.54;-19.36;-17.92;-17.04;-16.36;-15.71;-14.96;-14.04;-12.89;-11.63;-10.51;-9.72;-9.20;-8.86;-8.60;-8.32;-7.93;-7.27;-6.35;-5.10;-3.48;-1.63;0.34;2.34;4.19;5.72;6.75;6.94;5.93;3.24;
Mid;0.00;-1.19;-1.74;-2.40;-3.57;-5.00;-6.26;-7.28;-7.96;-8.53;-9.21;-10.05;-11.03;-12.10;-13.29;-14.58;-15.95;-17.22;-18.18;-18.66;-18.80;-18.83;-19.01;-19.27;-19.55;-19.73;-19.76;-19.59;-19.29;-18.98;-18.82;-19.05;-19.31;-19.45;-19.07;-18.28;-16.95;-15.39;-13.67;-12.24;-11.24;-10.66;-10.20;-9.79;-9.26;-8.58;-7.73;-6.80;-5.95;-5.34;-4.94;-4.69;-4.53;-4.37;-4.13;-3.69;-3.03;-2.14;-1.00;0.33;1.77;3.29;4.73;5.97;6.86;7.01;5.97;3.21;
Apical;0.00;-0.77;-1.24;-1.91;-2.83;-3.99;-5.00;-5.96;-6.66;-7.26;-7.95;-8.79;-9.73;-10.70;-11.71;-12.82;-14.03;-15.18;-16.02;-16.44;-16.55;-16.59;-16.72;-16.95;-17.24;-17.37;-17.42;-17.32;-17.14;-16.90;-16.68;-16.88;-17.01;-17.09;-16.51;-15.63;-14.29;-13.10;-11.77;-10.77;-9.96;-9.54;-9.19;-8.92;-8.52;-7.99;-7.40;-6.74;-6.15;-5.72;-5.46;-5.30;-5.19;-5.07;-4.91;-4.55;-4.04;-3.36;-2.50;-1.48;-0.34;0.91;2.15;3.23;3.98;4.20;3.65;1.94;

----------------------------------------------------------


