PatientInformation
==========================================================
PatientID;No patientID
Name;,,
Date of Birth;
Sex;
Version;AutoStrainCap2 2.1.0.491925

Results
==========================================================
Global
----------------------------------------------------------
LaSr_ED;17.66;%
LaScd_ED;-21.91;%
LaSct_ED;4.25;%
LaSr_AC;18.45;%
LaScd_AC;-22.89;%
LaSct_AC;4.44;%
ED;0.00;ms
ES;333.07;ms
PreA;529.49;ms

Curves
==========================================================
Longitudinal Strain
Unit [%]
Time [ms];0.00;21.35;42.70;64.05;85.40;106.75;128.10;149.45;170.80;192.15;213.50;234.85;256.20;277.56;298.91;320.26;341.61;362.96;384.31;405.66;427.01;448.36;469.71;491.06;512.41;533.76;555.11;576.46;597.81;619.16;640.51;661.86;683.21;704.56;
LAS_ED;0.00;-1.02;-0.79;-0.33;2.32;3.18;5.23;6.69;8.75;10.39;12.26;14.08;14.81;14.78;15.50;17.18;17.33;13.39;6.81;1.28;-2.52;-4.89;-5.46;-5.43;-4.12;-4.25;-3.55;-3.40;-3.69;-3.52;-2.99;-2.59;-1.91;-0.84;
LAS_AC;4.44;3.38;3.62;4.09;6.86;7.76;9.90;11.43;13.59;15.30;17.25;19.15;19.91;19.88;20.63;22.38;22.54;18.43;11.55;5.78;1.81;-0.67;-1.26;-1.23;0.14;0.00;0.73;0.90;0.59;0.77;1.32;1.74;2.44;3.56;

----------------------------------------------------------


