PatientInformation
==========================================================
PatientID;No patientID
Name;,,
Date of Birth;
Sex;
Version;AutoStrainCap2 2.1.0.491925

Results
==========================================================
Global
----------------------------------------------------------
RVFWSL;-22.96;%
RV4CSL;-18.73;%
ED;0.00;ms
ES;307.45;ms

Curves
==========================================================
Longitudinal Strain
Unit [%]
Time [ms];0.00;16.01;32.03;48.04;64.05;80.06;96.08;112.09;128.10;144.12;160.13;176.14;192.15;208.17;224.18;240.19;256.21;272.22;288.23;304.24;320.26;336.27;352.28;368.29;384.31;400.32;416.33;432.35;448.36;464.37;480.38;496.40;512.41;528.42;544.44;560.45;576.46;592.47;
Basal;0.00;-1.07;-1.06;-0.58;-0.73;-1.97;-3.77;-5.04;-6.17;-8.19;-10.32;-12.40;-14.63;-16.84;-19.14;-20.81;-22.14;-23.54;-24.47;-24.96;-24.45;-23.14;-21.06;-18.25;-14.81;-12.45;-8.94;-6.73;-5.80;-4.19;-2.63;-1.31;-0.25;0.56;0.60;0.54;0.70;0.47;
Mid;0.00;-1.15;-1.27;-0.90;-1.07;-2.07;-3.36;-4.19;-5.46;-7.40;-9.23;-10.64;-12.31;-14.25;-16.06;-17.45;-18.58;-19.66;-20.30;-20.45;-19.90;-18.80;-16.93;-14.08;-11.47;-10.16;-7.64;-6.12;-5.15;-3.54;-2.11;-0.79;0.28;0.98;1.04;1.01;1.08;0.70;
Apical;0.00;-0.06;0.48;1.15;1.49;0.49;-0.99;-2.40;-4.24;-6.73;-9.49;-11.99;-14.14;-15.84;-17.35;-18.61;-19.67;-20.69;-21.36;-21.65;-21.05;-19.77;-17.66;-14.96;-12.46;-11.44;-8.49;-6.74;-5.61;-4.04;-2.62;-1.60;-0.78;-0.17;-0.19;-0.21;0.01;-0.13;

----------------------------------------------------------


