PatientInformation
==========================================================
PatientID;No patientID
Name;,,
Date of Birth;
Sex;
Version;AutoStrainCap2 2.1.0.491925

Results
==========================================================
Global
----------------------------------------------------------
LaSr_ED;25.90;%
LaScd_ED;-17.82;%
LaSct_ED;-8.08;%
LaSr_AC;23.96;%
LaScd_AC;-16.49;%
LaSct_AC;-7.47;%
ED;0.00;ms
ES;285.12;ms
PreA;645.48;ms

Curves
==========================================================
Longitudinal Strain
Unit [%]
Time [ms];0.00;7.92;15.84;23.76;31.68;39.60;47.52;55.44;63.36;71.28;79.20;87.12;95.04;102.96;110.88;118.80;126.72;134.64;142.56;150.48;158.40;166.32;174.24;182.16;190.08;198.00;205.92;213.84;221.76;229.68;237.60;245.52;253.44;261.36;269.28;277.20;285.12;293.04;300.96;308.88;316.80;324.72;332.64;340.56;348.48;356.40;364.32;372.24;380.16;388.08;396.00;403.92;411.84;419.76;427.68;435.60;443.52;451.44;459.36;467.28;475.20;483.12;491.04;498.96;506.88;514.80;522.72;530.64;538.56;546.48;554.40;562.32;570.24;578.16;586.08;594.00;601.92;609.84;617.76;625.68;633.60;641.52;649.44;657.36;665.28;673.20;681.12;689.04;696.96;704.88;712.80;720.72;728.64;736.56;744.48;752.40;760.32;768.24;776.16;784.08;792.00;799.92;807.84;815.76;823.68;831.60;839.52;847.44;855.36;863.28;871.20;879.12;887.04;894.96;902.88;910.80;918.72;926.64;934.56;942.48;950.40;958.32;966.24;974.16;982.08;990.00;997.92;
LAS_ED;0.00;-2.05;-4.85;-6.83;-6.31;-2.18;3.27;6.61;8.47;9.09;8.99;8.65;8.49;9.12;10.24;11.65;13.26;14.75;16.26;17.19;18.04;18.66;19.17;19.66;20.12;20.72;21.35;22.03;22.72;23.38;24.06;24.53;24.99;25.36;25.64;25.83;25.90;25.82;25.65;25.47;25.30;25.20;25.20;25.29;25.45;25.62;25.69;25.59;25.30;24.53;23.59;22.54;21.46;20.36;19.40;18.16;17.08;16.01;15.13;14.28;13.78;12.94;12.40;11.87;11.46;11.13;10.84;10.64;10.45;10.32;10.17;10.04;9.82;9.64;9.39;9.13;8.89;8.63;8.51;8.28;8.21;8.10;8.07;8.03;8.03;8.08;8.14;8.20;8.28;8.34;8.41;8.40;8.39;8.40;8.37;8.39;8.36;8.40;8.41;8.40;8.44;8.31;8.43;7.98;7.76;7.32;6.91;6.38;5.79;5.17;4.49;3.79;3.12;2.45;1.91;1.35;0.92;0.54;0.21;-0.05;-0.30;-0.57;-0.81;-0.91;-0.97;-0.90;-0.63;
LAS_AC;-7.47;-9.36;-11.96;-13.78;-13.30;-9.48;-4.44;-1.35;0.37;0.95;0.86;0.54;0.39;0.97;2.01;3.32;4.80;6.19;7.58;8.44;9.23;9.80;10.28;10.72;11.15;11.71;12.29;12.92;13.56;14.17;14.80;15.23;15.66;16.00;16.26;16.44;16.50;16.43;16.27;16.10;15.94;15.85;15.85;15.93;16.08;16.24;16.30;16.22;15.94;15.24;14.37;13.40;12.40;11.38;10.49;9.34;8.34;7.35;6.53;5.75;5.28;4.51;4.01;3.52;3.14;2.83;2.56;2.38;2.20;2.08;1.94;1.82;1.62;1.46;1.22;0.98;0.76;0.52;0.41;0.20;0.13;0.03;0.00;-0.03;-0.03;0.01;0.07;0.13;0.20;0.25;0.32;0.31;0.30;0.31;0.28;0.30;0.27;0.31;0.32;0.31;0.34;0.23;0.34;-0.08;-0.29;-0.69;-1.07;-1.56;-2.10;-2.68;-3.31;-3.95;-4.58;-5.20;-5.70;-6.21;-6.62;-6.97;-7.27;-7.51;-7.74;-7.99;-8.21;-8.31;-8.36;-8.30;-8.05;

----------------------------------------------------------


