PatientInformation
==========================================================
PatientID;No patientID
Name;,,
Date of Birth;
Sex;
Version;AutoStrainCap2 2.1.0.491925

Results
==========================================================
Global
----------------------------------------------------------
RVFWSL;-21.63;%
RV4CSL;-18.32;%
ED;0.00;ms
ES;338.48;ms

Curves
==========================================================
Longitudinal Strain
Unit [%]
Time [ms];0.00;14.04;28.09;42.13;56.18;70.22;84.27;98.31;112.36;126.40;140.45;154.49;168.54;182.58;196.63;210.67;224.72;238.76;252.81;266.85;280.90;294.94;308.99;323.03;337.08;351.12;365.16;379.21;393.25;407.30;421.34;435.39;449.43;463.48;477.52;491.57;505.61;519.66;533.70;547.75;561.79;575.84;589.88;603.93;617.97;632.02;646.06;660.11;674.15;688.20;702.24;716.28;730.33;744.37;758.42;772.46;786.51;800.55;814.60;828.64;842.69;856.73;870.78;884.82;898.87;912.91;926.96;941.00;955.05;969.09;
Basal;0.00;-0.18;-1.39;-3.10;-4.62;-6.12;-7.54;-9.04;-10.48;-12.03;-13.62;-15.31;-16.89;-18.46;-19.82;-21.02;-21.88;-22.53;-22.96;-23.33;-23.65;-24.10;-25.01;-25.91;-26.42;-26.20;-25.42;-24.24;-22.67;-20.90;-18.97;-17.01;-14.53;-11.09;-6.41;-1.60;1.98;3.11;2.78;2.13;2.30;2.92;3.64;4.20;4.60;4.90;5.14;5.28;5.23;4.91;4.61;4.58;5.09;5.48;5.16;3.45;1.39;-0.12;-0.04;0.86;1.91;2.29;2.26;1.89;1.45;0.82;0.05;-0.92;-1.54;-1.36;
Mid;0.00;0.17;-0.67;-1.97;-3.04;-4.05;-5.01;-6.09;-7.14;-8.20;-9.09;-9.96;-10.72;-11.50;-12.15;-12.80;-13.43;-13.97;-14.31;-14.45;-14.50;-14.59;-14.96;-15.25;-15.13;-14.35;-13.11;-11.79;-10.71;-9.76;-8.89;-8.06;-6.83;-4.70;-1.36;2.23;4.91;5.80;5.56;5.13;5.41;6.06;6.67;6.90;6.87;6.75;6.72;6.64;6.37;5.80;5.23;4.93;5.17;5.37;4.97;3.37;1.54;0.38;0.95;2.32;3.72;4.20;4.11;3.68;3.21;2.53;1.57;0.14;-1.04;-1.27;
Apical;0.00;0.06;-1.30;-3.28;-4.91;-6.37;-7.69;-9.12;-10.47;-11.80;-12.97;-14.11;-15.14;-16.23;-17.21;-18.16;-19.02;-19.76;-20.22;-20.57;-20.73;-20.95;-21.34;-21.69;-21.74;-21.18;-20.31;-19.46;-18.48;-17.62;-16.70;-15.95;-14.62;-12.26;-8.84;-5.15;-2.34;-1.25;-1.23;-1.40;-0.87;-0.04;0.71;1.15;1.33;1.39;1.52;1.58;1.50;1.15;0.82;0.76;1.19;1.64;1.63;0.65;-0.49;-1.03;-0.22;1.25;2.67;3.36;3.49;3.29;3.03;2.51;1.54;-0.05;-1.38;-1.56;

----------------------------------------------------------


