PatientInformation
==========================================================
PatientID;No patientID
Name;,,
Date of Birth;
Sex;
Version;AutoStrainCap2 2.1.0.491925

Results
==========================================================
Global
----------------------------------------------------------
LaSr_ED;27.77;%
LaScd_ED;-23.59;%
LaSct_ED;-4.18;%
LaSr_AC;26.65;%
LaScd_AC;-22.64;%
LaSct_AC;-4.01;%
ED;0.00;ms
ES;290.66;ms
PreA;604.72;ms

Curves
==========================================================
Longitudinal Strain
Unit [%]
Time [ms];0.00;19.51;39.01;58.52;78.03;97.54;117.04;136.55;156.06;175.56;195.07;214.58;234.09;253.59;273.10;292.61;312.12;331.62;351.13;370.64;390.14;409.65;429.16;448.67;468.17;487.68;507.19;526.69;546.20;565.71;585.22;604.72;624.23;643.74;663.24;682.75;702.26;721.77;741.27;760.78;780.29;799.79;819.30;838.81;858.32;877.82;897.33;
LAS_ED;0.00;-1.64;-2.66;-2.32;-0.43;3.48;7.40;10.30;13.08;16.82;20.34;22.43;24.00;25.92;27.40;27.77;27.46;26.89;26.15;25.23;23.86;23.04;20.92;16.85;12.37;8.98;6.55;4.94;4.13;3.87;4.06;4.18;4.59;5.42;6.27;6.77;7.09;7.42;7.93;8.50;8.82;8.25;6.79;4.45;2.11;0.23;0.05;
LAS_AC;-4.01;-5.59;-6.57;-6.24;-4.43;-0.68;3.09;5.87;8.54;12.13;15.50;17.52;19.02;20.87;22.29;22.64;22.34;21.80;21.09;20.20;18.89;18.10;16.06;12.16;7.86;4.61;2.27;0.73;-0.05;-0.30;-0.11;0.00;0.39;1.19;2.01;2.48;2.79;3.11;3.59;4.14;4.45;3.91;2.50;0.26;-1.99;-3.79;-3.97;

----------------------------------------------------------


