PatientInformation
==========================================================
PatientID;No patientID
Name;,,
Date of Birth;
Sex;
Version;AutoStrainCap2 2.1.0.491925

Results
==========================================================
Global
----------------------------------------------------------
RVFWSL;-25.52;%
RV4CSL;-19.10;%
ED;0.00;ms
ES;320.88;ms

Curves
==========================================================
Longitudinal Strain
Unit [%]
Time [ms];0.00;11.42;22.84;34.26;45.68;57.10;68.52;79.93;91.35;102.77;114.19;125.61;137.03;148.45;159.87;171.29;182.71;194.13;205.55;216.96;228.38;239.80;251.22;262.64;274.06;285.48;296.90;308.32;319.74;331.16;342.58;354.00;365.41;376.83;388.25;399.67;411.09;422.51;433.93;445.35;456.77;468.19;479.61;491.03;502.44;513.86;525.28;536.70;548.12;559.54;570.96;582.38;593.80;605.22;616.64;628.06;639.47;650.89;662.31;673.73;685.15;696.57;707.99;719.41;730.83;742.25;753.67;765.09;776.51;787.92;799.34;810.76;822.18;833.60;845.02;856.44;867.86;879.28;890.70;902.12;913.54;924.95;
Basal;0.00;-0.46;-1.08;-2.00;-3.01;-3.85;-4.64;-5.38;-6.10;-7.04;-8.03;-9.12;-10.35;-11.85;-13.43;-14.98;-16.45;-17.48;-18.34;-19.02;-19.57;-20.20;-20.76;-21.31;-21.94;-22.43;-23.00;-24.02;-24.93;-25.52;-25.86;-25.96;-25.80;-25.64;-25.32;-24.91;-24.40;-23.70;-22.91;-22.04;-21.10;-20.37;-19.53;-18.53;-17.34;-15.56;-13.62;-11.66;-9.90;-8.84;-8.14;-7.72;-7.42;-7.15;-6.95;-6.88;-6.97;-7.29;-7.73;-8.27;-8.81;-9.39;-9.87;-10.25;-10.46;-10.41;-10.06;-9.27;-8.02;-5.94;-3.50;-0.94;1.34;2.77;3.67;4.20;4.50;4.65;4.63;4.25;3.51;1.76;
Mid;0.00;-0.32;-1.24;-2.63;-4.21;-5.61;-6.95;-8.20;-9.31;-10.42;-11.43;-12.39;-13.35;-14.59;-15.87;-17.15;-18.38;-19.27;-20.07;-20.80;-21.47;-22.17;-22.83;-23.46;-23.99;-24.22;-24.23;-24.63;-24.62;-23.88;-22.83;-21.71;-20.91;-20.71;-20.93;-21.33;-21.79;-22.27;-22.57;-22.61;-22.25;-21.37;-20.14;-18.74;-17.33;-15.96;-14.67;-13.45;-12.37;-11.66;-11.13;-10.75;-10.46;-10.17;-9.96;-9.87;-9.90;-10.11;-10.41;-10.79;-11.18;-11.55;-11.88;-12.10;-12.22;-12.18;-11.94;-11.40;-10.53;-9.19;-7.56;-5.80;-4.06;-2.47;-1.06;0.13;1.14;1.82;2.28;2.39;2.10;1.10;
Apical;0.00;-0.44;-1.34;-2.79;-4.41;-5.91;-7.32;-8.65;-9.93;-11.22;-12.46;-13.65;-14.75;-15.81;-16.79;-17.70;-18.57;-19.41;-20.22;-21.00;-21.74;-22.50;-23.23;-23.92;-24.57;-25.02;-25.36;-25.56;-25.47;-24.89;-24.06;-23.16;-22.35;-22.00;-21.86;-21.84;-21.88;-21.92;-21.85;-21.57;-21.03;-20.20;-19.12;-17.86;-16.58;-15.30;-14.06;-12.86;-11.79;-10.94;-10.32;-9.92;-9.66;-9.51;-9.46;-9.54;-9.73;-10.08;-10.50;-10.96;-11.41;-11.82;-12.14;-12.37;-12.45;-12.37;-12.06;-11.45;-10.50;-9.10;-7.41;-5.56;-3.75;-2.23;-0.98;0.04;0.86;1.18;1.36;1.33;1.18;0.56;

----------------------------------------------------------


