PatientInformation
==========================================================
PatientID;No patientID
Name;,,
Date of Birth;
Sex;
Version;AutoStrainCap2 2.1.0.491925

Results
==========================================================
Global
----------------------------------------------------------
LaSr_ED;28.48;%
LaScd_ED;-16.47;%
LaSct_ED;-12.00;%
LaSr_AC;25.42;%
LaScd_AC;-14.70;%
LaSct_AC;-10.72;%
ED;0.00;ms
ES;427.52;ms
PreA;696.46;ms

Curves
==========================================================
Longitudinal Strain
Unit [%]
Time [ms];0.00;8.17;16.35;24.52;32.70;40.87;49.05;57.22;65.40;73.57;81.74;89.92;98.09;106.27;114.44;122.62;130.79;138.96;147.14;155.31;163.49;171.66;179.84;188.01;196.19;204.36;212.53;220.71;228.88;237.06;245.23;253.41;261.58;269.76;277.93;286.10;294.28;302.45;310.63;318.80;326.98;335.15;343.32;351.50;359.67;367.85;376.02;384.20;392.37;400.55;408.72;416.89;425.07;433.24;441.42;449.59;457.77;465.94;474.12;482.29;490.46;498.64;506.81;514.99;523.16;531.34;539.51;547.68;555.86;564.03;572.21;580.38;588.56;596.73;604.91;613.08;621.25;629.43;637.60;645.78;653.95;662.13;670.30;678.48;686.65;694.82;703.00;711.17;719.35;727.52;735.70;743.87;752.04;760.22;768.39;776.57;784.74;792.92;801.09;809.27;817.44;825.61;833.79;841.96;850.14;858.31;866.49;874.66;882.84;891.01;899.18;907.36;915.53;923.71;931.88;940.06;948.23;956.40;
LAS_ED;0.00;-3.45;-5.27;-5.27;-4.56;-3.04;-2.04;-0.79;0.19;1.13;1.83;2.06;2.19;2.51;2.87;3.69;4.60;5.97;7.30;8.87;10.23;11.66;12.82;14.00;14.98;15.98;16.64;17.31;17.88;18.46;19.03;19.63;20.26;20.89;21.56;22.15;22.83;23.43;24.07;24.62;25.27;25.66;26.12;26.48;26.81;27.02;27.25;27.41;27.62;27.82;28.23;28.28;28.47;28.42;28.21;27.33;26.39;24.83;23.02;20.85;18.61;15.93;13.46;11.29;9.64;8.85;8.09;8.09;8.45;9.01;9.63;9.99;10.28;10.47;10.64;10.93;11.03;11.32;11.60;11.93;12.25;12.36;12.42;12.38;12.29;12.03;11.93;11.64;11.36;10.88;10.59;9.56;8.77;7.87;7.08;6.36;5.68;5.18;4.84;4.70;4.67;4.97;5.27;5.59;5.70;5.83;5.38;4.87;4.08;3.01;1.79;-0.04;-1.77;-3.26;-4.14;-3.99;-2.78;-1.10;
LAS_AC;-10.74;-13.82;-15.44;-15.45;-14.81;-13.45;-12.56;-11.44;-10.57;-9.73;-9.11;-8.90;-8.78;-8.50;-8.18;-7.45;-6.63;-5.41;-4.22;-2.82;-1.61;-0.33;0.70;1.76;2.63;3.52;4.11;4.71;5.22;5.74;6.25;6.78;7.35;7.91;8.50;9.03;9.64;10.17;10.74;11.24;11.82;12.17;12.58;12.89;13.19;13.38;13.58;13.72;13.91;14.09;14.46;14.51;14.67;14.63;14.44;13.66;12.81;11.42;9.81;7.87;5.87;3.48;1.27;-0.66;-2.14;-2.84;-3.52;-3.52;-3.20;-2.70;-2.15;-1.82;-1.57;-1.39;-1.25;-0.99;-0.89;-0.64;-0.38;-0.09;0.20;0.29;0.35;0.31;0.23;0.00;-0.09;-0.35;-0.60;-1.03;-1.29;-2.20;-2.91;-3.72;-4.42;-5.07;-5.67;-6.11;-6.42;-6.55;-6.57;-6.30;-6.04;-5.75;-5.65;-5.54;-5.94;-6.39;-7.10;-8.05;-9.14;-10.78;-12.32;-13.65;-14.43;-14.31;-13.22;-11.73;

----------------------------------------------------------


