PatientInformation
==========================================================
PatientID;No patientID
Name;,,
Date of Birth;
Sex;
Version;AutoStrainCap2 2.1.0.491925

Results
==========================================================
Global
----------------------------------------------------------
RVFWSL;-25.05;%
RV4CSL;-20.74;%
ED;0.00;ms
ES;337.41;ms

Curves
==========================================================
Longitudinal Strain
Unit [%]
Time [ms];0.00;12.50;24.99;37.49;49.99;62.48;74.98;87.48;99.97;112.47;124.97;137.46;149.96;162.46;174.96;187.45;199.95;212.45;224.94;237.44;249.94;262.43;274.93;287.43;299.92;312.42;324.92;337.41;349.91;362.41;374.90;387.40;399.90;412.39;424.89;437.39;449.88;462.38;474.88;487.38;499.87;512.37;524.87;537.36;549.86;562.36;574.85;587.35;599.85;612.34;624.84;637.34;649.83;662.33;674.83;687.32;699.82;712.32;724.81;737.31;749.81;762.30;774.80;787.30;799.79;812.29;824.79;837.29;849.78;862.28;874.78;887.27;899.77;912.27;924.76;937.26;949.76;962.25;
Basal;0.00;-0.87;-2.01;-2.91;-3.67;-4.81;-6.00;-7.74;-9.35;-10.89;-12.45;-13.89;-15.39;-16.71;-18.10;-19.40;-20.59;-21.69;-22.83;-24.01;-25.18;-26.18;-26.84;-27.39;-27.98;-29.05;-30.01;-30.55;-30.37;-29.78;-29.13;-29.00;-28.86;-28.52;-27.56;-26.25;-24.64;-22.54;-20.46;-18.66;-17.74;-17.20;-16.80;-16.58;-16.32;-16.07;-15.60;-15.16;-14.79;-14.53;-14.36;-14.32;-14.23;-14.25;-14.24;-14.36;-14.45;-14.63;-14.79;-15.00;-15.14;-15.31;-15.41;-15.56;-15.70;-15.70;-15.25;-14.23;-12.66;-10.73;-8.61;-6.45;-4.50;-3.01;-1.89;-1.03;-0.38;-0.02;
Mid;0.00;-0.19;-0.72;-1.41;-1.94;-2.75;-3.82;-5.63;-7.54;-9.33;-10.95;-12.33;-13.71;-14.89;-16.05;-16.95;-17.54;-17.94;-18.39;-19.03;-19.73;-20.28;-20.51;-20.61;-20.72;-21.14;-21.53;-21.68;-21.57;-21.23;-20.93;-20.94;-21.04;-20.93;-20.53;-19.83;-19.07;-18.22;-17.41;-16.56;-15.69;-14.86;-14.04;-13.52;-13.02;-12.58;-12.05;-11.59;-11.22;-10.91;-10.71;-10.67;-10.67;-10.81;-10.97;-11.23;-11.47;-11.75;-11.97;-12.19;-12.37;-12.59;-12.77;-12.98;-13.16;-13.24;-12.96;-12.34;-11.26;-9.91;-8.32;-6.64;-4.89;-3.28;-1.83;-0.77;-0.18;-0.00;
Apical;0.00;-1.41;-2.78;-3.29;-3.18;-3.45;-4.05;-5.87;-7.91;-9.97;-12.17;-14.06;-15.74;-16.76;-17.62;-18.29;-18.80;-19.24;-19.67;-20.19;-20.68;-21.01;-21.15;-21.17;-21.27;-21.74;-22.23;-22.50;-22.16;-21.61;-21.09;-21.02;-21.02;-20.87;-20.36;-19.66;-18.89;-17.89;-16.87;-15.82;-15.17;-14.51;-13.81;-13.33;-12.87;-12.49;-11.98;-11.54;-11.20;-10.82;-10.55;-10.41;-10.31;-10.33;-10.38;-10.51;-10.64;-10.79;-10.89;-10.98;-11.03;-11.12;-11.18;-11.24;-11.29;-11.27;-11.02;-10.50;-9.62;-8.40;-6.96;-5.34;-3.71;-2.48;-1.45;-0.70;-0.04;0.22;

----------------------------------------------------------


