PatientInformation
==========================================================
PatientID;No patientID
Name;,,
Date of Birth;
Sex;
Version;AutoStrainCap2 2.1.0.491925

Results
==========================================================
Global
----------------------------------------------------------
RVFWSL;-27.15;%
RV4CSL;-21.40;%
ED;0.00;ms
ES;382.17;ms

Curves
==========================================================
Longitudinal Strain
Unit [%]
Time [ms];0.00;21.35;42.70;64.05;85.40;106.75;128.10;149.45;170.80;192.15;213.50;234.85;256.20;277.56;298.91;320.26;341.61;362.96;384.31;405.66;427.01;448.36;469.71;491.06;512.41;533.76;555.11;576.46;597.81;619.16;640.51;661.86;
Basal;0.00;-1.32;-4.36;-6.38;-7.17;-8.87;-11.24;-13.50;-16.27;-18.65;-20.49;-22.09;-23.38;-24.45;-25.86;-27.36;-28.34;-29.32;-29.73;-28.30;-24.80;-19.81;-14.75;-9.87;-6.50;-3.78;-2.69;-2.20;-2.17;-2.12;-1.66;-0.81;
Mid;0.00;-1.69;-5.15;-7.82;-8.87;-10.53;-12.74;-14.67;-17.19;-19.10;-20.78;-22.26;-23.42;-24.32;-25.53;-26.77;-27.26;-27.21;-27.07;-25.12;-21.08;-16.00;-10.90;-6.23;-3.41;-1.32;-0.92;-0.84;-1.05;-1.19;-1.02;-0.50;
Apical;0.00;-1.83;-5.13;-7.20;-8.20;-9.83;-11.67;-13.12;-15.19;-16.95;-18.40;-19.48;-20.35;-21.13;-22.13;-23.05;-23.26;-23.47;-23.34;-21.63;-18.12;-13.18;-8.43;-4.25;-2.06;-0.51;-0.31;-0.39;-0.70;-0.91;-0.82;-0.37;

----------------------------------------------------------


