PatientInformation
==========================================================
PatientID;No patientID
Name;,,
Date of Birth;
Sex;
Version;AutoStrainCap2 2.1.0.491925

Results
==========================================================
Global
----------------------------------------------------------
LaSr_ED;28.63;%
LaScd_ED;-20.03;%
LaSct_ED;-8.60;%
LaSr_AC;26.31;%
LaScd_AC;-18.40;%
LaSct_AC;-7.90;%
ED;0.00;ms
ES;324.28;ms
PreA;563.04;ms

Curves
==========================================================
Longitudinal Strain
Unit [%]
Time [ms];0.00;17.82;35.64;53.45;71.27;89.09;106.91;124.72;142.54;160.36;178.18;195.99;213.81;231.63;249.45;267.26;285.08;302.90;320.72;338.53;356.35;374.17;391.99;409.80;427.62;445.44;463.26;481.08;498.89;516.71;534.53;552.35;570.16;587.98;605.80;623.62;641.43;659.25;677.07;694.89;712.70;730.52;748.34;766.16;783.97;
LAS_ED;0.00;0.14;-0.37;0.58;2.34;4.10;6.56;8.33;9.99;11.40;13.03;15.48;18.41;21.28;23.85;25.47;26.65;27.93;28.61;28.40;27.87;27.90;27.86;27.99;27.18;24.06;20.09;15.82;12.09;9.66;8.78;8.40;8.82;9.29;9.86;10.67;11.19;11.18;10.22;7.18;3.47;-0.45;-3.16;-3.63;-2.47;
LAS_AC;-8.10;-7.97;-8.44;-7.57;-5.95;-4.33;-2.07;-0.45;1.07;2.37;3.87;6.13;8.82;11.45;13.81;15.30;16.39;17.56;18.19;17.99;17.50;17.53;17.50;17.62;16.87;14.00;10.36;6.43;3.01;0.78;-0.04;-0.39;0.00;0.43;0.95;1.70;2.18;2.17;1.29;-1.51;-4.91;-8.52;-11.01;-11.44;-10.37;

----------------------------------------------------------


