PatientInformation
==========================================================
PatientID;No patientID
Name;,,
Date of Birth;
Sex;
Version;AutoStrainCap2 2.1.0.491925

Results
==========================================================
Global
----------------------------------------------------------
RVFWSL;-25.49;%
RV4CSL;-20.18;%
ED;0.00;ms
ES;317.15;ms

Curves
==========================================================
Longitudinal Strain
Unit [%]
Time [ms];0.00;17.82;35.64;53.45;71.27;89.09;106.91;124.72;142.54;160.36;178.18;195.99;213.81;231.63;249.45;267.26;285.08;302.90;320.72;338.53;356.35;374.17;391.99;409.80;427.62;445.44;463.26;481.08;498.89;516.71;534.53;552.35;570.16;587.98;605.80;623.62;641.43;659.25;677.07;694.89;712.70;730.52;748.34;766.16;783.97;
Basal;0.00;-1.75;-2.71;-4.63;-6.96;-9.21;-11.39;-13.64;-15.82;-17.90;-19.48;-20.23;-21.06;-22.93;-25.26;-27.40;-29.02;-29.68;-29.58;-29.07;-28.27;-27.42;-26.43;-24.91;-23.65;-23.42;-22.98;-21.41;-18.95;-15.94;-13.15;-11.13;-9.74;-9.12;-8.93;-9.05;-8.86;-7.79;-5.89;-3.00;-0.32;1.47;2.75;4.29;4.20;
Mid;0.00;-1.29;-1.72;-2.89;-4.43;-5.96;-7.48;-9.08;-10.68;-12.23;-13.34;-13.64;-14.05;-15.46;-17.42;-19.45;-21.03;-21.73;-21.73;-21.26;-20.60;-19.96;-19.21;-18.02;-17.22;-17.61;-17.98;-17.36;-15.88;-13.91;-11.94;-10.31;-9.07;-8.45;-8.21;-8.31;-8.22;-7.54;-6.09;-3.58;-1.05;0.90;2.43;3.97;3.84;
Apical;0.00;-1.06;-1.48;-2.92;-4.69;-6.25;-7.70;-9.28;-10.87;-12.52;-13.78;-14.30;-14.94;-16.52;-18.59;-20.54;-21.99;-22.51;-22.36;-21.98;-21.40;-20.66;-19.74;-18.29;-17.14;-16.92;-16.67;-15.93;-14.48;-12.57;-10.74;-9.32;-8.32;-7.89;-7.77;-7.86;-7.83;-7.31;-6.07;-3.84;-1.47;0.55;2.13;3.49;3.22;

----------------------------------------------------------


