PatientInformation
==========================================================
PatientID;No patientID
Name;,,
Date of Birth;
Sex;
Version;AutoStrainCap2 2.1.0.491925

Results
==========================================================
Global
----------------------------------------------------------
LaSr_ED;21.56;%
LaScd_ED;-18.94;%
LaSct_ED;-2.62;%
LaSr_AC;21.02;%
LaScd_AC;-18.47;%
LaSct_AC;-2.55;%
ED;0.00;ms
ES;311.72;ms
PreA;775.02;ms

Curves
==========================================================
Longitudinal Strain
Unit [%]
Time [ms];0.00;21.35;42.70;64.05;85.40;106.75;128.10;149.45;170.80;192.15;213.50;234.85;256.20;277.56;298.91;320.26;341.61;362.96;384.31;405.66;427.01;448.36;469.71;491.06;512.41;533.76;555.11;576.46;597.81;619.16;640.51;661.86;683.21;704.56;725.91;747.26;768.61;789.97;811.32;832.67;854.02;875.37;896.72;918.07;939.42;960.77;982.12;1003.47;1024.82;1046.17;1067.52;1088.87;1110.22;1131.57;1152.92;1174.27;1195.62;1216.97;
LAS_ED;0.00;-0.65;-0.00;1.17;3.08;5.55;8.21;10.41;12.41;13.97;15.58;17.64;19.49;20.81;21.45;21.52;21.15;21.10;20.48;18.60;15.70;11.98;7.40;3.08;0.16;-0.63;0.23;0.88;1.44;1.99;2.40;2.19;1.98;2.00;2.20;2.35;2.56;2.76;2.98;3.23;3.49;3.72;3.96;4.08;4.20;4.39;4.61;4.89;5.19;5.37;5.70;6.01;5.97;4.79;2.95;1.13;-0.49;-0.91;
LAS_AC;-2.49;-3.13;-2.49;-1.36;0.51;2.92;5.51;7.66;9.61;11.13;12.70;14.70;16.51;17.79;18.42;18.49;18.13;18.08;17.47;15.65;12.82;9.19;4.72;0.51;-2.34;-3.11;-2.27;-1.63;-1.09;-0.56;-0.15;-0.36;-0.56;-0.54;-0.35;-0.20;0.00;0.20;0.41;0.65;0.91;1.14;1.36;1.49;1.60;1.79;2.00;2.27;2.56;2.74;3.06;3.37;3.33;2.18;0.38;-1.39;-2.97;-3.38;

----------------------------------------------------------


