PatientInformation
==========================================================
PatientID;No patientID
Name;,,
Date of Birth;
Sex;
Version;AutoStrainCap2 2.1.0.491925

Results
==========================================================
Global
----------------------------------------------------------
RVFWSL;-21.24;%
RV4CSL;-17.61;%
ED;0.00;ms
ES;356.35;ms

Curves
==========================================================
Longitudinal Strain
Unit [%]
Time [ms];0.00;17.82;35.64;53.45;71.27;89.09;106.91;124.72;142.54;160.36;178.18;195.99;213.81;231.63;249.45;267.26;285.08;302.90;320.72;338.53;356.35;374.17;391.99;409.80;427.62;445.44;463.26;481.08;498.89;516.71;534.53;552.35;570.16;587.98;605.80;623.62;641.43;659.25;677.07;694.89;712.70;730.52;748.34;766.16;783.97;801.79;819.61;837.43;855.25;873.06;890.88;908.70;926.52;944.33;962.15;979.97;997.79;1015.60;1033.42;1051.24;1069.06;1086.87;1104.69;1122.51;1140.33;1158.14;1175.96;1193.78;1211.60;1229.41;1247.23;
Basal;0.00;-0.85;-1.24;-1.55;-2.28;-3.25;-4.47;-6.18;-8.16;-10.43;-13.30;-16.11;-18.55;-20.38;-21.77;-22.88;-23.44;-24.01;-24.77;-25.86;-26.80;-27.19;-26.98;-26.19;-25.15;-24.53;-24.35;-24.53;-25.60;-26.21;-25.81;-23.39;-20.12;-16.97;-15.00;-14.01;-13.72;-13.95;-14.38;-14.74;-14.86;-14.80;-14.71;-14.66;-14.63;-14.58;-14.42;-14.26;-14.05;-13.79;-13.49;-13.18;-12.95;-12.73;-12.57;-12.46;-12.40;-12.33;-12.22;-12.13;-12.00;-12.02;-11.91;-11.70;-11.22;-10.22;-7.99;-4.52;-0.65;1.64;1.69;
Mid;0.00;-0.69;-1.18;-1.76;-2.90;-4.35;-6.00;-8.04;-10.08;-11.98;-13.67;-14.96;-15.92;-16.47;-16.73;-16.79;-16.47;-16.25;-16.21;-16.52;-16.59;-15.98;-14.58;-12.73;-11.05;-10.64;-11.13;-12.40;-15.00;-17.25;-18.42;-17.24;-15.07;-12.78;-11.14;-10.24;-9.91;-10.01;-10.30;-10.62;-10.82;-10.92;-10.95;-10.97;-10.95;-10.91;-10.80;-10.69;-10.57;-10.43;-10.27;-10.08;-9.95;-9.82;-9.71;-9.64;-9.58;-9.52;-9.44;-9.36;-9.29;-9.32;-9.25;-8.95;-8.37;-7.22;-5.37;-2.87;-0.42;1.08;1.09;
Apical;0.00;-0.74;-1.28;-1.78;-2.64;-3.64;-4.82;-6.53;-8.34;-10.32;-12.40;-14.33;-15.85;-16.69;-17.12;-17.43;-17.47;-17.68;-18.04;-18.29;-18.28;-17.64;-16.93;-15.71;-14.45;-13.67;-13.52;-13.95;-15.79;-17.28;-17.80;-16.23;-13.83;-11.44;-9.78;-8.95;-8.75;-8.84;-9.16;-9.53;-9.85;-10.07;-10.19;-10.27;-10.28;-10.26;-10.18;-10.11;-10.03;-9.92;-9.78;-9.63;-9.54;-9.45;-9.39;-9.35;-9.34;-9.30;-9.23;-9.16;-9.13;-9.20;-9.19;-8.97;-8.50;-7.50;-5.73;-3.35;-0.83;0.70;0.95;

----------------------------------------------------------


