PatientInformation
==========================================================
PatientID;No patientID
Name;,,
Date of Birth;
Sex;
Version;AutoStrainCap2 2.1.0.491925

Results
==========================================================
Global
----------------------------------------------------------
LaSr_ED;15.32;%
LaScd_ED;-9.58;%
LaSct_ED;-5.74;%
LaSr_AC;14.49;%
LaScd_AC;-9.06;%
LaSct_AC;-5.43;%
ED;0.00;ms
ES;445.35;ms
PreA;651.68;ms

Curves
==========================================================
Longitudinal Strain
Unit [%]
Time [ms];0.00;20.43;40.86;61.29;81.72;102.14;122.57;143.00;163.43;183.86;204.29;224.72;245.15;265.57;286.00;306.43;326.86;347.29;367.72;388.15;408.58;429.00;449.43;469.86;490.29;510.72;531.15;551.58;572.01;592.44;612.86;633.29;653.72;674.15;694.58;715.01;735.44;755.87;776.29;796.72;817.15;837.58;
LAS_ED;0.00;0.18;-0.11;0.74;2.14;3.12;4.05;4.96;5.78;6.90;8.14;9.54;10.91;11.68;12.28;12.95;13.44;13.69;13.85;14.16;14.59;15.08;15.30;14.50;13.15;11.26;9.38;7.92;6.83;6.43;6.24;5.99;5.71;5.39;5.10;5.00;4.60;3.51;2.07;0.86;-0.11;-0.54;
LAS_AC;-5.40;-5.23;-5.50;-4.71;-3.38;-2.45;-1.57;-0.71;0.07;1.12;2.30;3.62;4.92;5.65;6.22;6.85;7.31;7.55;7.70;7.99;8.40;8.87;9.07;8.31;7.04;5.25;3.47;2.09;1.06;0.68;0.50;0.26;0.00;-0.30;-0.58;-0.67;-1.05;-2.08;-3.45;-4.59;-5.51;-5.92;

----------------------------------------------------------


