PatientInformation
==========================================================
PatientID;No patientID
Name;,,
Date of Birth;
Sex;
Version;AutoStrainCap2 2.1.0.491925

Results
==========================================================
Global
----------------------------------------------------------
RVFWSL;-23.06;%
RV4CSL;-20.80;%
ED;0.00;ms
ES;441.46;ms

Curves
==========================================================
Longitudinal Strain
Unit [%]
Time [ms];0.00;8.16;16.32;24.48;32.64;40.80;48.96;57.12;65.28;73.44;81.60;89.76;97.92;106.08;114.24;122.40;130.56;138.72;146.88;155.04;163.20;171.36;179.52;187.68;195.84;204.00;212.16;220.32;228.48;236.64;244.80;252.96;261.12;269.28;277.44;285.60;293.76;301.92;310.08;318.24;326.40;334.56;342.72;350.88;359.04;367.20;375.36;383.52;391.68;399.84;408.00;416.16;424.32;432.48;440.64;448.80;456.96;465.12;473.28;481.44;489.60;497.76;505.92;514.08;522.24;530.40;538.56;546.72;554.88;563.04;571.20;579.36;587.52;595.68;603.84;612.00;620.16;628.32;636.48;644.64;652.80;660.96;669.12;677.28;685.44;693.60;701.76;709.92;718.08;726.24;734.40;742.56;750.72;758.88;767.04;775.20;783.36;791.52;799.68;807.84;816.00;824.16;832.32;840.48;848.64;856.80;864.96;873.12;881.28;
Basal;0.00;-0.43;-0.59;-0.50;-0.33;0.03;0.27;0.62;0.83;1.01;1.00;0.62;0.04;-0.64;-1.42;-2.21;-2.99;-3.77;-4.64;-5.56;-6.61;-7.60;-8.64;-9.60;-10.49;-11.23;-11.88;-12.43;-12.92;-13.41;-13.94;-14.72;-15.54;-16.37;-17.15;-17.94;-18.55;-19.13;-19.57;-19.96;-20.19;-20.48;-20.65;-20.82;-20.94;-21.06;-21.15;-21.28;-21.46;-21.73;-22.10;-22.60;-23.16;-23.75;-24.25;-24.43;-24.35;-24.02;-23.29;-22.21;-20.81;-19.17;-17.47;-15.87;-14.51;-13.62;-13.29;-13.46;-13.89;-14.49;-15.06;-15.53;-15.84;-16.03;-16.09;-16.02;-15.85;-15.53;-15.11;-14.55;-13.86;-12.97;-12.12;-11.47;-11.25;-11.61;-12.90;-14.54;-16.15;-17.26;-17.48;-16.32;-14.24;-11.62;-8.81;-6.24;-4.25;-2.76;-1.56;-0.59;0.34;1.22;2.07;2.68;3.06;2.96;2.46;1.63;0.78;
Mid;0.00;-0.46;-0.68;-0.69;-0.54;-0.18;0.27;0.85;1.39;1.91;2.26;2.28;2.07;1.70;1.16;0.50;-0.28;-1.16;-2.16;-3.25;-4.42;-5.53;-6.63;-7.68;-8.64;-9.53;-10.52;-11.46;-12.32;-13.13;-13.86;-14.44;-14.95;-15.41;-15.85;-16.27;-16.73;-17.16;-17.51;-17.79;-17.95;-18.09;-18.15;-18.15;-18.11;-18.03;-17.89;-17.74;-17.62;-17.56;-17.56;-17.67;-17.82;-18.01;-18.17;-18.14;-18.06;-17.82;-17.30;-16.54;-15.57;-14.63;-13.69;-12.89;-12.28;-11.96;-11.95;-12.23;-12.67;-13.16;-13.57;-13.70;-13.65;-13.46;-13.18;-12.87;-12.64;-12.41;-12.13;-11.78;-11.36;-10.85;-10.41;-10.10;-10.11;-10.43;-11.18;-12.06;-12.91;-13.39;-13.36;-12.67;-11.41;-9.74;-7.89;-6.11;-4.53;-3.21;-2.05;-1.04;-0.04;0.96;1.93;2.66;3.13;3.13;2.57;1.70;0.82;
Apical;0.00;-0.41;-0.69;-0.84;-0.88;-0.75;-0.30;0.31;0.90;1.45;1.81;1.61;1.14;0.52;-0.23;-1.06;-1.90;-2.77;-3.72;-4.71;-5.75;-6.54;-7.33;-8.10;-8.82;-9.48;-10.39;-11.26;-12.12;-12.97;-13.85;-14.91;-15.98;-17.04;-18.04;-18.98;-19.78;-20.49;-21.09;-21.66;-22.19;-22.77;-23.37;-23.98;-24.55;-25.08;-25.43;-25.71;-25.91;-26.07;-26.17;-26.36;-26.46;-26.38;-26.03;-25.09;-23.69;-22.02;-20.25;-18.42;-16.59;-14.93;-13.41;-12.08;-10.99;-10.21;-9.72;-9.53;-9.51;-9.59;-9.63;-9.56;-9.40;-9.18;-8.93;-8.69;-8.52;-8.37;-8.22;-8.05;-7.85;-7.56;-7.32;-7.20;-7.31;-7.69;-8.46;-9.36;-10.24;-10.85;-11.03;-10.62;-9.72;-8.46;-7.00;-5.53;-4.20;-3.03;-1.96;-0.99;-0.06;0.81;1.61;2.20;2.55;2.53;2.05;1.34;0.64;

----------------------------------------------------------


