PatientInformation
==========================================================
PatientID;No patientID
Name;,,
Date of Birth;
Sex;
Version;AutoStrainCap2 2.1.0.491925

Results
==========================================================
Global
----------------------------------------------------------
RVFWSL;-20.53;%
RV4CSL;-14.12;%
ED;0.00;ms
ES;255.42;ms

Curves
==========================================================
Longitudinal Strain
Unit [%]
Time [ms];0.00;9.06;18.12;27.17;36.23;45.29;54.35;63.40;72.46;81.52;90.58;99.63;108.69;117.75;126.81;135.86;144.92;153.98;163.04;172.09;181.15;190.21;199.27;208.32;217.38;226.44;235.50;244.56;253.61;262.67;271.73;280.79;289.84;298.90;307.96;317.02;326.07;335.13;344.19;353.25;362.30;371.36;380.42;389.48;398.53;
Basal;0.00;-0.30;-1.34;-4.64;-8.44;-11.23;-13.07;-14.06;-14.14;-13.46;-12.38;-11.12;-10.32;-10.86;-11.99;-12.84;-13.78;-15.11;-16.28;-16.89;-17.21;-17.57;-17.99;-18.58;-19.21;-19.49;-19.84;-20.16;-20.33;-20.20;-19.29;-17.29;-15.56;-15.24;-15.21;-14.03;-12.28;-10.68;-9.01;-7.55;-6.17;-5.03;-3.63;-1.59;-0.02;
Mid;0.00;-0.10;-0.70;-2.99;-5.85;-8.40;-10.24;-11.22;-11.39;-11.02;-10.58;-10.59;-11.12;-12.15;-13.45;-14.48;-15.42;-16.42;-17.29;-17.94;-18.43;-19.02;-19.64;-20.27;-20.87;-21.20;-21.57;-21.95;-22.23;-22.26;-21.80;-20.72;-19.81;-19.68;-19.66;-18.88;-17.51;-15.91;-13.97;-11.74;-9.35;-6.86;-4.29;-1.91;-0.23;
Apical;0.00;0.11;-0.23;-2.28;-4.90;-7.28;-8.98;-9.68;-9.64;-9.32;-8.89;-8.62;-8.74;-9.49;-10.62;-11.70;-12.72;-13.68;-14.48;-15.07;-15.55;-16.12;-16.70;-17.25;-17.73;-18.00;-18.25;-18.47;-18.59;-18.44;-17.85;-16.60;-15.55;-15.48;-15.55;-14.92;-13.72;-12.38;-10.79;-9.13;-7.47;-6.01;-4.31;-2.04;-0.28;

----------------------------------------------------------


