PatientInformation
==========================================================
PatientID;No patientID
Name;,,
Date of Birth;
Sex;
Version;AutoStrainCap2 2.1.0.491925

Results
==========================================================
Global
----------------------------------------------------------
LaSr_ED;35.31;%
LaScd_ED;-28.46;%
LaSct_ED;-6.85;%
LaSr_AC;32.96;%
LaScd_AC;-26.57;%
LaSct_AC;-6.39;%
ED;0.00;ms
ES;320.26;ms
PreA;629.84;ms

Curves
==========================================================
Longitudinal Strain
Unit [%]
Time [ms];0.00;21.35;42.70;64.05;85.40;106.75;128.10;149.45;170.80;192.15;213.50;234.85;256.20;277.56;298.91;320.26;341.61;362.96;384.31;405.66;427.01;448.36;469.71;491.06;512.41;533.76;555.11;576.46;597.81;619.16;640.51;661.86;683.21;704.56;725.91;747.26;768.61;789.97;811.32;832.67;854.02;875.37;896.72;918.07;
LAS_ED;0.00;-1.97;-2.92;0.94;6.63;11.83;16.00;18.70;21.19;23.78;26.66;29.82;32.43;34.08;34.93;35.31;34.94;34.16;33.32;32.80;31.89;28.51;23.56;17.66;12.18;8.91;7.12;6.23;6.08;6.53;7.13;7.36;7.33;7.35;7.12;6.78;6.49;6.76;6.48;4.43;2.25;1.61;1.79;0.94;
LAS_AC;-6.65;-8.50;-9.38;-5.78;-0.46;4.39;8.28;10.80;13.13;15.55;18.23;21.19;23.62;25.16;25.95;26.31;25.97;25.24;24.45;23.96;23.12;19.96;15.34;9.83;4.72;1.66;-0.00;-0.84;-0.97;-0.56;0.00;0.22;0.19;0.20;-0.01;-0.32;-0.60;-0.34;-0.61;-2.52;-4.56;-5.15;-4.98;-5.78;

----------------------------------------------------------


