PatientInformation
==========================================================
PatientID;No patientID
Name;,,
Date of Birth;
Sex;
Version;AutoStrainCap2 2.1.0.491925

Results
==========================================================
Global
----------------------------------------------------------
RVFWSL;-29.76;%
RV4CSL;-22.39;%
ED;0.00;ms
ES;336.67;ms

Curves
==========================================================
Longitudinal Strain
Unit [%]
Time [ms];0.00;9.67;19.35;29.02;38.70;48.37;58.05;67.72;77.40;87.07;96.74;106.42;116.09;125.77;135.44;145.12;154.79;164.46;174.14;183.81;193.49;203.16;212.84;222.51;232.19;241.86;251.53;261.21;270.88;280.56;290.23;299.91;309.58;319.26;328.93;338.60;348.28;357.95;367.63;377.30;386.98;396.65;406.32;416.00;425.67;435.35;445.02;454.70;464.37;474.05;483.72;493.39;503.07;512.74;522.42;532.09;541.77;551.44;561.12;570.79;580.46;590.14;599.81;609.49;619.16;628.84;638.51;648.18;657.86;667.53;677.21;686.88;696.56;706.23;715.91;725.58;735.25;744.93;754.60;764.28;773.95;783.63;793.30;802.98;812.65;822.32;832.00;841.67;851.35;861.02;870.70;880.37;890.04;899.72;909.39;919.07;928.74;938.42;948.09;957.77;967.44;977.11;986.79;
Basal;0.00;3.54;3.25;0.67;-3.04;-6.72;-9.13;-10.74;-11.89;-12.85;-13.92;-15.45;-17.22;-19.13;-21.05;-22.89;-24.59;-26.19;-27.71;-29.17;-30.54;-31.79;-32.84;-33.58;-33.99;-33.95;-33.53;-32.88;-32.45;-32.31;-33.04;-35.08;-37.70;-39.93;-41.58;-41.15;-38.25;-34.21;-29.76;-26.67;-24.14;-23.01;-22.44;-22.67;-22.99;-23.51;-23.40;-23.18;-22.57;-21.87;-21.00;-20.23;-19.46;-18.78;-18.11;-17.53;-16.89;-16.31;-15.68;-15.10;-14.48;-14.09;-13.70;-13.34;-13.01;-12.69;-12.41;-12.19;-12.09;-12.10;-12.32;-12.59;-13.05;-13.57;-14.13;-14.66;-15.03;-15.36;-15.63;-15.90;-16.11;-16.54;-16.78;-16.89;-16.57;-15.99;-14.64;-13.02;-11.05;-8.94;-6.88;-4.42;-2.14;0.03;1.98;3.57;4.81;5.55;5.93;5.57;4.54;2.61;0.85;
Mid;0.00;4.11;4.86;3.49;1.02;-1.54;-3.25;-4.31;-4.94;-5.39;-5.93;-6.89;-8.09;-9.38;-10.70;-11.94;-13.05;-13.99;-14.78;-15.43;-15.98;-16.48;-16.87;-17.13;-17.25;-17.28;-17.29;-17.29;-17.32;-17.49;-17.82;-18.52;-19.15;-19.55;-20.06;-20.30;-19.65;-18.35;-16.67;-14.82;-13.37;-12.45;-12.09;-11.97;-12.14;-12.16;-12.08;-11.63;-10.99;-10.08;-9.13;-8.10;-7.20;-6.38;-5.73;-5.25;-5.12;-5.11;-5.16;-5.12;-4.90;-4.35;-3.61;-2.80;-2.00;-1.31;-0.70;-0.26;0.08;0.28;0.37;0.31;0.17;-0.04;-0.28;-0.56;-0.77;-1.00;-1.23;-1.49;-1.75;-2.24;-2.63;-2.78;-2.68;-2.08;-1.24;0.05;1.53;3.06;4.47;5.22;5.81;6.20;6.69;7.04;7.94;8.50;8.78;8.23;6.81;4.19;1.61;
Apical;0.00;2.92;2.80;0.98;-1.73;-4.38;-5.98;-6.92;-7.49;-7.89;-8.36;-9.13;-10.11;-11.16;-12.21;-13.15;-13.96;-14.62;-15.17;-15.66;-16.11;-16.61;-17.09;-17.53;-17.91;-18.28;-18.68;-19.08;-19.51;-20.03;-20.64;-21.73;-22.78;-23.73;-24.44;-25.18;-24.93;-24.30;-23.39;-22.27;-21.30;-20.91;-20.79;-20.75;-20.87;-20.85;-20.69;-20.23;-19.61;-18.73;-17.71;-16.56;-15.42;-14.34;-13.40;-12.70;-12.35;-12.20;-12.12;-12.05;-11.85;-11.62;-11.25;-10.91;-10.61;-10.49;-10.55;-10.78;-11.07;-11.37;-11.61;-11.51;-11.34;-11.14;-10.97;-10.90;-10.92;-11.05;-11.25;-11.50;-11.70;-12.09;-12.30;-12.22;-11.84;-10.94;-9.57;-7.76;-5.79;-3.80;-1.90;-0.33;1.09;2.28;3.47;4.54;5.53;6.24;6.65;6.37;5.31;3.25;1.20;

----------------------------------------------------------


