PatientInformation
==========================================================
PatientID;No patientID
Name;,,
Date of Birth;
Sex;
Version;AutoStrainCap2 2.1.0.491925

Results
==========================================================
Global
----------------------------------------------------------
LaSr_ED;13.26;%
LaScd_ED;-17.52;%
LaSct_ED;4.26;%
LaSr_AC;13.87;%
LaScd_AC;-18.32;%
LaSct_AC;4.46;%
ED;0.00;ms
ES;360.64;ms
PreA;486.03;ms

Curves
==========================================================
Longitudinal Strain
Unit [%]
Time [ms];0.00;10.36;20.73;31.09;41.45;51.82;62.18;72.54;82.91;93.27;103.63;114.00;124.36;134.72;145.08;155.45;165.81;176.17;186.54;196.90;207.26;217.63;227.99;238.35;248.72;259.08;269.44;279.81;290.17;300.53;310.90;321.26;331.62;341.99;352.35;362.71;373.07;383.44;393.80;404.16;414.53;424.89;435.25;445.62;455.98;466.34;476.71;487.07;497.43;507.80;518.16;528.52;538.89;549.25;559.61;569.98;580.34;590.70;601.06;
LAS_ED;0.00;0.40;0.57;0.85;1.54;2.43;3.16;3.60;3.75;3.79;3.90;4.12;4.74;5.50;6.47;7.23;7.42;7.40;7.54;8.00;8.63;9.25;9.47;9.67;9.92;10.30;10.77;11.27;11.53;11.76;11.90;12.24;12.55;12.90;13.16;13.25;12.90;12.07;10.84;9.52;8.29;7.03;5.60;3.59;1.41;-0.75;-2.81;-4.40;-5.43;-5.68;-5.53;-5.17;-5.16;-5.08;-4.99;-4.54;-3.87;-2.72;-1.42;
LAS_AC;4.60;5.02;5.20;5.49;6.21;7.14;7.91;8.36;8.52;8.56;8.68;8.91;9.56;10.35;11.37;12.16;12.37;12.34;12.48;12.97;13.63;14.27;14.50;14.72;14.97;15.38;15.86;16.39;16.66;16.90;17.05;17.40;17.72;18.09;18.36;18.46;18.10;17.22;15.94;14.55;13.27;11.95;10.46;8.36;6.07;3.82;1.67;0.00;-1.08;-1.34;-1.19;-0.80;-0.80;-0.72;-0.62;-0.15;0.55;1.76;3.11;

----------------------------------------------------------


