PatientInformation
==========================================================
PatientID;No patientID
Name;,,
Date of Birth;
Sex;
Version;AutoStrainCap2 2.1.0.491925

Results
==========================================================
Global
----------------------------------------------------------
RVFWSL;-20.73;%
RV4CSL;-17.55;%
ED;0.00;ms
ES;292.13;ms

Curves
==========================================================
Longitudinal Strain
Unit [%]
Time [ms];0.00;20.43;40.86;61.29;81.72;102.14;122.57;143.00;163.43;183.86;204.29;224.72;245.15;265.57;286.00;306.43;326.86;347.29;367.72;388.15;408.58;429.00;449.43;469.86;490.29;510.72;531.15;551.58;572.01;592.44;612.86;633.29;653.72;674.15;694.58;715.01;735.44;755.87;776.29;796.72;817.15;837.58;858.01;878.44;898.87;919.30;939.72;960.15;980.58;1001.01;1021.44;
Basal;0.00;-2.10;-5.03;-6.78;-8.34;-10.80;-13.15;-14.59;-15.67;-16.78;-17.76;-18.34;-18.63;-18.65;-18.53;-18.45;-18.28;-17.74;-16.74;-15.10;-13.68;-13.38;-12.79;-10.99;-8.63;-6.10;-3.85;-2.48;-1.44;-0.32;0.62;0.81;0.74;0.49;0.14;-0.60;-1.35;-2.07;-1.93;-0.03;3.09;7.18;9.68;7.23;3.48;1.62;1.07;1.15;1.01;-0.36;-0.93;
Mid;0.00;-1.39;-4.10;-7.23;-10.31;-13.56;-16.25;-17.63;-18.51;-19.53;-20.42;-20.92;-21.23;-21.67;-21.75;-20.93;-19.59;-17.84;-15.76;-13.30;-10.93;-8.94;-6.89;-4.63;-2.29;-0.88;0.04;0.07;-0.14;0.44;1.00;1.30;1.38;1.20;0.87;0.31;-0.30;-0.89;-0.76;0.52;3.25;8.04;11.23;8.73;4.87;3.68;3.77;3.68;2.94;0.77;-0.61;
Apical;0.00;-2.18;-5.33;-8.12;-10.45;-12.44;-14.07;-15.47;-16.83;-18.44;-19.99;-21.28;-22.38;-23.33;-23.91;-23.63;-22.84;-21.12;-18.88;-16.21;-13.68;-12.29;-11.09;-9.69;-8.03;-6.23;-4.67;-3.71;-3.02;-2.01;-1.20;-1.13;-1.26;-1.42;-1.59;-1.97;-2.30;-2.52;-2.11;-0.61;2.15;6.43;9.38;7.28;3.95;2.99;3.05;3.05;2.51;0.57;-0.61;

----------------------------------------------------------


