PatientInformation
==========================================================
PatientID;No patientID
Name;,,
Date of Birth;
Sex;
Version;AutoStrainCap2 2.1.0.491925

Results
==========================================================
Global
----------------------------------------------------------
LaSr_ED;35.03;%
LaScd_ED;-22.39;%
LaSct_ED;-12.64;%
LaSr_AC;31.13;%
LaScd_AC;-19.89;%
LaSct_AC;-11.23;%
ED;0.00;ms
ES;335.03;ms
PreA;657.81;ms

Curves
==========================================================
Longitudinal Strain
Unit [%]
Time [ms];0.00;20.43;40.86;61.29;81.72;102.14;122.57;143.00;163.43;183.86;204.29;224.72;245.15;265.57;286.00;306.43;326.86;347.29;367.72;388.15;408.58;429.00;449.43;469.86;490.29;510.72;531.15;551.58;572.01;592.43;612.86;633.29;653.72;674.15;694.58;715.01;735.44;755.87;776.29;796.72;817.15;837.58;858.01;878.44;898.87;919.30;939.72;960.15;
LAS_ED;0.00;-1.78;0.55;3.23;6.60;9.71;12.58;15.66;18.27;20.30;21.86;23.08;24.47;27.44;30.97;33.21;34.87;34.85;34.30;34.45;34.62;34.88;34.73;33.17;30.95;27.98;24.88;22.55;20.03;17.29;14.78;13.02;12.54;13.61;15.20;15.73;16.03;16.94;17.23;15.41;12.54;9.10;5.11;1.07;-2.06;-3.74;-3.60;-1.63;
LAS_AC;-11.14;-12.72;-10.65;-8.27;-5.27;-2.51;0.04;2.78;5.10;6.90;8.28;9.37;10.60;13.24;16.38;18.37;19.85;19.83;19.34;19.48;19.62;19.86;19.72;18.33;16.36;13.73;10.97;8.90;6.66;4.23;1.99;0.43;0.00;0.95;2.36;2.83;3.10;3.91;4.17;2.56;0.00;-3.06;-6.60;-10.19;-12.97;-14.47;-14.34;-12.59;

----------------------------------------------------------


