PatientInformation
==========================================================
PatientID;No patientID
Name;,,
Date of Birth;
Sex;
Version;AutoStrainCap2 2.1.0.491925

Results
==========================================================
Global
----------------------------------------------------------
RVFWSL;-32.23;%
RV4CSL;-24.47;%
ED;0.00;ms
ES;320.72;ms

Curves
==========================================================
Longitudinal Strain
Unit [%]
Time [ms];0.00;10.02;20.04;30.07;40.09;50.11;60.13;70.16;80.18;90.20;100.22;110.25;120.27;130.29;140.31;150.34;160.36;170.38;180.40;190.43;200.45;210.47;220.49;230.52;240.54;250.56;260.58;270.60;280.63;290.65;300.67;310.69;320.72;330.74;340.76;350.78;360.81;370.83;380.85;390.87;400.90;410.92;420.94;430.96;440.99;451.01;461.03;471.05;481.08;491.10;501.12;511.14;521.16;531.19;541.21;551.23;561.25;571.28;581.30;591.32;601.34;611.37;621.39;631.41;641.43;651.46;661.48;671.50;681.52;691.55;701.57;711.59;721.61;731.64;741.66;751.68;761.70;771.72;781.75;791.77;801.79;811.81;821.84;831.86;841.88;851.90;861.93;871.95;881.97;891.99;902.02;912.04;922.06;932.08;942.11;
Basal;0.00;0.22;0.28;0.09;-0.46;-1.42;-2.81;-4.49;-6.32;-8.31;-10.29;-12.25;-14.10;-15.91;-17.56;-19.11;-20.62;-22.22;-23.87;-25.52;-27.11;-28.60;-29.96;-31.17;-32.16;-32.89;-33.53;-34.25;-35.24;-36.71;-38.22;-39.33;-39.59;-38.44;-36.61;-34.62;-33.13;-32.58;-32.60;-32.77;-32.70;-32.00;-30.86;-29.41;-27.82;-26.44;-25.03;-23.52;-21.78;-19.62;-17.34;-15.13;-13.17;-11.81;-10.87;-10.24;-10.10;-10.01;-10.18;-10.28;-10.12;-9.67;-8.91;-8.11;-7.36;-6.96;-6.66;-6.42;-6.13;-5.83;-5.35;-4.67;-3.69;-2.44;-1.14;-0.10;0.36;0.08;-0.61;-1.28;-1.57;-1.42;-0.78;0.14;1.07;1.96;2.54;2.83;2.76;2.21;1.43;0.60;-0.04;-0.35;-0.28;
Mid;0.00;-0.20;-0.41;-0.67;-1.08;-1.55;-2.22;-3.05;-3.99;-5.00;-6.06;-7.15;-8.23;-9.35;-10.40;-11.43;-12.36;-13.20;-14.01;-14.81;-15.66;-16.70;-17.71;-18.57;-19.27;-19.74;-20.18;-20.72;-21.49;-22.70;-23.92;-24.86;-25.24;-24.82;-23.86;-22.65;-21.50;-20.63;-19.95;-19.36;-18.74;-18.06;-17.24;-16.34;-15.41;-14.82;-14.19;-13.43;-12.50;-11.14;-9.66;-8.16;-6.76;-5.34;-4.17;-3.19;-2.66;-2.58;-2.80;-3.05;-3.21;-3.56;-3.74;-3.90;-3.89;-3.54;-3.06;-2.60;-2.19;-2.05;-1.91;-1.69;-1.24;-0.44;0.45;1.17;1.49;1.27;0.80;0.38;0.24;0.29;0.69;1.30;1.91;2.51;2.87;3.00;2.93;2.69;2.33;1.88;1.42;0.80;0.33;
Apical;0.00;-0.31;-0.58;-0.87;-1.31;-1.77;-2.45;-3.26;-4.13;-4.92;-5.72;-6.59;-7.52;-8.90;-10.29;-11.70;-13.10;-14.63;-16.16;-17.63;-19.00;-20.13;-21.13;-21.98;-22.71;-23.27;-23.81;-24.46;-25.33;-26.71;-28.15;-29.36;-30.04;-29.79;-29.00;-27.96;-26.91;-26.18;-25.62;-25.15;-24.71;-24.26;-23.73;-23.11;-22.33;-21.60;-20.69;-19.62;-18.45;-17.03;-15.64;-14.30;-13.14;-11.92;-10.97;-10.19;-9.78;-9.48;-9.33;-9.08;-8.55;-8.10;-7.39;-6.67;-5.95;-5.42;-4.93;-4.50;-4.10;-3.82;-3.53;-3.23;-2.84;-2.50;-2.14;-1.86;-1.73;-1.65;-1.58;-1.34;-0.71;0.02;1.10;2.27;3.22;3.90;4.13;4.07;3.79;3.34;2.80;2.18;1.54;0.90;0.38;

----------------------------------------------------------


