PatientInformation
==========================================================
PatientID;No patientID
Name;,,
Date of Birth;
Sex;
Version;AutoStrainCap2 2.1.0.491925

Results
==========================================================
Global
----------------------------------------------------------
LaSr_ED;17.79;%
LaScd_ED;-9.92;%
LaSct_ED;-7.87;%
LaSr_AC;16.50;%
LaScd_AC;-9.20;%
LaSct_AC;-7.30;%
ED;0.00;ms
ES;419.13;ms
PreA;749.35;ms

Curves
==========================================================
Longitudinal Strain
Unit [%]
Time [ms];0.00;10.58;21.17;31.75;42.34;52.92;63.50;74.09;84.67;95.26;105.84;116.42;127.01;137.59;148.18;158.76;169.34;179.93;190.51;201.10;211.68;222.26;232.85;243.43;254.02;264.60;275.18;285.77;296.35;306.94;317.52;328.10;338.69;349.27;359.86;370.44;381.02;391.61;402.19;412.78;423.36;433.94;444.53;455.11;465.70;476.28;486.86;497.45;508.03;518.62;529.20;539.78;550.37;560.95;571.54;582.12;592.70;603.29;613.87;624.46;635.04;645.62;656.21;666.79;677.38;687.96;698.54;709.13;719.71;730.30;740.88;751.46;762.05;772.63;783.22;793.80;804.38;814.97;825.55;836.14;846.72;857.30;867.89;878.47;889.06;899.64;910.22;920.81;931.39;941.98;952.56;963.14;973.73;984.31;994.90;1005.48;1016.06;1026.65;1037.23;1047.82;1058.40;1068.98;
LAS_ED;0.00;-0.33;-1.29;-0.52;0.34;2.11;2.92;4.08;4.90;5.80;6.63;7.42;8.22;9.04;9.86;10.76;11.58;12.45;13.28;14.00;14.66;14.96;15.21;15.33;15.50;15.67;15.98;16.31;16.66;16.97;17.13;17.28;17.28;17.26;17.23;17.28;17.40;17.58;17.73;17.77;17.77;17.46;16.94;16.28;15.56;14.90;14.29;13.79;13.36;12.94;12.51;12.12;11.72;11.35;11.03;10.80;10.56;10.40;10.32;10.27;10.29;10.34;10.41;10.47;10.38;10.37;9.88;9.49;8.98;8.53;8.11;7.82;7.61;7.46;7.38;7.33;7.27;7.22;7.20;7.14;7.16;6.89;6.71;6.52;6.38;6.26;6.24;6.13;6.03;5.57;5.09;3.85;2.65;1.16;-0.17;-1.46;-2.50;-3.35;-3.64;-3.73;-2.75;-1.73;
LAS_AC;-7.25;-7.56;-8.45;-7.73;-6.94;-5.30;-4.54;-3.47;-2.71;-1.88;-1.10;-0.38;0.37;1.13;1.89;2.72;3.49;4.29;5.07;5.74;6.35;6.62;6.85;6.97;7.12;7.28;7.57;7.87;8.20;8.48;8.63;8.77;8.77;8.75;8.73;8.78;8.89;9.05;9.19;9.23;9.23;8.94;8.46;7.85;7.18;6.57;6.00;5.54;5.13;4.75;4.35;3.99;3.61;3.27;2.97;2.77;2.54;2.40;2.32;2.27;2.29;2.34;2.40;2.45;2.38;2.37;1.91;1.55;1.07;0.66;0.26;0.00;-0.20;-0.33;-0.41;-0.46;-0.51;-0.56;-0.58;-0.63;-0.61;-0.86;-1.03;-1.21;-1.34;-1.45;-1.46;-1.57;-1.66;-2.09;-2.53;-3.68;-4.80;-6.18;-7.41;-8.61;-9.57;-10.36;-10.63;-10.71;-9.80;-8.86;

----------------------------------------------------------


