PatientInformation
==========================================================
PatientID;No patientID
Name;,,
Date of Birth;
Sex;
Version;AutoStrainCap2 2.1.0.491925

Results
==========================================================
Global
----------------------------------------------------------
RVFWSL;-21.98;%
RV4CSL;-15.28;%
ED;0.00;ms
ES;432.07;ms

Curves
==========================================================
Longitudinal Strain
Unit [%]
Time [ms];0.00;12.24;24.48;36.72;48.96;61.20;73.44;85.68;97.92;110.16;122.40;134.64;146.88;159.12;171.36;183.60;195.84;208.08;220.32;232.56;244.80;257.04;269.28;281.52;293.76;306.00;318.24;330.48;342.72;354.96;367.20;379.44;391.68;403.92;416.16;428.40;440.64;452.88;465.12;477.36;489.60;501.84;514.08;526.32;538.56;550.80;563.04;575.28;587.52;599.76;612.00;624.24;636.48;648.72;660.96;673.20;685.44;697.68;709.92;722.16;734.40;746.64;758.88;771.12;783.36;795.60;807.84;820.08;832.32;844.56;856.80;869.04;881.28;893.52;905.76;918.00;930.24;942.48;954.72;966.96;979.20;991.44;1003.68;1015.92;1028.16;1040.40;1052.64;1064.88;
Basal;0.00;1.20;1.77;1.51;0.10;-1.58;-3.49;-5.49;-7.34;-9.09;-10.60;-11.95;-13.28;-14.56;-15.92;-17.34;-18.81;-20.25;-21.62;-22.80;-23.78;-24.55;-25.11;-25.45;-25.79;-26.03;-26.23;-26.29;-26.16;-25.77;-25.40;-25.29;-25.66;-27.02;-28.58;-29.75;-30.07;-28.38;-25.91;-23.13;-20.48;-18.37;-16.62;-15.27;-14.37;-13.88;-13.73;-13.62;-13.38;-13.10;-12.59;-11.96;-11.38;-10.79;-10.34;-9.98;-9.69;-10.12;-10.59;-10.96;-11.16;-10.98;-10.73;-10.42;-10.10;-9.91;-9.80;-9.78;-9.92;-10.25;-10.62;-10.82;-10.70;-10.12;-9.17;-8.01;-6.77;-5.59;-4.48;-3.46;-2.57;-1.70;-1.00;-0.48;-0.17;-0.39;-0.62;-0.59;
Mid;0.00;-0.35;-1.03;-2.03;-3.12;-4.84;-6.93;-9.08;-11.02;-12.62;-13.86;-14.87;-15.76;-16.62;-17.49;-18.33;-19.12;-19.41;-19.57;-19.63;-19.69;-20.68;-21.65;-22.50;-23.07;-22.99;-22.53;-21.78;-20.85;-20.39;-20.06;-19.98;-20.29;-20.84;-21.47;-21.77;-21.29;-20.08;-18.08;-15.72;-13.32;-11.09;-9.14;-7.57;-6.48;-5.99;-5.83;-5.74;-5.40;-4.98;-4.25;-3.41;-2.71;-2.02;-1.56;-1.21;-0.98;-1.70;-2.46;-3.05;-3.43;-3.33;-3.16;-2.95;-2.78;-2.87;-3.07;-3.36;-3.77;-4.30;-4.85;-5.30;-5.54;-5.50;-5.19;-4.67;-3.96;-3.09;-2.18;-1.35;-0.71;-0.27;-0.03;0.08;0.15;-0.00;-0.08;-0.05;
Apical;0.00;0.30;0.10;-0.59;-1.97;-3.14;-4.35;-5.45;-6.26;-6.74;-6.85;-6.71;-6.50;-6.30;-6.24;-6.34;-6.65;-7.04;-7.51;-7.98;-8.37;-9.04;-9.58;-10.05;-10.43;-10.64;-10.68;-10.48;-9.96;-9.77;-9.55;-9.60;-10.14;-11.09;-12.27;-13.22;-13.51;-13.27;-12.29;-10.93;-9.45;-7.96;-6.69;-5.75;-5.28;-5.67;-6.41;-7.23;-7.64;-7.65;-7.22;-6.74;-6.66;-7.11;-7.98;-8.87;-9.33;-9.39;-8.84;-8.03;-7.23;-6.48;-5.90;-5.32;-4.67;-3.94;-3.19;-2.59;-2.21;-2.21;-2.41;-2.66;-2.84;-2.82;-2.61;-2.24;-1.71;-1.04;-0.37;0.13;0.35;0.21;-0.13;-0.49;-0.72;-0.84;-0.73;-0.44;

----------------------------------------------------------


