PatientInformation
==========================================================
PatientID;No patientID
Name;,,
Date of Birth;
Sex;
Version;AutoStrainCap2 2.1.0.491925

Results
==========================================================
Global
----------------------------------------------------------
LaSr_ED;14.02;%
LaScd_ED;-14.65;%
LaSct_ED;0.63;%
LaSr_AC;14.12;%
LaScd_AC;-14.75;%
LaSct_AC;0.64;%
ED;0.00;ms
ES;364.44;ms
PreA;875.33;ms

Curves
==========================================================
Longitudinal Strain
Unit [%]
Time [ms];0.00;11.18;22.36;33.54;44.72;55.90;67.08;78.25;89.43;100.61;111.79;122.97;134.15;145.33;156.51;167.69;178.87;190.05;201.23;212.40;223.58;234.76;245.94;257.12;268.30;279.48;290.66;301.84;313.02;324.20;335.38;346.56;357.73;368.91;380.09;391.27;402.45;413.63;424.81;435.99;447.17;458.35;469.53;480.71;491.88;503.06;514.24;525.42;536.60;547.78;558.96;570.14;581.32;592.50;603.68;614.86;626.04;637.21;648.39;659.57;670.75;681.93;693.11;704.29;715.47;726.65;737.83;749.01;760.19;771.36;782.54;793.72;804.90;816.08;827.26;838.44;849.62;860.80;871.98;883.16;894.34;905.52;916.69;927.87;939.05;950.23;961.41;972.59;983.77;994.95;1006.13;1017.31;1028.49;1039.67;1050.84;1062.02;1073.20;1084.38;1095.56;1106.74;1117.92;1129.10;1140.28;1151.46;1162.64;1173.82;1185.00;1196.17;1207.35;1218.53;1229.71;1240.89;1252.07;1263.25;1274.43;1285.61;1296.79;1307.97;1319.15;1330.32;1341.50;1352.68;1363.86;1375.04;
LAS_ED;0.00;-0.12;-0.01;0.60;1.45;2.41;3.38;3.87;4.25;4.44;4.58;4.70;4.91;5.29;5.79;6.40;7.06;7.79;8.48;9.24;9.93;10.56;11.13;11.62;12.04;12.38;12.67;12.93;13.15;13.38;13.60;13.83;13.99;14.01;13.78;13.21;12.25;10.61;8.63;6.41;4.17;1.98;0.24;-1.12;-1.89;-2.36;-2.47;-2.35;-2.06;-1.75;-1.39;-0.97;-0.56;-0.16;0.17;0.39;0.50;0.52;0.48;0.34;0.22;-0.12;-0.39;-0.69;-0.95;-1.17;-1.34;-1.37;-1.37;-1.31;-1.22;-1.12;-1.02;-0.97;-0.92;-0.89;-0.84;-0.79;-0.65;-0.59;-0.45;-0.33;-0.23;-0.16;-0.20;-0.22;-0.35;-0.48;-0.62;-0.70;-0.70;-0.62;-0.46;-0.25;-0.03;0.13;0.26;0.22;0.15;0.00;-0.13;-0.24;-0.25;-0.21;-0.09;0.09;0.24;0.40;0.44;0.41;0.25;0.08;-0.10;-0.29;-0.37;-0.49;-0.49;-0.49;-0.46;-0.41;-0.38;-0.24;-0.14;-0.03;
LAS_AC;0.66;0.54;0.65;1.26;2.12;3.08;4.06;4.56;4.94;5.13;5.27;5.39;5.60;5.98;6.49;7.10;7.77;8.50;9.20;9.96;10.65;11.29;11.86;12.35;12.78;13.12;13.41;13.67;13.90;14.13;14.35;14.58;14.74;14.76;14.53;13.95;12.99;11.33;9.34;7.11;4.85;2.65;0.90;-0.47;-1.24;-1.72;-1.83;-1.71;-1.41;-1.10;-0.74;-0.32;0.09;0.50;0.83;1.05;1.16;1.19;1.15;1.00;0.88;0.54;0.27;-0.03;-0.30;-0.51;-0.69;-0.73;-0.72;-0.66;-0.57;-0.47;-0.37;-0.32;-0.27;-0.24;-0.18;-0.13;0.00;0.07;0.20;0.32;0.42;0.49;0.45;0.43;0.31;0.18;0.04;-0.04;-0.04;0.03;0.20;0.40;0.63;0.79;0.92;0.88;0.81;0.66;0.53;0.42;0.40;0.44;0.57;0.75;0.90;1.06;1.11;1.07;0.91;0.74;0.56;0.37;0.28;0.16;0.17;0.16;0.20;0.24;0.27;0.41;0.52;0.63;

----------------------------------------------------------


