PatientInformation
==========================================================
PatientID;No patientID
Name;,,
Date of Birth;
Sex;
Version;AutoStrainCap2 2.1.0.491925

Results
==========================================================
Global
----------------------------------------------------------
RVFWSL;-25.80;%
RV4CSL;-22.76;%
ED;0.00;ms
ES;330.95;ms

Curves
==========================================================
Longitudinal Strain
Unit [%]
Time [ms];0.00;11.49;22.98;34.47;45.96;57.46;68.95;80.44;91.93;103.42;114.91;126.40;137.89;149.39;160.88;172.37;183.86;195.35;206.84;218.33;229.82;241.32;252.81;264.30;275.79;287.28;298.77;310.26;321.75;333.24;344.74;356.23;367.72;379.21;390.70;402.19;413.68;425.17;436.67;448.16;459.65;471.14;482.63;494.12;505.61;517.10;528.60;540.09;551.58;563.07;574.56;586.05;597.54;609.03;620.52;632.02;643.51;655.00;666.49;677.98;689.47;700.96;712.45;723.95;735.44;746.93;758.42;769.91;781.40;792.89;804.38;815.88;827.37;838.86;850.35;861.84;873.33;884.82;896.31;907.80;919.30;930.79;942.28;953.77;
Basal;0.00;0.24;-0.47;-1.78;-3.77;-4.93;-5.83;-6.66;-7.68;-8.93;-10.43;-12.04;-13.63;-15.44;-17.08;-18.50;-19.75;-20.88;-21.86;-22.64;-23.25;-23.52;-23.67;-23.73;-23.78;-23.95;-24.08;-24.06;-23.75;-23.12;-22.10;-20.88;-19.60;-18.53;-17.55;-16.56;-15.67;-14.52;-13.30;-11.84;-10.14;-8.35;-6.52;-4.83;-3.36;-2.25;-1.28;-0.40;0.26;0.73;1.00;1.14;1.14;0.55;-0.15;-0.85;-1.39;-1.58;-1.64;-1.61;-1.57;-1.55;-1.55;-1.56;-1.54;-1.54;-1.51;-1.45;-1.36;-1.22;-1.05;-0.88;-0.71;-0.56;-0.41;-0.25;-0.08;0.12;0.26;0.31;0.10;-0.21;-0.55;-0.54;
Mid;0.00;0.23;-0.55;-2.03;-4.22;-5.74;-6.98;-8.10;-9.27;-10.22;-11.31;-12.47;-13.61;-15.16;-16.55;-17.72;-18.63;-19.30;-19.78;-20.19;-20.65;-21.48;-22.41;-23.35;-24.17;-24.69;-25.02;-25.16;-25.09;-25.11;-24.89;-24.51;-24.08;-23.36;-22.66;-21.85;-20.91;-19.38;-17.63;-15.67;-13.63;-11.72;-9.94;-8.34;-6.96;-5.90;-4.97;-4.11;-3.31;-2.57;-1.90;-1.36;-1.02;-1.09;-1.35;-1.67;-1.90;-2.02;-2.05;-1.99;-1.93;-1.88;-1.85;-1.83;-1.78;-1.72;-1.62;-1.50;-1.34;-1.18;-0.99;-0.81;-0.63;-0.48;-0.35;-0.19;-0.02;0.21;0.39;0.48;0.33;-0.04;-0.44;-0.51;
Apical;0.00;0.18;-0.58;-2.11;-4.70;-6.55;-8.04;-9.32;-10.55;-11.31;-12.12;-12.98;-13.85;-15.53;-17.12;-18.51;-19.65;-20.50;-21.18;-21.80;-22.50;-23.33;-24.27;-25.23;-26.12;-26.92;-27.51;-27.91;-28.02;-28.03;-27.74;-27.29;-26.79;-25.77;-24.81;-23.78;-22.81;-21.80;-20.74;-19.42;-17.86;-16.03;-14.19;-12.49;-10.90;-9.48;-8.10;-6.78;-5.63;-4.88;-4.32;-3.90;-3.64;-3.67;-3.85;-4.10;-4.29;-4.30;-4.21;-4.04;-3.86;-3.71;-3.59;-3.49;-3.36;-3.26;-3.11;-2.94;-2.74;-2.50;-2.23;-1.96;-1.69;-1.46;-1.23;-0.99;-0.73;-0.43;-0.17;-0.02;-0.09;-0.37;-0.66;-0.61;

----------------------------------------------------------


