PatientInformation
==========================================================
PatientID;No patientID
Name;,,
Date of Birth;
Sex;
Version;AutoStrainCap2 2.1.0.491925

Results
==========================================================
Global
----------------------------------------------------------
RVFWSL;-19.85;%
RV4CSL;-13.51;%
ED;0.00;ms
ES;235.82;ms

Curves
==========================================================
Longitudinal Strain
Unit [%]
Time [ms];0.00;8.16;16.32;24.48;32.64;40.80;48.96;57.12;65.28;73.44;81.60;89.76;97.92;106.08;114.24;122.40;130.56;138.72;146.88;155.04;163.20;171.36;179.52;187.68;195.84;204.00;212.16;220.32;228.48;236.64;244.80;252.96;261.12;269.28;277.44;285.60;293.76;301.92;310.08;318.24;326.40;334.56;342.72;350.88;359.04;367.20;375.36;383.52;391.68;399.84;408.00;416.16;424.32;432.48;440.64;448.80;456.96;465.12;473.28;481.44;489.60;497.76;505.92;514.08;522.24;530.40;538.56;546.72;554.88;563.04;571.20;579.36;587.52;595.68;603.84;612.00;620.16;628.32;636.48;644.64;652.80;660.96;669.12;677.28;685.44;693.60;701.76;709.92;718.08;
Basal;0.00;1.48;1.57;-1.65;-5.15;-5.97;-4.94;-2.92;-0.73;0.72;1.56;1.92;1.86;1.41;0.70;-0.26;-1.46;-2.88;-4.40;-5.85;-7.02;-7.79;-8.21;-8.49;-8.72;-9.06;-9.51;-10.04;-10.64;-11.25;-11.84;-12.36;-12.74;-12.95;-13.07;-13.20;-13.45;-13.99;-14.52;-14.72;-15.09;-14.31;-12.95;-11.25;-9.49;-7.91;-6.51;-5.34;-4.46;-4.06;-3.86;-3.74;-3.57;-3.36;-2.96;-2.38;-1.60;-0.77;0.16;0.99;1.62;1.81;1.79;1.70;1.64;1.79;1.93;2.01;1.85;1.44;1.06;1.13;2.03;4.33;7.20;10.00;12.06;12.58;11.98;10.50;8.35;5.61;2.75;0.21;-1.61;-2.12;-1.75;-0.92;-0.08;
Mid;0.00;1.49;1.78;-1.12;-4.52;-5.81;-5.51;-4.33;-2.93;-2.34;-2.16;-2.28;-2.57;-2.60;-2.76;-3.13;-3.80;-4.96;-6.31;-7.67;-8.83;-9.70;-10.31;-10.78;-11.20;-11.66;-12.18;-12.77;-13.39;-14.00;-14.58;-15.11;-15.54;-15.82;-16.00;-16.15;-16.33;-16.60;-16.83;-16.87;-17.05;-16.77;-16.20;-15.50;-14.85;-14.42;-14.13;-13.93;-13.80;-13.68;-13.57;-13.40;-13.07;-12.69;-12.04;-11.16;-10.07;-8.59;-7.04;-5.52;-4.14;-3.06;-2.16;-1.37;-0.65;-0.05;0.44;0.78;0.88;0.67;0.48;0.65;1.51;3.44;5.86;8.22;9.95;10.41;9.93;8.76;7.17;5.34;3.50;1.85;0.57;-0.02;-0.12;0.12;0.42;
Apical;0.00;1.63;2.04;-0.78;-4.19;-5.70;-5.82;-5.10;-4.03;-3.33;-2.88;-2.74;-3.01;-3.66;-4.68;-5.95;-7.43;-9.07;-10.75;-12.33;-13.66;-14.75;-15.56;-16.23;-16.87;-17.43;-18.05;-18.72;-19.39;-20.03;-20.64;-21.19;-21.67;-22.08;-22.41;-22.74;-23.09;-23.63;-24.14;-24.52;-24.67;-24.33;-23.74;-23.06;-22.45;-22.15;-21.93;-21.72;-21.48;-21.35;-21.19;-20.98;-20.70;-20.29;-19.72;-18.99;-18.04;-17.04;-15.81;-14.42;-12.94;-11.39;-9.93;-8.59;-7.43;-6.48;-5.78;-5.34;-5.20;-5.25;-5.39;-5.35;-4.87;-3.47;-1.73;-0.04;1.19;1.38;0.91;-0.07;-1.38;-3.10;-4.74;-5.97;-6.51;-5.61;-3.98;-2.05;-0.34;

----------------------------------------------------------


