PatientInformation
==========================================================
PatientID;No patientID
Name;,,
Date of Birth;
Sex;
Version;AutoStrainCap2 2.1.0.491925

Results
==========================================================
Global
----------------------------------------------------------
LaSr_ED;41.57;%
LaScd_ED;-34.28;%
LaSct_ED;-7.29;%
LaSr_AC;38.72;%
LaScd_AC;-31.93;%
LaSct_AC;-6.79;%
ED;0.00;ms
ES;450.49;ms
PreA;771.72;ms

Curves
==========================================================
Longitudinal Strain
Unit [%]
Time [ms];0.00;9.50;19.01;28.51;38.02;47.52;57.02;66.53;76.03;85.54;95.04;104.54;114.05;123.55;133.06;142.56;152.06;161.57;171.07;180.58;190.08;199.58;209.09;218.59;228.10;237.60;247.10;256.61;266.11;275.62;285.12;294.62;304.13;313.63;323.14;332.64;342.14;351.65;361.15;370.66;380.16;389.66;399.17;408.67;418.18;427.68;437.18;446.69;456.19;465.70;475.20;484.70;494.21;503.71;513.22;522.72;532.22;541.73;551.23;560.74;570.24;579.74;589.25;598.75;608.26;617.76;627.26;636.77;646.27;655.78;665.28;674.78;684.29;693.79;703.30;712.80;722.30;731.81;741.31;750.82;760.32;769.82;779.33;788.83;798.34;807.84;817.34;826.85;836.35;845.86;855.36;864.86;874.37;883.87;893.38;902.88;912.38;921.89;931.39;940.90;950.40;959.90;969.41;978.91;988.42;997.92;1007.42;1016.93;1026.43;1035.94;1045.44;1054.94;1064.45;1073.95;1083.46;
LAS_ED;0.00;-1.43;-2.75;-3.37;-2.79;-1.03;2.38;4.44;5.59;6.19;6.77;6.90;7.30;7.87;8.76;9.80;11.54;13.33;15.33;17.28;19.31;20.70;22.06;23.31;24.49;25.69;26.86;28.14;29.51;31.03;32.73;34.73;36.76;38.65;40.20;41.29;41.43;41.17;40.61;40.01;39.52;39.30;39.32;39.58;39.97;40.49;41.12;41.52;41.48;40.85;39.34;37.10;34.22;31.07;27.94;25.04;22.33;19.94;18.00;16.36;15.35;13.36;11.96;10.83;10.09;9.69;9.95;10.49;11.08;11.85;12.38;13.68;14.51;15.32;15.50;15.67;14.04;12.53;10.71;9.23;7.93;7.36;7.10;7.19;7.42;7.70;7.97;8.14;8.24;8.32;8.38;8.73;9.14;9.66;10.19;10.66;10.89;10.93;10.88;10.53;10.26;9.12;8.09;6.83;5.54;4.18;2.90;1.81;0.93;0.50;0.57;0.75;1.14;1.48;1.02;
LAS_AC;-6.86;-8.19;-9.42;-10.00;-9.46;-7.82;-4.64;-2.72;-1.66;-1.09;-0.55;-0.43;-0.06;0.47;1.30;2.27;3.89;5.56;7.42;9.24;11.13;12.42;13.69;14.85;15.95;17.07;18.16;19.36;20.63;22.04;23.63;25.49;27.38;29.14;30.58;31.60;31.73;31.49;30.96;30.41;29.95;29.74;29.77;30.01;30.37;30.86;31.45;31.82;31.78;31.19;29.79;27.70;25.01;22.08;19.16;16.47;13.94;11.72;9.91;8.38;7.44;5.59;4.28;3.22;2.54;2.16;2.41;2.92;3.46;4.18;4.68;5.88;6.66;7.41;7.58;7.74;6.22;4.81;3.12;1.74;0.53;0.00;-0.24;-0.17;0.05;0.31;0.57;0.73;0.82;0.89;0.94;1.27;1.65;2.14;2.63;3.07;3.29;3.32;3.27;2.95;2.69;1.64;0.68;-0.50;-1.70;-2.96;-4.16;-5.18;-5.99;-6.40;-6.33;-6.16;-5.80;-5.48;-5.90;

----------------------------------------------------------


