PatientInformation
==========================================================
PatientID;No patientID
Name;,,
Date of Birth;
Sex;
Version;AutoStrainCap2 2.1.0.491925

Results
==========================================================
Global
----------------------------------------------------------
RVFWSL;-14.99;%
RV4CSL;-13.79;%
ED;0.00;ms
ES;421.36;ms

Curves
==========================================================
Longitudinal Strain
Unit [%]
Time [ms];0.00;19.51;39.01;58.52;78.03;97.54;117.04;136.55;156.06;175.56;195.07;214.58;234.09;253.59;273.10;292.61;312.12;331.62;351.13;370.64;390.14;409.65;429.16;448.67;468.17;487.68;507.19;526.69;546.20;565.71;585.22;604.72;624.23;643.74;663.24;682.75;702.26;721.77;741.27;760.78;780.29;799.80;819.30;838.81;858.32;877.82;897.33;916.84;936.35;955.85;975.36;994.87;1014.37;1033.88;1053.39;1072.90;
Basal;0.00;-1.64;-3.39;-5.01;-6.45;-7.38;-7.68;-7.44;-7.02;-7.12;-6.91;-5.82;-4.76;-4.86;-5.89;-7.33;-9.23;-11.42;-13.36;-14.56;-15.09;-15.13;-14.65;-13.60;-11.99;-9.79;-7.30;-4.80;-2.83;-2.04;-1.70;-1.28;-0.79;-0.43;-0.02;0.82;1.64;2.16;2.35;2.23;1.99;1.66;1.53;1.80;2.04;1.98;1.72;1.50;1.57;2.14;2.79;3.00;2.78;2.25;1.52;0.81;
Mid;0.00;-2.71;-5.67;-7.53;-9.23;-10.23;-10.44;-10.06;-9.48;-9.45;-9.10;-7.76;-6.43;-6.40;-7.25;-8.31;-9.79;-11.72;-13.47;-14.50;-14.95;-15.08;-14.75;-13.86;-12.42;-10.38;-8.12;-5.98;-4.37;-3.74;-3.52;-3.31;-2.93;-2.40;-1.71;-0.60;0.47;1.21;1.61;1.71;1.63;1.35;1.22;1.52;1.79;1.79;1.60;1.44;1.59;2.16;2.79;3.04;2.88;2.43;1.72;0.90;
Apical;0.00;-5.98;-12.21;-13.27;-14.26;-14.82;-14.85;-14.63;-14.26;-14.47;-14.22;-12.90;-11.24;-10.12;-9.84;-10.16;-11.12;-12.36;-13.38;-13.77;-13.67;-13.48;-12.97;-12.05;-10.69;-8.87;-6.82;-4.83;-3.48;-3.44;-3.75;-3.78;-3.49;-3.13;-2.62;-1.59;-0.58;0.10;0.43;0.49;0.52;0.48;0.63;1.09;1.37;1.26;0.89;0.62;0.78;1.48;2.32;2.70;2.52;2.00;1.24;0.55;

----------------------------------------------------------


