PatientInformation
==========================================================
PatientID;No patientID
Name;,,
Date of Birth;
Sex;
Version;AutoStrainCap2 2.1.0.491925

Results
==========================================================
Global
----------------------------------------------------------
LaSr_ED;11.81;%
LaScd_ED;-12.25;%
LaSct_ED;0.44;%
LaSr_AC;11.90;%
LaScd_AC;-12.34;%
LaSct_AC;0.44;%
ED;0.00;ms
ES;275.05;ms
PreA;557.91;ms

Curves
==========================================================
Longitudinal Strain
Unit [%]
Time [ms];0.00;19.51;39.01;58.52;78.03;97.54;117.04;136.55;156.06;175.56;195.07;214.58;234.09;253.59;273.10;292.61;312.12;331.62;351.13;370.64;390.14;409.65;429.16;448.67;468.17;487.68;507.19;526.69;546.20;565.71;585.22;604.72;624.23;643.74;663.25;682.75;702.26;721.77;741.27;760.78;780.29;799.80;819.30;
LAS_ED;0.00;0.23;0.08;0.92;2.21;3.25;4.42;5.57;6.77;7.95;9.08;9.89;10.76;11.37;11.81;11.58;11.19;10.91;10.83;11.02;10.63;9.26;6.88;3.13;-0.34;-2.45;-3.11;-1.75;-0.39;-0.74;-1.85;-2.61;-2.77;-2.18;-1.34;-1.48;-1.88;-2.46;-2.86;-2.91;-2.76;-2.55;-1.76;
LAS_AC;0.75;0.98;0.83;1.68;2.98;4.03;5.20;6.36;7.57;8.76;9.90;10.71;11.59;12.20;12.64;12.42;12.02;11.74;11.66;11.85;11.46;10.08;7.68;3.91;0.40;-1.72;-2.38;-1.01;0.35;0.00;-1.12;-1.88;-2.04;-1.45;-0.60;-0.74;-1.15;-1.73;-2.13;-2.18;-2.03;-1.82;-1.02;

----------------------------------------------------------


