PatientInformation
==========================================================
PatientID;No patientID
Name;,,
Date of Birth;
Sex;
Version;AutoStrainCap2 2.1.0.491925

Results
==========================================================
Global
----------------------------------------------------------
RVFWSL;-28.17;%
RV4CSL;-22.72;%
ED;0.00;ms
ES;338.69;ms

Curves
==========================================================
Longitudinal Strain
Unit [%]
Time [ms];0.00;10.58;21.17;31.75;42.34;52.92;63.50;74.09;84.67;95.26;105.84;116.42;127.01;137.59;148.18;158.76;169.34;179.93;190.51;201.10;211.68;222.26;232.85;243.43;254.02;264.60;275.18;285.77;296.35;306.94;317.52;328.10;338.69;349.27;359.86;370.44;381.02;391.61;402.19;412.78;423.36;433.94;444.53;455.11;465.70;476.28;486.86;497.45;508.03;518.62;529.20;539.78;550.37;560.95;571.54;582.12;592.70;603.29;613.87;624.46;635.04;645.62;656.21;666.79;677.38;687.96;698.54;709.13;719.71;730.30;740.88;751.46;762.05;772.63;783.22;793.80;804.38;
Basal;0.00;0.33;0.27;0.43;0.54;0.75;0.45;-0.90;-2.97;-5.34;-7.85;-10.18;-12.36;-14.15;-15.87;-17.58;-19.48;-21.16;-22.41;-23.17;-23.55;-23.79;-24.16;-24.62;-25.18;-25.77;-26.40;-27.03;-27.65;-28.22;-28.79;-29.25;-29.88;-29.94;-29.25;-27.86;-25.93;-23.81;-21.19;-17.89;-13.98;-9.59;-5.24;-1.51;1.73;4.33;5.96;6.80;6.74;5.79;4.38;3.15;2.39;2.11;2.01;2.06;2.04;2.08;2.14;2.24;2.22;2.14;1.87;1.36;0.39;-0.68;-1.57;-2.12;-2.53;-3.10;-4.06;-4.93;-5.28;-4.79;-3.76;-2.48;-1.09;
Mid;0.00;-0.74;-2.17;-3.27;-3.71;-3.74;-4.10;-5.51;-7.57;-9.83;-11.92;-13.72;-15.24;-16.59;-17.87;-19.29;-20.92;-22.53;-23.80;-24.55;-24.86;-25.01;-25.24;-25.57;-25.97;-26.49;-27.06;-27.63;-28.08;-28.44;-28.71;-28.90;-29.35;-29.66;-30.14;-30.21;-29.57;-28.02;-25.53;-22.32;-18.34;-13.99;-9.76;-6.25;-3.27;-0.35;2.69;5.23;6.40;5.15;3.05;1.21;0.87;1.24;1.82;2.09;2.17;2.16;2.26;2.32;2.31;1.93;1.34;0.52;-0.51;-1.60;-2.59;-3.36;-3.98;-4.56;-5.27;-5.77;-5.87;-5.23;-4.13;-2.69;-1.19;
Apical;0.00;-0.34;-1.39;-2.19;-2.70;-2.77;-3.04;-3.86;-5.26;-7.02;-9.14;-11.13;-12.80;-13.70;-14.35;-15.06;-16.22;-17.43;-18.39;-19.17;-19.63;-19.97;-20.41;-20.97;-21.62;-22.27;-22.97;-23.65;-24.24;-24.67;-24.91;-24.88;-24.77;-24.32;-23.62;-22.53;-21.07;-19.54;-17.69;-15.45;-12.78;-9.78;-6.68;-3.71;-1.03;1.39;3.00;4.03;4.07;2.77;0.99;-0.55;-1.15;-1.19;-1.02;-0.74;-0.60;-0.54;-0.38;-0.16;0.13;0.47;0.69;0.55;-0.38;-1.57;-2.65;-3.35;-3.82;-4.26;-4.87;-5.36;-5.53;-5.18;-4.37;-3.13;-1.46;

----------------------------------------------------------


