PatientInformation
==========================================================
PatientID;No patientID
Name;,,
Date of Birth;
Sex;
Version;AutoStrainCap2 2.1.0.491925

Results
==========================================================
Global
----------------------------------------------------------
LaSr_ED;24.10;%
LaScd_ED;-13.06;%
LaSct_ED;-11.04;%
LaSr_AC;21.69;%
LaScd_AC;-11.76;%
LaSct_AC;-9.94;%
ED;0.00;ms
ES;378.33;ms
PreA;670.28;ms

Curves
==========================================================
Longitudinal Strain
Unit [%]
Time [ms];0.00;10.93;21.87;32.80;43.74;54.67;65.61;76.54;87.48;98.41;109.34;120.28;131.21;142.15;153.08;164.02;174.95;185.88;196.82;207.75;218.69;229.62;240.56;251.49;262.43;273.36;284.29;295.23;306.16;317.10;328.03;338.97;349.90;360.84;371.77;382.70;393.64;404.57;415.51;426.44;437.38;448.31;459.24;470.18;481.11;492.05;502.98;513.92;524.85;535.79;546.72;557.65;568.59;579.52;590.46;601.39;612.33;623.26;634.20;645.13;656.06;667.00;677.93;688.87;699.80;710.74;721.67;732.60;743.54;754.47;765.41;776.34;787.28;798.21;809.15;820.08;831.01;841.95;852.88;863.82;874.75;885.69;896.62;907.56;918.49;929.42;940.36;951.29;
LAS_ED;0.00;0.38;0.10;-0.07;-0.58;0.32;1.72;3.34;4.85;5.83;6.59;7.43;8.46;10.15;12.06;14.08;15.96;17.43;18.61;19.59;20.40;21.10;21.69;22.18;22.53;22.72;22.81;22.84;22.83;22.89;22.97;23.14;23.47;23.75;24.04;24.09;23.83;22.96;21.76;20.29;18.60;16.90;15.15;13.51;12.13;11.21;10.59;10.18;9.90;9.60;9.39;9.30;9.35;9.62;9.99;10.40;10.76;11.00;11.17;11.23;11.37;11.10;10.93;10.70;10.44;10.35;10.17;10.08;9.89;9.82;9.64;9.55;9.41;9.26;8.98;8.50;7.71;6.42;4.99;3.39;2.16;0.98;0.29;-0.23;-0.53;-0.99;-1.20;-0.92;
LAS_AC;-9.99;-9.65;-9.91;-10.05;-10.52;-9.71;-8.44;-6.99;-5.63;-4.75;-4.06;-3.31;-2.38;-0.86;0.86;2.68;4.37;5.69;6.75;7.63;8.37;9.00;9.53;9.97;10.29;10.46;10.54;10.56;10.55;10.60;10.68;10.83;11.13;11.38;11.65;11.69;11.46;10.67;9.59;8.27;6.75;5.21;3.64;2.17;0.92;0.09;-0.47;-0.83;-1.08;-1.35;-1.54;-1.63;-1.58;-1.33;-1.01;-0.64;-0.31;-0.09;0.06;0.12;0.24;0.00;-0.15;-0.36;-0.60;-0.68;-0.84;-0.92;-1.09;-1.16;-1.31;-1.40;-1.52;-1.66;-1.91;-2.34;-3.05;-4.22;-5.51;-6.94;-8.05;-9.11;-9.73;-10.20;-10.47;-10.89;-11.08;-10.82;

----------------------------------------------------------


