PatientInformation
==========================================================
PatientID;No patientID
Name;,,
Date of Birth;
Sex;
Version;AutoStrainCap2 2.1.0.491925

Results
==========================================================
Global
----------------------------------------------------------
RVFWSL;-24.11;%
RV4CSL;-21.16;%
ED;0.00;ms
ES;336.12;ms

Curves
==========================================================
Longitudinal Strain
Unit [%]
Time [ms];0.00;9.83;19.66;29.48;39.31;49.14;58.97;68.80;78.62;88.45;98.28;108.11;117.94;127.76;137.59;147.42;157.25;167.08;176.90;186.73;196.56;206.39;216.22;226.04;235.87;245.70;255.53;265.36;275.18;285.01;294.84;304.67;314.50;324.32;334.15;343.98;353.81;363.64;373.46;383.29;393.12;402.95;412.78;422.60;432.43;442.26;452.09;461.92;471.74;481.57;491.40;501.23;511.06;520.88;530.71;540.54;550.37;560.20;570.02;579.85;589.68;599.51;609.34;619.16;628.99;638.82;648.65;658.48;668.30;678.13;687.96;697.79;707.62;717.44;727.27;737.10;746.93;756.76;766.58;776.41;786.24;796.07;805.90;815.72;825.55;835.38;845.21;855.04;864.86;874.69;884.52;894.35;904.18;914.00;923.83;933.66;943.49;953.32;
Basal;0.00;-1.10;-2.18;-2.64;-2.12;-0.58;1.61;3.51;4.13;2.70;-0.25;-3.78;-7.15;-9.55;-11.36;-12.92;-14.57;-16.65;-18.97;-21.35;-23.56;-25.37;-26.85;-28.00;-28.85;-29.52;-29.99;-30.36;-30.78;-31.35;-31.97;-32.53;-32.79;-32.65;-32.11;-31.40;-30.58;-29.92;-29.20;-28.33;-27.28;-25.80;-24.15;-22.41;-20.63;-19.03;-17.54;-16.23;-15.09;-14.02;-12.93;-11.64;-9.99;-8.49;-6.84;-5.33;-4.37;-4.30;-4.74;-5.31;-5.56;-5.13;-4.29;-3.40;-2.75;-2.60;-2.81;-3.14;-3.46;-3.48;-3.40;-3.28;-3.14;-3.24;-3.36;-3.55;-3.76;-4.01;-4.18;-4.21;-4.00;-3.51;-2.87;-2.31;-2.00;-2.17;-2.56;-2.93;-3.01;-2.42;-1.50;-0.46;0.45;1.01;1.27;1.34;1.07;0.67;
Mid;0.00;-0.03;-0.21;-0.15;0.36;1.07;1.98;2.59;2.35;0.75;-1.80;-4.72;-7.42;-9.20;-10.42;-11.34;-12.25;-13.41;-14.72;-16.08;-17.44;-18.84;-20.11;-21.12;-21.74;-21.76;-21.43;-20.98;-20.57;-20.36;-20.30;-20.37;-20.61;-21.19;-21.84;-22.37;-22.70;-22.79;-22.60;-22.16;-21.37;-20.46;-19.23;-17.84;-16.40;-15.25;-14.24;-13.42;-12.98;-12.64;-12.52;-12.27;-11.72;-11.47;-11.00;-10.52;-10.09;-9.85;-9.71;-9.60;-9.38;-8.86;-8.21;-7.53;-6.99;-6.71;-6.64;-6.67;-6.74;-6.74;-6.70;-6.63;-6.54;-6.50;-6.47;-6.50;-6.55;-6.65;-6.70;-6.64;-6.38;-5.87;-5.22;-4.56;-3.95;-3.55;-3.24;-2.99;-2.81;-2.66;-2.55;-2.39;-2.21;-1.92;-1.62;-1.35;-1.06;-0.51;
Apical;0.00;-0.66;-0.99;-0.87;-0.26;0.67;1.78;2.57;2.50;1.02;-1.37;-4.08;-6.58;-8.24;-9.40;-10.31;-11.18;-12.24;-13.42;-14.63;-15.81;-16.85;-17.73;-18.42;-18.85;-19.10;-19.14;-19.08;-18.99;-18.97;-18.98;-19.00;-18.97;-19.14;-19.20;-19.10;-18.84;-18.51;-18.03;-17.41;-16.69;-16.09;-15.38;-14.53;-13.55;-12.50;-11.45;-10.53;-9.82;-9.36;-8.98;-8.46;-7.59;-6.76;-5.69;-4.66;-3.92;-3.75;-3.88;-4.09;-4.10;-3.66;-2.98;-2.29;-1.79;-1.64;-1.76;-2.01;-2.30;-2.41;-2.45;-2.46;-2.47;-2.61;-2.77;-2.97;-3.20;-3.48;-3.73;-3.89;-3.89;-3.72;-3.41;-3.06;-2.69;-2.41;-2.15;-1.88;-1.57;-1.18;-0.75;-0.28;0.13;0.48;0.69;0.78;0.67;0.46;

----------------------------------------------------------


