PatientInformation
==========================================================
PatientID;No patientID
Name;,,
Date of Birth;
Sex;
Version;AutoStrainCap2 2.1.0.491925

Results
==========================================================
Global
----------------------------------------------------------
LaSr_ED;26.89;%
LaScd_ED;-23.92;%
LaSct_ED;-2.97;%
LaSr_AC;26.08;%
LaScd_AC;-23.19;%
LaSct_AC;-2.88;%
ED;0.00;ms
ES;222.04;ms
PreA;527.35;ms

Curves
==========================================================
Longitudinal Strain
Unit [%]
Time [ms];0.00;21.35;42.70;64.05;85.40;106.75;128.10;149.45;170.80;192.15;213.50;234.85;256.20;277.56;298.91;320.26;341.61;362.96;384.31;405.66;427.01;448.36;469.71;491.06;512.41;533.76;555.11;576.46;597.81;619.16;640.51;661.86;683.21;704.56;725.91;747.26;768.61;789.96;811.31;
LAS_ED;0.00;1.90;4.90;8.66;12.54;15.47;17.84;19.83;22.04;24.75;26.72;26.63;25.62;24.67;24.20;24.84;25.80;26.12;25.64;23.86;21.64;15.78;9.22;5.11;3.07;3.14;3.93;4.26;4.79;6.19;7.70;8.50;8.30;6.51;3.45;-0.32;-3.16;-3.06;-1.50;
LAS_AC;-3.04;-1.20;1.71;5.35;9.12;11.96;14.25;16.19;18.33;20.96;22.86;22.78;21.79;20.87;20.42;21.04;21.97;22.29;21.82;20.09;17.94;12.26;5.90;1.91;-0.07;0.00;0.77;1.09;1.60;2.96;4.42;5.20;5.01;3.27;0.31;-3.35;-6.10;-6.01;-4.50;

----------------------------------------------------------


