PatientInformation
==========================================================
PatientID;No patientID
Name;,,
Date of Birth;
Sex;
Version;AutoStrainCap2 2.1.0.491925

Results
==========================================================
Global
----------------------------------------------------------
RVFWSL;-26.23;%
RV4CSL;-21.38;%
ED;0.00;ms
ES;300.53;ms

Curves
==========================================================
Longitudinal Strain
Unit [%]
Time [ms];0.00;11.17;22.34;33.52;44.69;55.86;67.03;78.20;89.38;100.55;111.72;122.89;134.06;145.24;156.41;167.58;178.75;189.92;201.10;212.27;223.44;234.61;245.78;256.96;268.13;279.30;290.47;301.64;312.82;323.99;335.16;346.33;357.50;368.68;379.85;391.02;402.19;413.36;424.54;435.71;446.88;458.05;469.22;480.40;491.57;502.74;513.91;525.08;536.26;547.43;558.60;569.77;580.94;592.12;603.29;614.46;625.63;636.80;647.98;659.15;670.32;681.49;692.66;703.84;715.01;726.18;737.35;748.52;759.70;770.87;782.04;793.21;804.38;
Basal;0.00;0.30;-0.28;-0.99;-1.89;-2.66;-3.41;-4.26;-5.18;-6.25;-7.58;-9.00;-10.28;-11.37;-12.27;-13.27;-14.36;-15.49;-16.44;-17.04;-17.58;-18.25;-19.33;-20.61;-21.96;-23.33;-24.52;-25.48;-25.80;-25.78;-25.72;-25.71;-25.82;-25.88;-26.21;-26.52;-26.88;-27.43;-27.94;-28.25;-28.26;-28.20;-28.39;-28.93;-29.56;-29.85;-29.64;-29.10;-28.50;-28.07;-27.79;-27.64;-27.55;-27.52;-27.43;-27.29;-26.88;-26.25;-25.38;-24.48;-23.62;-23.09;-22.73;-22.54;-22.40;-21.83;-20.11;-16.60;-11.94;-7.15;-3.03;-0.20;0.96;
Mid;0.00;0.05;-1.13;-2.41;-3.58;-4.49;-5.36;-6.48;-7.64;-8.81;-9.95;-11.07;-12.24;-13.57;-14.93;-16.29;-17.46;-18.55;-19.55;-20.44;-21.32;-22.21;-23.14;-24.04;-24.81;-25.50;-25.94;-26.19;-25.92;-25.43;-24.99;-24.75;-24.68;-24.49;-24.42;-24.24;-24.16;-24.29;-24.40;-24.29;-23.85;-23.30;-22.99;-23.00;-23.15;-23.04;-22.39;-21.43;-20.40;-19.65;-19.04;-18.57;-18.23;-17.97;-17.79;-17.78;-17.69;-17.45;-17.01;-16.51;-15.96;-15.46;-15.02;-14.78;-14.77;-14.44;-13.15;-10.41;-6.80;-3.24;-0.59;0.83;0.96;
Apical;0.00;0.09;-1.13;-2.45;-3.75;-4.71;-5.63;-6.79;-8.01;-9.20;-10.42;-11.56;-12.66;-13.73;-14.83;-16.08;-17.51;-19.04;-20.52;-21.73;-22.85;-23.89;-24.89;-25.73;-26.26;-26.46;-26.26;-25.82;-24.91;-23.86;-22.82;-21.74;-20.73;-19.62;-18.98;-18.26;-17.59;-17.20;-16.75;-16.02;-14.95;-13.72;-12.78;-12.12;-11.81;-11.55;-11.33;-11.03;-10.65;-10.28;-9.94;-9.73;-9.62;-9.65;-9.80;-10.10;-10.35;-10.45;-10.31;-10.06;-9.74;-9.69;-9.66;-9.81;-9.93;-9.85;-8.95;-7.05;-4.44;-1.95;0.01;1.02;0.97;

----------------------------------------------------------


