PatientInformation
==========================================================
PatientID;No patientID
Name;,,
Date of Birth;
Sex;
Version;AutoStrainCap2 2.1.0.491925

Results
==========================================================
Global
----------------------------------------------------------
LaSr_ED;31.35;%
LaScd_ED;-17.37;%
LaSct_ED;-13.97;%
LaSr_AC;27.50;%
LaScd_AC;-15.24;%
LaSct_AC;-12.26;%
ED;0.00;ms
ES;375.56;ms
PreA;560.69;ms

Curves
==========================================================
Longitudinal Strain
Unit [%]
Time [ms];0.00;10.64;21.28;31.92;42.56;53.20;63.84;74.47;85.11;95.75;106.39;117.03;127.67;138.31;148.95;159.59;170.23;180.87;191.51;202.14;212.78;223.42;234.06;244.70;255.34;265.98;276.62;287.26;297.90;308.54;319.18;329.82;340.45;351.09;361.73;372.37;383.01;393.65;404.29;414.93;425.57;436.21;446.85;457.49;468.12;478.76;489.40;500.04;510.68;521.32;531.96;542.60;553.24;563.88;574.52;585.16;595.80;606.43;617.07;627.71;638.35;648.99;659.63;670.27;680.91;691.55;702.19;712.83;723.47;734.10;
LAS_ED;0.00;-1.83;-0.61;1.52;1.95;2.31;2.99;5.22;7.94;10.35;11.86;12.64;13.62;14.71;16.16;17.53;18.56;19.53;20.38;21.31;22.20;23.11;24.02;24.80;25.53;25.99;26.46;26.86;27.34;27.82;28.38;29.08;29.78;30.48;31.01;31.33;31.28;30.99;30.22;29.04;26.84;24.69;22.57;21.46;20.47;19.89;18.60;17.50;16.31;15.37;14.51;14.11;13.93;13.99;13.85;13.11;12.01;10.42;8.63;6.70;4.98;3.37;1.71;0.60;-1.32;-2.34;-3.27;-2.93;-2.40;-0.92;
LAS_AC;-12.27;-13.88;-12.81;-10.94;-10.56;-10.25;-9.65;-7.69;-5.31;-3.20;-1.87;-1.19;-0.33;0.63;1.90;3.11;4.01;4.86;5.61;6.42;7.20;7.99;8.80;9.49;10.12;10.52;10.94;11.29;11.71;12.13;12.62;13.24;13.85;14.46;14.93;15.21;15.17;14.91;14.23;13.20;11.27;9.39;7.52;6.55;5.68;5.18;4.04;3.08;2.03;1.21;0.45;0.10;-0.05;0.00;-0.12;-0.77;-1.74;-3.13;-4.71;-6.40;-7.91;-9.32;-10.77;-11.74;-13.43;-14.32;-15.15;-14.84;-14.38;-13.08;

----------------------------------------------------------


