PatientInformation
==========================================================
PatientID;No patientID
Name;,,
Date of Birth;
Sex;
Version;AutoStrainCap2 2.1.0.491925

Results
==========================================================
Global
----------------------------------------------------------
RVFWSL;-23.10;%
RV4CSL;-18.66;%
ED;0.00;ms
ES;294.94;ms

Curves
==========================================================
Longitudinal Strain
Unit [%]
Time [ms];0.00;11.75;23.50;35.25;47.00;58.75;70.50;82.25;94.00;105.75;117.50;129.25;141.00;152.76;164.51;176.26;188.01;199.76;211.51;223.26;235.01;246.76;258.51;270.26;282.01;293.76;305.51;317.26;329.01;340.76;352.51;364.26;376.01;387.76;399.51;411.26;423.01;434.77;446.52;458.27;470.02;481.77;493.52;505.27;517.02;528.77;540.52;552.27;564.02;575.77;587.52;599.27;611.02;622.77;634.52;646.27;658.02;669.77;681.52;693.27;705.02;716.78;728.53;
Basal;0.00;-0.40;-1.84;-3.69;-3.98;-3.79;-3.76;-4.46;-5.55;-6.65;-7.51;-8.26;-9.08;-10.11;-11.38;-12.97;-15.00;-17.19;-19.27;-21.11;-22.65;-23.88;-24.68;-25.20;-25.45;-25.69;-25.76;-25.75;-25.60;-25.39;-25.08;-24.76;-24.33;-23.87;-23.54;-23.10;-22.50;-21.52;-20.52;-19.75;-19.56;-19.56;-19.47;-19.10;-18.56;-17.91;-17.25;-16.53;-15.71;-14.77;-13.67;-12.41;-10.99;-9.33;-7.40;-5.01;-2.58;-0.50;0.94;1.71;1.82;1.01;0.19;
Mid;0.00;1.03;1.16;0.53;0.08;-0.40;-1.09;-2.21;-3.56;-4.95;-6.21;-7.39;-8.57;-9.77;-11.08;-12.57;-14.29;-16.12;-17.98;-19.76;-21.36;-22.53;-23.37;-23.78;-23.91;-23.89;-23.74;-23.58;-23.55;-23.38;-22.79;-21.31;-19.54;-18.04;-17.59;-17.50;-17.29;-16.54;-15.67;-15.15;-15.44;-16.04;-16.43;-16.36;-15.92;-15.31;-14.66;-13.94;-13.10;-12.17;-11.04;-9.65;-7.87;-5.96;-4.18;-3.03;-2.18;-1.45;-0.56;0.17;0.44;0.06;-0.31;
Apical;0.00;-0.37;-1.07;-1.74;-1.91;-2.16;-2.63;-3.37;-4.30;-5.27;-6.30;-7.28;-8.25;-9.16;-10.11;-11.19;-12.45;-13.82;-15.19;-16.50;-17.64;-18.49;-19.07;-19.33;-19.32;-19.26;-19.05;-18.84;-18.57;-18.16;-17.37;-16.07;-14.56;-13.27;-12.76;-12.56;-12.39;-11.88;-11.35;-11.04;-11.24;-11.60;-11.80;-11.76;-11.49;-11.08;-10.68;-10.23;-9.69;-9.00;-8.15;-7.09;-5.86;-4.54;-3.27;-2.20;-1.30;-0.51;0.20;0.71;0.89;0.60;0.19;

----------------------------------------------------------


