PatientInformation
==========================================================
PatientID;No patientID
Name;,,
Date of Birth;
Sex;
Version;AutoStrainCap2 2.1.0.491925

Results
==========================================================
Global
----------------------------------------------------------
LaSr_ED;27.99;%
LaScd_ED;-18.32;%
LaSct_ED;-9.67;%
LaSr_AC;25.51;%
LaScd_AC;-16.70;%
LaSct_AC;-8.81;%
ED;0.00;ms
ES;422.74;ms
PreA;798.50;ms

Curves
==========================================================
Longitudinal Strain
Unit [%]
Time [ms];0.00;21.35;42.70;64.05;85.40;106.75;128.10;149.45;170.80;192.15;213.50;234.85;256.20;277.56;298.91;320.26;341.61;362.96;384.31;405.66;427.01;448.36;469.71;491.06;512.41;533.76;555.11;576.46;597.81;619.16;640.51;661.86;683.21;704.56;725.91;747.26;768.61;789.96;811.32;832.67;854.02;875.37;896.72;918.07;939.42;960.77;982.12;1003.47;1024.82;1046.17;1067.52;1088.87;1110.22;1131.57;1152.92;
LAS_ED;0.00;-0.16;0.51;2.87;5.65;8.20;10.20;11.74;13.49;15.37;17.42;18.95;20.62;22.46;24.31;25.41;25.93;26.18;26.47;27.49;27.96;26.65;24.47;22.19;19.19;14.90;10.98;8.89;8.21;7.85;8.00;8.05;8.36;8.91;9.40;9.71;9.71;9.69;9.64;9.67;9.75;9.59;9.50;9.50;9.39;9.43;9.18;8.90;7.98;5.53;2.71;0.23;-1.21;-1.07;-0.47;
LAS_AC;-8.83;-8.98;-8.37;-6.21;-3.68;-1.36;0.47;1.87;3.46;5.18;7.04;8.44;9.97;11.64;13.33;14.33;14.81;15.03;15.30;16.22;16.65;15.46;13.47;11.40;8.66;4.75;1.18;-0.73;-1.35;-1.68;-1.54;-1.50;-1.21;-0.71;-0.26;0.02;0.01;0.00;-0.05;-0.02;0.05;-0.09;-0.17;-0.17;-0.27;-0.24;-0.47;-0.72;-1.56;-3.79;-6.36;-8.63;-9.94;-9.81;-9.26;

----------------------------------------------------------


