PatientInformation
==========================================================
PatientID;No patientID
Name;,,
Date of Birth;
Sex;
Version;AutoStrainCap2 2.1.0.491925

Results
==========================================================
Global
----------------------------------------------------------
RVFWSL;-23.47;%
RV4CSL;-19.66;%
ED;0.00;ms
ES;348.57;ms

Curves
==========================================================
Longitudinal Strain
Unit [%]
Time [ms];0.00;14.17;28.34;42.51;56.68;70.85;85.02;99.19;113.36;127.53;141.70;155.87;170.04;184.20;198.37;212.54;226.71;240.88;255.05;269.22;283.39;297.56;311.73;325.90;340.07;354.24;368.41;382.58;396.75;410.92;425.09;439.26;453.43;467.60;481.77;495.94;510.11;524.28;538.44;552.61;566.78;580.95;595.12;609.29;623.46;637.63;651.80;665.97;680.14;694.31;708.48;722.65;736.82;750.99;765.16;779.33;793.50;807.67;821.84;836.01;850.18;864.35;878.52;892.68;906.85;921.02;935.19;949.36;963.53;977.70;991.87;1006.04;1020.21;1034.38;1048.55;1062.72;1076.89;1091.06;1105.23;1119.40;1133.57;1147.74;1161.91;1176.08;1190.25;
Basal;0.00;-1.30;-2.17;-1.96;-1.54;-2.18;-3.52;-5.23;-7.07;-8.50;-9.80;-11.06;-12.31;-13.85;-15.42;-16.98;-18.41;-19.64;-20.73;-21.77;-22.84;-23.98;-25.11;-26.12;-26.90;-27.35;-27.56;-27.66;-27.71;-27.83;-27.81;-27.53;-26.98;-25.92;-24.46;-22.66;-20.56;-18.92;-17.19;-15.48;-13.55;-11.40;-9.19;-7.19;-5.64;-4.64;-4.22;-4.13;-4.33;-4.58;-4.94;-5.30;-5.63;-5.90;-6.07;-6.17;-6.18;-6.18;-6.12;-6.06;-6.02;-6.02;-6.06;-6.08;-6.07;-5.95;-5.80;-5.68;-5.61;-5.68;-5.69;-5.54;-5.00;-4.11;-2.92;-1.70;-0.69;-0.13;0.07;0.11;0.02;0.18;0.28;0.34;0.15;
Mid;0.00;-0.59;-1.31;-1.63;-1.72;-2.25;-3.10;-4.14;-5.28;-6.17;-7.00;-7.81;-8.67;-9.82;-11.08;-12.40;-13.74;-15.03;-16.27;-17.40;-18.39;-19.09;-19.63;-20.02;-20.29;-20.47;-20.59;-20.68;-20.82;-21.11;-21.34;-21.38;-21.14;-20.41;-19.39;-18.20;-17.08;-16.70;-16.49;-16.21;-15.62;-14.42;-12.96;-11.51;-10.25;-9.33;-8.76;-8.50;-8.53;-8.73;-9.09;-9.48;-9.86;-10.16;-10.37;-10.51;-10.54;-10.53;-10.44;-10.34;-10.24;-10.16;-10.10;-10.04;-9.97;-9.85;-9.74;-9.64;-9.60;-9.65;-9.66;-9.51;-9.06;-8.29;-7.25;-6.04;-4.82;-3.55;-2.46;-1.59;-1.04;-0.94;-1.04;-1.12;-0.96;
Apical;0.00;-0.97;-1.90;-2.44;-2.73;-3.67;-4.90;-6.22;-7.47;-8.12;-8.59;-9.00;-9.50;-10.56;-11.78;-13.09;-14.35;-15.42;-16.36;-17.19;-17.94;-18.60;-19.17;-19.64;-19.99;-20.13;-20.17;-20.17;-20.17;-20.20;-20.12;-19.85;-19.39;-18.75;-17.91;-16.92;-15.89;-15.44;-15.01;-14.49;-13.67;-12.33;-10.79;-9.33;-8.16;-7.42;-7.09;-7.04;-7.18;-7.39;-7.65;-7.92;-8.16;-8.34;-8.46;-8.51;-8.50;-8.47;-8.40;-8.33;-8.28;-8.24;-8.24;-8.22;-8.18;-8.09;-7.97;-7.88;-7.85;-7.88;-7.88;-7.75;-7.34;-6.71;-5.79;-4.70;-3.57;-2.45;-1.47;-0.69;-0.21;-0.02;-0.07;-0.20;-0.36;

----------------------------------------------------------


