PatientInformation
==========================================================
PatientID;No patientID
Name;,,
Date of Birth;
Sex;
Version;AutoStrainCap2 2.1.0.491925

Results
==========================================================
Global
----------------------------------------------------------
LaSr_ED;24.65;%
LaScd_ED;-9.07;%
LaSct_ED;-15.58;%
LaSr_AC;21.33;%
LaScd_AC;-7.85;%
LaSct_AC;-13.48;%
ED;0.00;ms
ES;399.25;ms
PreA;617.03;ms

Curves
==========================================================
Longitudinal Strain
Unit [%]
Time [ms];0.00;21.35;42.70;64.05;85.40;106.75;128.10;149.45;170.80;192.15;213.50;234.85;256.20;277.56;298.91;320.26;341.61;362.96;384.31;405.66;427.01;448.36;469.71;491.06;512.41;533.76;555.11;576.46;597.81;619.16;640.51;661.86;683.21;704.56;725.91;747.26;768.61;789.96;811.31;
LAS_ED;0.00;0.11;0.78;2.06;3.72;5.52;7.31;9.15;11.45;14.57;17.53;19.30;20.77;22.50;23.76;23.71;23.43;23.84;24.49;24.61;23.92;22.20;19.87;17.61;15.92;15.50;15.63;15.61;15.54;15.58;15.47;14.79;13.70;12.40;10.21;6.51;2.85;0.66;-0.19;
LAS_AC;-13.48;-13.39;-12.81;-11.70;-10.26;-8.70;-7.15;-5.56;-3.57;-0.88;1.69;3.22;4.49;5.99;7.07;7.04;6.79;7.14;7.71;7.81;7.21;5.73;3.71;1.75;0.30;-0.07;0.05;0.03;-0.03;0.00;-0.10;-0.69;-1.63;-2.75;-4.65;-7.85;-11.01;-12.91;-13.64;

----------------------------------------------------------


