PatientInformation
==========================================================
PatientID;No patientID
Name;,,
Date of Birth;
Sex;
Version;AutoStrainCap2 2.1.0.491925

Results
==========================================================
Global
----------------------------------------------------------
RVFWSL;-18.92;%
RV4CSL;-16.03;%
ED;0.00;ms
ES;283.96;ms

Curves
==========================================================
Longitudinal Strain
Unit [%]
Time [ms];0.00;21.35;42.70;64.05;85.40;106.75;128.10;149.45;170.80;192.15;213.50;234.85;256.20;277.56;298.91;320.26;341.61;362.96;384.31;405.66;427.01;448.36;469.71;491.06;512.41;533.76;555.11;576.46;597.81;619.16;640.51;661.86;683.21;704.56;725.91;747.26;768.61;789.96;811.31;
Basal;0.00;-1.96;-4.49;-7.18;-9.28;-10.42;-11.30;-13.33;-15.34;-16.58;-17.96;-20.24;-22.40;-23.44;-23.42;-22.16;-20.14;-18.29;-16.77;-16.02;-15.28;-14.09;-12.47;-10.34;-8.36;-7.11;-6.23;-5.31;-4.74;-4.81;-4.61;-3.30;-1.42;0.28;1.55;2.18;2.02;1.08;0.14;
Mid;0.00;-0.85;-2.46;-4.62;-6.44;-7.26;-7.76;-9.74;-12.03;-13.81;-15.44;-16.97;-18.13;-18.62;-17.89;-16.54;-14.76;-13.11;-11.98;-12.41;-13.03;-12.73;-12.08;-11.49;-11.02;-10.78;-10.61;-9.81;-8.96;-8.28;-7.39;-6.09;-4.41;-2.82;-1.40;-0.16;0.41;0.15;-0.25;
Apical;0.00;-0.25;-1.22;-2.96;-4.36;-4.76;-4.82;-6.48;-8.43;-9.69;-10.93;-12.37;-13.57;-14.02;-13.62;-12.86;-11.76;-10.67;-9.83;-9.88;-9.86;-9.19;-8.41;-7.82;-7.37;-6.96;-6.57;-5.87;-5.29;-5.05;-4.65;-3.80;-2.58;-1.62;-0.72;0.21;0.56;0.20;-0.24;

----------------------------------------------------------


