PatientInformation
==========================================================
PatientID;No patientID
Name;,,
Date of Birth;
Sex;
Version;AutoStrainCap2 2.1.0.491925

Results
==========================================================
Global
----------------------------------------------------------
LaSr_ED;39.88;%
LaScd_ED;-32.62;%
LaSct_ED;-7.26;%
LaSr_AC;37.06;%
LaScd_AC;-30.31;%
LaSct_AC;-6.75;%
ED;0.00;ms
ES;375.76;ms
PreA;583.39;ms

Curves
==========================================================
Longitudinal Strain
Unit [%]
Time [ms];0.00;9.19;18.37;27.56;36.75;45.94;55.12;64.31;73.50;82.68;91.87;101.06;110.25;119.43;128.62;137.81;147.00;156.18;165.37;174.56;183.74;192.93;202.12;211.31;220.49;229.68;238.87;248.05;257.24;266.43;275.62;284.80;293.99;303.18;312.36;321.55;330.74;339.93;349.11;358.30;367.49;376.68;385.86;395.05;404.24;413.42;422.61;431.80;440.99;450.17;459.36;468.55;477.73;486.92;496.11;505.30;514.48;523.67;532.86;542.04;551.23;560.42;569.61;578.79;587.98;597.17;606.36;615.54;624.73;633.92;643.10;652.29;661.48;670.67;679.85;689.04;698.23;707.41;716.60;725.79;734.98;744.16;753.35;762.54;771.72;780.91;
LAS_ED;0.00;2.60;2.73;2.15;1.80;3.10;5.34;7.97;10.64;12.39;13.83;14.96;15.90;16.99;18.06;19.26;20.56;21.79;23.15;24.48;25.95;27.14;28.43;29.55;30.55;31.37;32.07;32.72;33.41;34.15;34.92;35.64;36.25;36.67;36.97;37.28;37.66;38.18;38.80;39.36;39.72;39.87;39.49;38.87;37.42;34.77;31.64;28.37;25.31;21.81;18.51;15.41;12.57;9.96;7.72;5.97;4.76;4.25;4.21;4.55;5.18;5.67;6.30;6.89;7.61;8.03;8.52;8.85;9.21;9.30;9.26;8.85;7.82;5.77;3.21;0.55;-1.94;-4.28;-5.98;-6.93;-6.91;-5.52;-3.42;-1.26;0.44;0.28;
LAS_AC;-7.07;-4.65;-4.54;-5.07;-5.40;-4.19;-2.11;0.33;2.82;4.44;5.78;6.83;7.70;8.71;9.71;10.83;12.04;13.18;14.44;15.67;17.05;18.15;19.35;20.39;21.31;22.08;22.73;23.34;23.98;24.67;25.38;26.05;26.62;27.01;27.28;27.57;27.92;28.41;28.98;29.50;29.84;29.98;29.63;29.05;27.70;25.24;22.33;19.29;16.44;13.20;10.13;7.25;4.61;2.18;0.10;-1.52;-2.64;-3.13;-3.16;-2.84;-2.26;-1.80;-1.21;-0.67;0.00;0.39;0.85;1.15;1.49;1.57;1.54;1.15;0.20;-1.71;-4.09;-6.56;-8.88;-11.05;-12.63;-13.51;-13.49;-12.20;-10.25;-8.24;-6.67;-6.81;

----------------------------------------------------------


