PatientInformation
==========================================================
PatientID;No patientID
Name;,,
Date of Birth;
Sex;
Version;AutoStrainCap2 2.1.0.491925

Results
==========================================================
Global
----------------------------------------------------------
RVFWSL;-25.46;%
RV4CSL;-25.47;%
ED;0.00;ms
ES;331.62;ms

Curves
==========================================================
Longitudinal Strain
Unit [%]
Time [ms];0.00;19.51;39.01;58.52;78.03;97.54;117.04;136.55;156.06;175.56;195.07;214.58;234.09;253.59;273.10;292.61;312.12;331.62;351.13;370.64;390.14;409.65;429.16;448.67;468.17;487.68;507.19;526.69;546.20;565.71;585.22;604.72;624.23;643.74;663.24;682.75;702.26;721.77;741.27;760.78;
Basal;0.00;0.15;-2.23;-3.62;-4.82;-6.13;-7.87;-10.25;-12.71;-14.82;-16.81;-18.59;-20.15;-21.26;-21.93;-22.16;-21.96;-21.32;-21.82;-22.49;-22.58;-21.39;-19.58;-17.90;-16.50;-15.62;-14.97;-14.24;-13.29;-11.75;-10.27;-9.49;-8.66;-7.36;-5.95;-4.66;-3.48;-1.93;-0.70;-0.17;
Mid;0.00;-0.57;-3.06;-4.55;-5.88;-7.66;-9.76;-11.97;-14.09;-15.93;-17.62;-19.09;-20.35;-21.29;-21.86;-21.98;-21.69;-21.02;-20.93;-20.57;-20.02;-19.44;-18.59;-17.41;-16.23;-15.21;-14.24;-13.14;-12.05;-11.24;-10.51;-9.63;-8.70;-7.83;-6.86;-5.48;-3.95;-2.08;-0.57;-0.03;
Apical;0.00;-1.39;-4.09;-6.04;-7.93;-10.23;-12.77;-15.49;-18.18;-20.64;-22.96;-24.99;-26.77;-28.24;-29.34;-30.00;-30.28;-30.21;-29.78;-29.12;-28.17;-26.86;-25.28;-23.57;-21.89;-20.35;-18.89;-17.54;-16.24;-14.88;-13.65;-12.60;-11.52;-10.20;-8.69;-6.98;-5.12;-3.02;-1.25;-0.22;

----------------------------------------------------------


