PatientInformation
==========================================================
PatientID;No patientID
Name;,,
Date of Birth;
Sex;
Version;AutoStrainCap2 2.1.0.491925

Results
==========================================================
Global
----------------------------------------------------------
LaSr_ED;12.90;%
LaScd_ED;-18.41;%
LaSct_ED;5.52;%
LaSr_AC;13.67;%
LaScd_AC;-19.51;%
LaSct_AC;5.85;%
ED;0.00;ms
ES;362.74;ms
PreA;623.74;ms

Curves
==========================================================
Longitudinal Strain
Unit [%]
Time [ms];0.00;22.12;44.24;66.36;88.47;110.59;132.71;154.83;176.95;199.07;221.18;243.30;265.42;287.54;309.66;331.78;353.89;376.01;398.13;420.25;442.37;464.49;486.60;508.72;530.84;552.96;575.08;597.20;619.32;641.43;663.55;685.67;707.79;729.91;752.03;774.14;796.26;818.38;840.50;862.62;
LAS_ED;0.00;-0.67;0.14;1.33;2.91;4.52;6.19;7.66;9.04;10.29;11.50;12.25;12.59;12.27;12.02;12.52;12.85;12.60;10.13;4.00;-2.19;-4.58;-4.87;-5.52;-5.81;-5.69;-5.41;-5.64;-5.64;-4.71;-3.67;-3.08;-2.61;-2.18;-1.67;-1.12;-0.52;-0.15;0.06;-0.52;
LAS_AC;5.98;5.27;6.13;7.38;9.06;10.77;12.54;14.09;15.55;16.88;18.17;18.96;19.31;18.98;18.71;19.25;19.59;19.33;16.71;10.21;3.65;1.13;0.82;0.13;-0.18;-0.06;0.24;0.00;0.00;0.98;2.09;2.72;3.21;3.67;4.20;4.79;5.43;5.82;6.04;5.42;

----------------------------------------------------------


