PatientInformation
==========================================================
PatientID;No patientID
Name;,,
Date of Birth;
Sex;
Version;AutoStrainCap2 2.1.0.491925

Results
==========================================================
Global
----------------------------------------------------------
RVFWSL;-16.20;%
RV4CSL;-12.57;%
ED;0.00;ms
ES;377.13;ms

Curves
==========================================================
Longitudinal Strain
Unit [%]
Time [ms];0.00;11.71;23.42;35.14;46.85;58.56;70.27;81.98;93.70;105.41;117.12;128.83;140.54;152.26;163.97;175.68;187.39;199.10;210.82;222.53;234.24;245.95;257.66;269.38;281.09;292.80;304.51;316.22;327.94;339.65;351.36;363.07;374.78;386.50;398.21;409.92;421.63;433.34;445.06;456.77;468.48;480.19;491.90;503.62;515.33;527.04;538.75;550.46;562.18;573.89;585.60;597.31;609.02;620.74;632.45;644.16;655.87;667.58;679.30;691.01;702.72;714.43;726.14;737.86;749.57;761.28;772.99;784.70;796.42;808.13;819.84;831.55;843.26;854.98;866.69;
Basal;0.00;-0.70;-2.05;-2.14;-2.16;-2.12;-2.44;-3.71;-5.26;-7.02;-8.19;-9.43;-10.60;-11.97;-13.33;-14.60;-15.72;-16.67;-17.49;-18.12;-18.65;-19.14;-19.83;-20.32;-20.46;-20.01;-19.40;-19.13;-19.42;-20.13;-20.89;-21.44;-21.64;-21.44;-20.75;-19.47;-17.57;-15.77;-13.77;-11.78;-9.34;-6.83;-4.51;-2.25;-0.55;0.73;1.14;1.14;1.07;0.97;0.97;0.87;0.38;-0.16;-0.69;-1.15;-1.48;-1.77;-1.80;-1.86;-1.94;-2.14;-2.34;-2.37;-2.21;-1.85;-1.52;-1.34;-1.24;-1.11;-0.91;-0.70;-0.70;-0.73;-0.67;
Mid;0.00;-0.23;-1.22;-1.34;-1.43;-1.42;-1.59;-2.16;-2.93;-3.94;-4.82;-5.81;-6.77;-7.80;-8.75;-9.55;-10.19;-10.69;-11.13;-11.62;-12.07;-12.45;-12.88;-13.11;-13.04;-12.79;-12.43;-12.29;-12.19;-12.48;-12.95;-13.78;-14.44;-14.74;-14.58;-13.71;-12.14;-10.26;-8.17;-6.17;-4.45;-2.93;-1.75;-0.80;-0.27;0.10;0.40;0.62;0.75;0.73;0.65;0.48;0.05;-0.38;-0.78;-1.08;-1.25;-1.39;-1.39;-1.42;-1.49;-1.66;-1.85;-1.95;-1.96;-1.84;-1.61;-1.32;-1.00;-0.67;-0.40;-0.20;-0.25;-0.51;-0.64;
Apical;0.00;-0.33;-1.27;-1.20;-1.05;-0.72;-0.67;-1.24;-2.17;-3.32;-4.20;-5.13;-6.06;-7.09;-8.05;-8.79;-9.32;-9.68;-10.00;-10.46;-10.92;-11.28;-11.69;-11.84;-11.68;-11.30;-10.82;-10.64;-10.54;-10.82;-11.19;-11.70;-12.02;-12.01;-12.04;-11.54;-10.52;-9.26;-7.74;-6.12;-4.26;-2.37;-0.84;0.39;1.07;1.55;1.76;1.85;1.86;1.81;1.71;1.49;1.07;0.63;0.23;-0.09;-0.29;-0.43;-0.51;-0.61;-0.75;-0.93;-1.13;-1.24;-1.23;-1.08;-0.89;-0.75;-0.61;-0.43;-0.26;-0.13;-0.16;-0.38;-0.47;

----------------------------------------------------------


