PatientInformation
==========================================================
PatientID;No patientID
Name;,,
Date of Birth;
Sex;
Version;AutoStrainCap2 2.1.0.491925

Results
==========================================================
Global
----------------------------------------------------------
LaSr_ED;24.21;%
LaScd_ED;-11.90;%
LaSct_ED;-12.32;%
LaSr_AC;21.54;%
LaScd_AC;-10.58;%
LaSct_AC;-10.96;%
ED;0.00;ms
ES;395.79;ms
PreA;607.15;ms

Curves
==========================================================
Longitudinal Strain
Unit [%]
Time [ms];0.00;9.97;19.94;29.91;39.88;49.85;59.82;69.79;79.76;89.73;99.70;109.67;119.64;129.60;139.57;149.54;159.51;169.48;179.45;189.42;199.39;209.36;219.33;229.30;239.27;249.24;259.21;269.18;279.15;289.12;299.09;309.06;319.03;329.00;338.97;348.94;358.91;368.88;378.85;388.81;398.78;408.75;418.72;428.69;438.66;448.63;458.60;468.57;478.54;488.51;498.48;508.45;518.42;528.39;538.36;548.33;558.30;568.27;578.24;588.21;598.18;608.15;618.12;628.09;638.06;648.02;657.99;667.96;677.93;687.90;697.87;707.84;717.81;727.78;737.75;747.72;757.69;767.66;777.63;787.60;797.57;807.54;
LAS_ED;0.00;1.11;1.27;1.45;2.27;2.18;2.61;3.35;4.38;5.85;7.31;8.76;10.06;10.99;11.77;12.50;13.24;14.13;15.09;16.07;17.06;18.01;18.96;19.90;20.83;21.76;22.61;23.30;23.84;23.89;23.80;23.57;23.30;23.25;23.20;23.19;23.16;23.25;23.79;24.11;24.17;23.51;22.55;21.17;19.50;17.77;15.95;14.10;12.44;10.20;8.26;6.75;5.70;5.31;5.37;5.93;6.69;7.84;9.01;10.19;11.42;12.41;13.36;13.90;14.30;13.87;13.24;12.26;10.80;8.77;6.30;3.71;1.19;-1.28;-3.46;-5.27;-6.68;-7.49;-7.61;-7.12;-5.32;-2.98;
LAS_AC;-11.04;-10.05;-9.91;-9.75;-9.02;-9.10;-8.72;-8.06;-7.15;-5.84;-4.54;-3.24;-2.09;-1.27;-0.57;0.08;0.73;1.53;2.38;3.26;4.13;4.98;5.82;6.66;7.48;8.31;9.07;9.69;10.16;10.21;10.13;9.93;9.69;9.64;9.60;9.59;9.56;9.64;10.12;10.40;10.46;9.88;9.02;7.79;6.30;4.76;3.15;1.50;0.02;-1.97;-3.69;-5.03;-5.97;-6.32;-6.26;-5.77;-5.09;-4.07;-3.03;-1.98;-0.88;0.00;0.84;1.33;1.68;1.29;0.74;-0.13;-1.43;-3.24;-5.44;-7.74;-9.98;-12.18;-14.12;-15.73;-16.99;-17.70;-17.81;-17.37;-15.78;-13.69;

----------------------------------------------------------


