PatientInformation
==========================================================
PatientID;No patientID
Name;,,
Date of Birth;
Sex;
Version;AutoStrainCap2 2.1.0.491925

Results
==========================================================
Global
----------------------------------------------------------
RVFWSL;-30.54;%
RV4CSL;-26.04;%
ED;0.00;ms
ES;326.79;ms

Curves
==========================================================
Longitudinal Strain
Unit [%]
Time [ms];0.00;10.34;20.68;31.02;41.37;51.71;62.05;72.39;82.73;93.07;103.42;113.76;124.10;134.44;144.78;155.12;165.47;175.81;186.15;196.49;206.83;217.17;227.52;237.86;248.20;258.54;268.88;279.22;289.56;299.91;310.25;320.59;330.93;341.27;351.61;361.96;372.30;382.64;392.98;403.32;413.66;424.01;434.35;444.69;455.03;465.37;475.71;486.06;496.40;506.74;517.08;527.42;537.76;548.10;558.45;568.79;579.13;589.47;599.81;610.15;620.50;630.84;641.18;651.52;661.86;672.20;682.55;692.89;703.23;713.57;723.91;734.25;744.60;754.94;765.28;775.62;785.96;796.30;
Basal;0.00;-0.96;-3.78;-8.07;-10.04;-10.72;-10.97;-11.81;-12.96;-14.25;-15.57;-16.89;-18.28;-19.69;-21.09;-22.34;-23.39;-24.31;-25.27;-26.36;-27.51;-28.58;-29.52;-30.30;-30.97;-31.54;-32.08;-32.60;-33.17;-33.74;-34.27;-34.70;-34.84;-34.51;-33.52;-32.44;-31.82;-32.29;-32.91;-32.77;-30.94;-28.22;-25.36;-23.02;-21.01;-19.07;-17.09;-15.13;-13.33;-11.88;-10.81;-10.31;-10.35;-10.65;-10.74;-10.26;-9.49;-8.50;-7.86;-7.08;-6.27;-5.23;-4.27;-3.69;-3.58;-3.70;-3.49;-2.89;-1.97;-1.28;-1.11;-1.32;-1.68;-1.82;-1.91;-1.80;-1.64;-1.02;
Mid;0.00;-1.46;-4.68;-9.27;-11.31;-11.91;-12.05;-12.75;-13.78;-14.97;-16.20;-17.46;-18.79;-20.16;-21.50;-22.70;-23.67;-24.51;-25.36;-26.34;-27.35;-28.31;-29.13;-29.81;-30.38;-30.84;-31.25;-31.66;-32.10;-32.52;-32.92;-33.22;-33.27;-32.87;-31.82;-30.70;-30.05;-30.48;-31.06;-30.87;-28.98;-26.23;-23.41;-21.27;-19.57;-18.06;-16.65;-15.26;-13.92;-12.59;-11.51;-10.79;-10.56;-10.57;-10.60;-10.48;-10.16;-9.47;-8.47;-7.15;-5.80;-4.57;-3.59;-2.93;-2.73;-2.66;-2.38;-1.77;-0.94;-0.25;0.09;0.13;-0.01;-0.22;-0.47;-0.62;-0.70;-0.51;
Apical;0.00;-2.00;-5.25;-8.96;-10.54;-10.94;-10.94;-11.43;-12.21;-13.11;-13.98;-14.84;-15.77;-16.81;-17.88;-18.81;-19.49;-20.07;-20.72;-21.59;-22.56;-23.50;-24.31;-24.99;-25.55;-26.01;-26.42;-26.84;-27.27;-27.71;-28.12;-28.46;-28.48;-28.06;-27.04;-25.91;-25.18;-25.45;-25.82;-25.43;-23.43;-20.63;-17.82;-15.66;-13.90;-12.29;-10.69;-9.13;-7.69;-6.42;-5.45;-4.96;-5.05;-5.48;-6.01;-6.40;-6.56;-6.27;-5.61;-4.54;-3.39;-2.32;-1.56;-1.26;-1.48;-1.96;-2.30;-2.28;-1.97;-1.68;-1.68;-1.78;-1.84;-1.58;-1.24;-0.88;-0.72;-0.40;

----------------------------------------------------------


