PatientInformation
==========================================================
PatientID;No patientID
Name;,,
Date of Birth;
Sex;
Version;AutoStrainCap2 2.1.0.491925

Results
==========================================================
Global
----------------------------------------------------------
LaSr_ED;54.01;%
LaScd_ED;-47.15;%
LaSct_ED;-6.86;%
LaSr_AC;50.62;%
LaScd_AC;-44.19;%
LaSct_AC;-6.43;%
ED;0.00;ms
ES;360.53;ms
PreA;656.92;ms

Curves
==========================================================
Longitudinal Strain
Unit [%]
Time [ms];0.00;22.12;44.24;66.36;88.47;110.59;132.71;154.83;176.95;199.07;221.18;243.30;265.42;287.54;309.66;331.78;353.89;376.01;398.13;420.25;442.37;464.49;486.60;508.72;530.84;552.96;575.08;597.20;619.32;641.43;663.55;685.67;707.79;729.91;752.03;774.14;796.26;818.38;840.50;862.62;884.74;906.85;928.97;
LAS_ED;0.00;3.72;6.87;10.12;14.54;20.73;27.29;32.83;37.64;41.86;45.17;47.21;48.18;48.32;48.94;51.35;53.86;53.39;51.33;47.15;40.26;29.82;20.94;17.59;16.68;15.25;13.46;10.43;7.78;7.08;6.69;5.53;4.46;4.35;5.03;6.26;6.91;5.16;2.58;0.64;-1.09;-2.52;-2.70;
LAS_AC;-6.27;-2.78;0.17;3.22;7.36;13.16;19.31;24.50;29.02;32.97;36.07;37.98;38.89;39.02;39.61;41.86;44.21;43.77;41.85;37.92;31.47;21.68;13.36;10.21;9.37;8.02;6.34;3.51;1.02;0.37;0.00;-1.08;-2.09;-2.19;-1.55;-0.41;0.21;-1.43;-3.85;-5.66;-7.29;-8.64;-8.80;

----------------------------------------------------------


