PatientInformation
==========================================================
PatientID;No patientID
Name;,,
Date of Birth;
Sex;
Version;AutoStrainCap2 2.1.0.491925

Results
==========================================================
Global
----------------------------------------------------------
RVFWSL;-26.63;%
RV4CSL;-21.82;%
ED;0.00;ms
ES;367.56;ms

Curves
==========================================================
Longitudinal Strain
Unit [%]
Time [ms];0.00;11.17;22.34;33.52;44.69;55.86;67.03;78.20;89.38;100.55;111.72;122.89;134.06;145.24;156.41;167.58;178.75;189.92;201.10;212.27;223.44;234.61;245.78;256.96;268.13;279.30;290.47;301.64;312.82;323.99;335.16;346.33;357.50;368.68;379.85;391.02;402.19;413.36;424.54;435.71;446.88;458.05;469.22;480.40;491.57;502.74;513.91;525.08;536.26;547.43;558.60;569.77;580.94;592.12;603.29;614.46;625.63;636.80;647.98;659.15;670.32;681.49;692.66;703.84;715.01;726.18;737.35;748.52;759.70;770.87;782.04;793.21;804.38;815.56;826.73;837.90;849.07;860.24;871.42;882.59;893.76;904.93;916.10;927.28;938.45;949.62;960.79;971.96;983.14;
Basal;0.00;-0.03;-0.74;-2.30;-3.77;-4.89;-5.57;-6.16;-6.90;-8.07;-9.55;-11.19;-12.95;-14.76;-16.59;-18.35;-20.03;-21.40;-22.70;-23.99;-25.28;-26.78;-28.23;-29.57;-30.59;-31.13;-31.34;-31.45;-31.59;-31.95;-32.44;-32.94;-33.41;-33.67;-33.83;-33.82;-33.94;-34.02;-33.90;-33.40;-32.29;-30.52;-28.10;-25.43;-22.65;-19.96;-17.41;-15.05;-13.02;-11.45;-10.19;-9.09;-8.00;-6.82;-5.75;-5.07;-5.09;-6.19;-7.87;-9.69;-11.28;-12.15;-12.62;-12.89;-13.16;-13.59;-14.12;-14.66;-15.15;-15.52;-15.75;-15.80;-15.67;-15.35;-14.72;-13.65;-12.00;-9.54;-6.64;-3.65;-0.97;0.98;2.30;3.09;3.32;2.97;2.30;1.50;0.87;
Mid;0.00;-0.54;-1.06;-1.56;-1.92;-2.96;-3.96;-5.02;-6.10;-7.31;-8.59;-9.90;-11.15;-12.26;-13.27;-14.19;-15.05;-15.86;-16.66;-17.43;-18.25;-19.09;-19.95;-20.74;-21.48;-22.15;-22.75;-23.27;-23.76;-24.20;-24.60;-24.96;-25.15;-25.25;-25.06;-24.59;-23.81;-22.38;-20.55;-18.50;-16.58;-15.07;-13.77;-12.52;-11.29;-10.21;-9.14;-8.11;-7.15;-6.21;-5.36;-4.58;-3.82;-3.11;-2.48;-2.09;-2.03;-2.36;-2.97;-3.70;-4.36;-4.86;-5.19;-5.44;-5.67;-5.95;-6.29;-6.65;-7.02;-7.42;-7.72;-7.86;-7.77;-7.37;-6.66;-5.68;-4.47;-3.19;-1.78;-0.33;1.07;2.43;3.56;4.34;4.74;4.68;4.28;3.47;2.34;
Apical;0.00;-0.98;-2.10;-3.22;-3.99;-4.98;-5.78;-6.63;-7.52;-8.56;-9.65;-10.74;-11.74;-12.69;-13.54;-14.34;-15.09;-15.70;-16.29;-16.90;-17.53;-18.31;-19.10;-19.86;-20.52;-21.07;-21.49;-21.82;-22.09;-22.25;-22.33;-22.31;-22.17;-21.84;-21.22;-20.19;-18.88;-17.09;-14.83;-12.42;-10.22;-8.20;-6.51;-4.99;-3.64;-2.75;-1.98;-1.28;-0.69;-0.19;0.22;0.60;1.03;1.57;2.07;2.41;2.48;2.18;1.64;1.00;0.44;0.11;-0.06;-0.16;-0.27;-0.49;-0.80;-1.16;-1.54;-1.97;-2.34;-2.60;-2.69;-2.64;-2.37;-1.89;-1.20;-0.33;0.70;1.77;2.83;3.75;4.49;5.01;5.21;5.02;4.48;3.49;2.18;

----------------------------------------------------------


