PatientInformation
==========================================================
PatientID;No patientID
Name;,,
Date of Birth;
Sex;
Version;AutoStrainCap2 2.1.0.491925

Results
==========================================================
Global
----------------------------------------------------------
LaSr_ED;35.43;%
LaScd_ED;-18.70;%
LaSct_ED;-16.73;%
LaSr_AC;30.34;%
LaScd_AC;-16.01;%
LaSct_AC;-14.33;%
ED;0.00;ms
ES;425.27;ms
PreA;617.88;ms

Curves
==========================================================
Longitudinal Strain
Unit [%]
Time [ms];0.00;9.54;19.07;28.61;38.14;47.68;57.21;66.75;76.28;85.82;95.35;104.89;114.42;123.96;133.49;143.03;152.56;162.10;171.63;181.17;190.70;200.24;209.77;219.31;228.84;238.38;247.92;257.45;266.99;276.52;286.06;295.59;305.13;314.66;324.20;333.73;343.27;352.80;362.34;371.87;381.41;390.94;400.48;410.01;419.55;429.08;438.62;448.15;457.69;467.22;476.76;486.30;495.83;505.37;514.90;524.44;533.97;543.51;553.04;562.58;572.11;581.65;591.18;600.72;610.25;619.79;629.32;638.86;648.39;657.93;667.46;677.00;686.53;696.07;705.60;715.14;724.68;734.21;743.75;753.28;762.82;772.35;781.89;791.42;800.96;
LAS_ED;0.00;2.07;3.22;3.78;4.60;5.02;6.15;7.41;8.98;10.53;12.05;13.21;14.05;14.07;13.90;13.56;13.40;13.57;13.96;14.41;14.90;15.05;15.20;15.33;15.50;15.74;16.07;16.54;17.17;18.02;19.01;20.08;21.13;22.09;23.03;24.09;25.35;26.94;28.69;30.44;32.05;33.34;34.32;35.00;35.37;35.41;35.14;34.62;33.88;33.01;32.09;31.26;30.52;29.96;29.33;28.50;27.17;25.19;22.89;20.64;18.78;17.57;16.89;16.61;16.51;16.79;16.94;16.78;16.28;14.90;13.29;11.47;9.68;7.20;4.87;2.72;1.48;0.55;0.45;0.41;0.54;-0.26;-1.01;-1.30;-1.16;
LAS_AC;-14.38;-12.60;-11.63;-11.15;-10.44;-10.08;-9.11;-8.04;-6.69;-5.37;-4.06;-3.07;-2.35;-2.33;-2.48;-2.77;-2.90;-2.76;-2.43;-2.04;-1.62;-1.49;-1.37;-1.25;-1.11;-0.90;-0.62;-0.22;0.32;1.05;1.90;2.81;3.71;4.53;5.34;6.25;7.32;8.68;10.18;11.69;13.07;14.16;15.01;15.59;15.90;15.94;15.71;15.26;14.63;13.88;13.10;12.38;11.75;11.27;10.73;10.02;8.88;7.19;5.22;3.29;1.70;0.66;0.08;-0.16;-0.24;0.00;0.13;-0.01;-0.44;-1.62;-3.00;-4.56;-6.09;-8.21;-10.21;-12.05;-13.12;-13.91;-13.99;-14.02;-13.91;-14.60;-15.24;-15.49;-15.38;

----------------------------------------------------------


