PatientInformation
==========================================================
PatientID;No patientID
Name;,,
Date of Birth;
Sex;
Version;AutoStrainCap2 2.1.0.491925

Results
==========================================================
Global
----------------------------------------------------------
RVFWSL;-22.83;%
RV4CSL;-22.82;%
ED;0.00;ms
ES;277.83;ms

Curves
==========================================================
Longitudinal Strain
Unit [%]
Time [ms];0.00;20.43;40.86;61.29;81.72;102.14;122.57;143.00;163.43;183.86;204.29;224.72;245.15;265.57;286.00;306.43;326.86;347.29;367.72;388.15;408.58;429.00;449.43;469.86;490.29;510.72;531.15;551.58;572.01;592.43;612.86;633.29;653.72;674.15;694.58;715.01;735.44;755.87;
Basal;0.00;-1.84;-3.51;-4.98;-6.95;-9.82;-13.46;-15.42;-18.48;-19.17;-21.06;-22.36;-23.76;-25.60;-25.13;-23.51;-22.30;-21.48;-21.48;-18.88;-17.31;-17.90;-16.75;-15.41;-11.63;-8.82;-6.31;-5.51;-4.24;-4.27;-4.02;0.26;3.24;5.23;3.92;1.85;1.40;1.09;
Mid;0.00;-1.61;-2.92;-4.23;-6.12;-8.62;-11.78;-13.96;-16.72;-17.60;-19.19;-20.44;-22.00;-23.11;-23.15;-22.09;-21.31;-20.23;-20.11;-17.50;-15.92;-15.38;-14.17;-13.04;-9.95;-7.26;-5.48;-3.81;-2.77;-2.22;-1.91;2.63;5.49;6.45;4.30;2.53;1.60;1.18;
Apical;0.00;-0.99;-1.81;-2.36;-3.56;-5.26;-7.88;-9.29;-11.48;-12.75;-14.03;-15.24;-16.44;-17.16;-16.85;-15.46;-15.07;-14.02;-13.09;-10.77;-9.33;-8.59;-8.15;-6.94;-4.42;-2.17;-1.22;0.23;0.83;1.03;1.07;4.43;6.27;7.57;5.73;4.05;3.01;1.98;

----------------------------------------------------------


