PatientInformation
==========================================================
PatientID;No patientID
Name;,,
Date of Birth;
Sex;
Version;AutoStrainCap2 2.1.0.491925

Results
==========================================================
Global
----------------------------------------------------------
LaSr_ED;32.55;%
LaScd_ED;-7.20;%
LaSct_ED;-25.35;%
LaSr_AC;25.93;%
LaScd_AC;-5.74;%
LaSct_AC;-20.19;%
ED;0.00;ms
ES;394.05;ms
PreA;567.66;ms

Curves
==========================================================
Longitudinal Strain
Unit [%]
Time [ms];0.00;19.51;39.01;58.52;78.03;97.54;117.04;136.55;156.06;175.56;195.07;214.58;234.09;253.59;273.10;292.61;312.11;331.62;351.13;370.64;390.14;409.65;429.16;448.67;468.17;487.68;507.19;526.69;546.20;565.71;585.22;604.72;624.23;643.74;663.24;682.75;702.26;721.77;
LAS_ED;0.00;1.39;4.45;11.24;15.04;17.14;19.75;22.06;24.01;25.06;25.22;28.21;29.10;30.06;30.94;30.72;30.75;31.07;30.13;31.50;32.53;31.98;30.37;28.63;26.95;26.15;26.17;25.89;26.26;25.52;22.88;18.47;14.59;9.58;2.45;-3.11;-1.40;0.02;
LAS_AC;-20.33;-19.22;-16.78;-11.38;-8.35;-6.68;-4.60;-2.76;-1.20;-0.36;-0.24;2.15;2.85;3.62;4.32;4.14;4.17;4.42;3.67;4.76;5.58;5.15;3.86;2.48;1.14;0.50;0.52;0.30;0.59;0.00;-2.10;-5.62;-8.71;-12.70;-18.38;-22.81;-21.45;-20.31;

----------------------------------------------------------


