PatientInformation
==========================================================
PatientID;No patientID
Name;,,
Date of Birth;
Sex;
Version;AutoStrainCap2 2.1.0.491925

Results
==========================================================
Global
----------------------------------------------------------
RVFWSL;-28.76;%
RV4CSL;-21.90;%
ED;0.00;ms
ES;286.00;ms

Curves
==========================================================
Longitudinal Strain
Unit [%]
Time [ms];0.00;20.43;40.86;61.29;81.72;102.14;122.57;143.00;163.43;183.86;204.29;224.72;245.15;265.57;286.00;306.43;326.86;347.29;367.72;388.15;408.58;429.00;449.43;469.86;490.29;510.72;531.15;551.58;572.01;592.43;612.86;633.29;653.72;674.15;694.58;715.01;735.44;
Basal;0.00;-1.60;-3.86;-5.93;-7.85;-10.76;-13.44;-15.75;-18.35;-20.36;-22.53;-24.82;-26.89;-28.38;-29.23;-29.27;-29.01;-27.15;-25.56;-23.73;-22.08;-22.60;-20.99;-19.05;-17.00;-15.08;-14.17;-13.69;-12.45;-8.45;-5.41;-2.59;0.56;3.80;4.97;4.71;3.65;
Mid;0.00;-2.35;-4.86;-7.07;-9.13;-12.05;-14.88;-17.45;-20.24;-22.59;-24.97;-27.11;-28.92;-30.11;-30.36;-29.76;-28.76;-26.30;-24.41;-22.26;-20.09;-20.40;-19.03;-17.62;-15.91;-13.87;-12.33;-11.15;-9.65;-6.42;-3.47;-0.41;2.18;4.67;5.40;4.72;3.14;
Apical;0.00;-1.66;-4.01;-6.08;-8.20;-10.91;-13.30;-15.46;-17.73;-19.41;-21.17;-22.84;-24.30;-25.26;-25.50;-25.06;-24.45;-22.63;-21.32;-19.83;-18.36;-18.63;-17.15;-15.49;-13.47;-11.68;-10.57;-9.78;-8.72;-5.96;-3.52;-0.84;1.94;4.62;5.36;4.72;3.07;

----------------------------------------------------------


