PatientInformation
==========================================================
PatientID;No patientID
Name;,,
Date of Birth;
Sex;
Version;AutoStrainCap2 2.1.0.491925

Results
==========================================================
Global
----------------------------------------------------------
LaSr_ED;25.48;%
LaScd_ED;-25.92;%
LaSct_ED;0.44;%
LaSr_AC;25.59;%
LaScd_AC;-26.03;%
LaSct_AC;0.44;%
ED;0.00;ms
ES;416.75;ms
PreA;596.52;ms

Curves
==========================================================
Longitudinal Strain
Unit [%]
Time [ms];0.00;20.43;40.86;61.29;81.72;102.14;122.57;143.00;163.43;183.86;204.29;224.72;245.15;265.57;286.00;306.43;326.86;347.29;367.72;388.15;408.58;429.00;449.43;469.86;490.29;510.72;531.15;551.58;572.01;592.43;612.86;633.29;653.72;674.15;694.58;715.01;735.44;755.87;
LAS_ED;0.00;2.22;1.21;2.78;3.08;2.95;4.67;5.94;7.94;9.72;12.38;14.97;15.93;17.02;18.04;19.49;21.21;22.76;23.36;25.03;25.43;24.79;20.13;14.97;7.54;2.38;-1.33;-1.48;-0.44;-0.43;-0.30;0.21;0.23;-0.01;-0.94;-1.52;-1.12;-0.64;
LAS_AC;0.43;2.66;1.65;3.22;3.52;3.39;5.12;6.40;8.41;10.19;12.86;15.47;16.43;17.53;18.55;20.01;21.74;23.29;23.89;25.57;25.98;25.33;20.65;15.47;8.00;2.82;-0.90;-1.05;-0.01;0.00;0.13;0.64;0.67;0.42;-0.51;-1.10;-0.70;-0.21;

----------------------------------------------------------


