PatientInformation
==========================================================
PatientID;No patientID
Name;,,
Date of Birth;
Sex;
Version;AutoStrainCap2 2.1.0.491925

Results
==========================================================
Global
----------------------------------------------------------
RVFWSL;-17.25;%
RV4CSL;-13.42;%
ED;0.00;ms
ES;382.08;ms

Curves
==========================================================
Longitudinal Strain
Unit [%]
Time [ms];0.00;12.13;24.26;36.39;48.52;60.65;72.78;84.91;97.04;109.17;121.30;133.43;145.56;157.68;169.81;181.94;194.07;206.20;218.33;230.46;242.59;254.72;266.85;278.98;291.11;303.24;315.37;327.50;339.63;351.76;363.89;376.02;388.15;400.28;412.41;424.54;436.67;448.80;460.92;473.05;485.18;497.31;509.44;521.57;533.70;
Basal;0.00;0.62;1.18;1.83;2.36;2.12;1.40;-0.13;-1.65;-2.73;-3.57;-4.54;-5.42;-6.08;-6.65;-7.41;-7.99;-8.02;-8.14;-8.60;-9.39;-10.51;-11.64;-12.52;-13.23;-13.78;-14.36;-15.11;-16.00;-16.93;-17.58;-17.70;-17.17;-15.82;-14.23;-12.94;-11.79;-10.81;-9.71;-8.42;-7.03;-5.70;-4.39;-2.63;-1.10;
Mid;0.00;-0.01;-0.65;-0.93;-1.04;-1.25;-1.75;-3.02;-4.37;-5.35;-6.15;-7.07;-7.89;-8.52;-9.03;-9.52;-9.84;-9.70;-9.65;-10.01;-10.64;-11.50;-12.35;-13.07;-13.70;-14.34;-15.03;-15.91;-16.75;-17.33;-17.52;-17.32;-16.67;-15.88;-14.93;-13.77;-12.65;-11.59;-10.66;-10.13;-9.54;-8.63;-7.39;-5.27;-2.95;
Apical;0.00;0.79;1.01;1.08;1.25;1.29;1.07;0.02;-1.12;-1.81;-2.37;-3.37;-4.33;-5.07;-5.75;-6.55;-7.19;-7.12;-7.09;-7.42;-7.98;-8.89;-9.77;-10.55;-11.22;-11.80;-12.36;-13.18;-13.97;-14.64;-15.05;-15.16;-14.82;-13.90;-12.81;-11.76;-10.71;-9.77;-8.91;-8.72;-8.46;-7.59;-6.46;-4.62;-2.70;

----------------------------------------------------------


