PatientInformation
==========================================================
PatientID;No patientID
Name;,,
Date of Birth;
Sex;
Version;AutoStrainCap2 2.1.0.491925

Results
==========================================================
Global
----------------------------------------------------------
LaSr_ED;36.88;%
LaScd_ED;-17.72;%
LaSct_ED;-19.16;%
LaSr_AC;30.96;%
LaScd_AC;-14.87;%
LaSct_AC;-16.08;%
ED;0.00;ms
ES;472.17;ms
PreA;718.05;ms

Curves
==========================================================
Longitudinal Strain
Unit [%]
Time [ms];0.00;17.82;35.64;53.45;71.27;89.09;106.91;124.72;142.54;160.36;178.18;195.99;213.81;231.63;249.45;267.26;285.08;302.90;320.72;338.53;356.35;374.17;391.99;409.81;427.62;445.44;463.26;481.08;498.89;516.71;534.53;552.35;570.16;587.98;605.80;623.62;641.43;659.25;677.07;694.89;712.70;730.52;748.34;766.16;783.97;801.79;819.61;837.43;855.25;873.06;890.88;908.70;926.52;944.33;
LAS_ED;0.00;-1.69;2.36;5.08;6.50;7.17;7.97;9.96;12.16;13.89;15.42;17.33;18.67;18.61;18.86;20.24;22.12;23.16;24.07;25.19;26.23;27.18;28.12;29.23;30.88;33.99;36.55;36.64;35.10;32.36;28.80;24.12;19.82;17.86;17.15;17.26;17.65;18.32;18.82;18.99;19.13;19.26;19.61;19.89;19.95;18.69;16.64;13.73;9.92;5.39;1.39;-0.34;-0.71;0.06;
LAS_AC;-16.06;-17.48;-14.08;-11.79;-10.60;-10.04;-9.37;-7.70;-5.85;-4.40;-3.12;-1.51;-0.38;-0.43;-0.23;0.93;2.51;3.38;4.15;5.09;5.96;6.76;7.54;8.48;9.86;12.47;14.63;14.70;13.41;11.10;8.12;4.19;0.58;-1.07;-1.66;-1.57;-1.24;-0.68;-0.26;-0.12;0.00;0.11;0.41;0.64;0.69;-0.37;-2.09;-4.53;-7.73;-11.53;-14.89;-16.34;-16.65;-16.01;

----------------------------------------------------------


