PatientInformation
==========================================================
PatientID;No patientID
Name;,,
Date of Birth;
Sex;
Version;AutoStrainCap2 2.1.0.491925

Results
==========================================================
Global
----------------------------------------------------------
RVFWSL;-33.08;%
RV4CSL;-25.43;%
ED;0.00;ms
ES;368.93;ms

Curves
==========================================================
Longitudinal Strain
Unit [%]
Time [ms];0.00;10.08;20.16;30.24;40.32;50.40;60.48;70.56;80.64;90.72;100.80;110.88;120.96;131.04;141.12;151.20;161.28;171.36;181.44;191.52;201.60;211.68;221.76;231.84;241.92;252.00;262.08;272.16;282.24;292.32;302.40;312.48;322.56;332.64;342.72;352.80;362.88;372.96;383.04;393.12;403.20;413.28;423.36;433.44;443.52;453.60;463.68;473.76;483.84;493.92;504.00;514.08;524.16;534.24;544.32;554.40;564.48;574.56;584.64;594.72;604.80;614.88;624.96;635.04;645.12;655.20;665.28;675.36;685.44;695.52;705.60;715.68;725.76;735.84;745.92;756.00;766.08;776.16;786.24;796.32;806.40;816.48;826.56;836.64;846.72;856.80;866.88;876.96;887.04;897.12;907.20;917.28;927.36;937.44;947.52;957.60;967.68;977.76;987.84;997.92;1008.00;1018.08;
Basal;0.00;-1.95;-3.94;-5.90;-7.54;-9.03;-10.24;-11.30;-12.21;-13.09;-14.20;-15.48;-17.12;-18.88;-20.78;-22.69;-24.62;-26.49;-28.31;-30.06;-31.75;-33.25;-34.67;-36.00;-37.22;-38.32;-39.25;-40.05;-40.71;-41.26;-41.68;-42.01;-42.24;-42.15;-42.01;-41.84;-41.64;-41.38;-40.99;-40.45;-39.69;-38.73;-37.59;-36.32;-34.99;-33.64;-32.37;-31.12;-29.91;-28.70;-27.56;-26.37;-25.23;-24.05;-22.93;-21.80;-20.77;-19.73;-18.77;-17.79;-16.97;-15.97;-15.11;-14.16;-13.36;-12.56;-12.22;-11.99;-11.99;-12.07;-12.30;-12.55;-12.88;-13.22;-13.54;-13.83;-13.98;-14.09;-14.14;-14.17;-14.17;-14.21;-14.17;-13.98;-13.55;-12.83;-11.63;-10.16;-8.48;-6.80;-5.16;-4.09;-3.12;-2.47;-1.75;-1.44;-0.51;0.02;0.72;1.00;1.29;0.72;
Mid;0.00;-1.37;-2.92;-4.47;-5.84;-7.00;-7.98;-8.76;-9.43;-10.04;-10.82;-11.88;-13.20;-14.60;-16.07;-17.45;-18.71;-19.85;-20.93;-21.99;-23.11;-24.27;-25.51;-26.74;-27.94;-29.07;-30.07;-30.98;-31.78;-32.49;-33.08;-33.58;-33.99;-34.13;-34.23;-34.31;-34.37;-34.38;-34.26;-33.98;-33.49;-32.74;-31.79;-30.74;-29.63;-28.54;-27.58;-26.67;-25.80;-24.89;-23.98;-22.95;-21.90;-20.80;-19.72;-18.65;-17.63;-16.62;-15.71;-14.84;-14.16;-13.57;-13.15;-12.73;-12.42;-12.14;-12.12;-12.20;-12.42;-12.72;-13.06;-13.37;-13.67;-13.98;-14.27;-14.56;-14.80;-15.04;-15.22;-15.39;-15.51;-15.62;-15.64;-15.50;-15.13;-14.50;-13.47;-12.18;-10.69;-9.14;-7.55;-6.23;-4.95;-3.87;-2.81;-2.08;-1.17;-0.62;-0.04;0.22;0.51;0.30;
Apical;0.00;-0.97;-2.18;-3.66;-5.07;-6.35;-7.35;-8.14;-8.73;-9.20;-9.66;-10.37;-11.17;-11.98;-12.80;-13.53;-14.25;-14.88;-15.47;-16.08;-16.77;-17.46;-18.25;-19.07;-19.88;-20.64;-21.26;-21.78;-22.21;-22.56;-22.81;-22.92;-22.95;-23.18;-23.37;-23.52;-23.64;-23.70;-23.65;-23.47;-23.11;-22.49;-21.70;-20.82;-19.89;-18.96;-18.19;-17.45;-16.73;-16.00;-15.26;-14.44;-13.62;-12.74;-11.87;-11.00;-10.09;-9.17;-8.30;-7.47;-6.82;-6.34;-6.05;-5.81;-5.69;-5.61;-5.71;-5.88;-6.18;-6.54;-6.98;-7.47;-7.96;-8.46;-8.92;-9.34;-9.69;-10.00;-10.27;-10.51;-10.73;-10.97;-11.13;-11.16;-10.98;-10.56;-9.84;-8.88;-7.73;-6.50;-5.20;-4.05;-2.89;-1.90;-0.93;-0.29;0.40;0.70;0.96;0.89;0.80;0.44;

----------------------------------------------------------


