PatientInformation
==========================================================
PatientID;No patientID
Name;,,
Date of Birth;
Sex;
Version;AutoStrainCap2 2.1.0.491925

Results
==========================================================
Global
----------------------------------------------------------
GLS(3P);-6.28;%
GLS(4Ch);-5.17;%
GLS(2Ch);-2.90;%
GLS(3Ch);-10.77;%
ED;0.00;ms
ES;251.47;ms

Results
==========================================================
Longitudinal Strain
T2P
Minimum
----------------------------------------------------------
Segment 0 [mean];391.59;ms
----------------------------------------------------------
Segment 1 [ant];516.97;ms
Segment 2 [ant/sept];474.90;ms
Segment 3 [inf/sept];222.49;ms
Segment 4 [inf];311.30;ms
Segment 5 [inf/lat];502.94;ms
Segment 6 [ant/lat];236.51;ms
----------------------------------------------------------
Segment 7 [ant];513.23;ms
Segment 8 [ant/sept];467.42;ms
Segment 9 [inf/sept];272.04;ms
Segment 10 [inf];370.20;ms
Segment 11 [inf/lat];466.48;ms
Segment 12 [ant/lat];232.77;ms
----------------------------------------------------------
Segment 13 [ant];558.10;ms
Segment 14 [ant/sept];353.37;ms
Segment 15 [inf/sept];250.54;ms
Segment 16 [inf];277.65;ms
Segment 17 [inf/lat];479.57;ms
Segment 18 [ant/lat];542.21;ms
----------------------------------------------------------


Results
==========================================================
Longitudinal Strain
End-systolic

----------------------------------------------------------
Segment 0 [mean];-3.86;%
----------------------------------------------------------
Segment 1 [ant];1.16;%
Segment 2 [ant/sept];-1.49;%
Segment 3 [inf/sept];-1.68;%
Segment 4 [inf];-0.32;%
Segment 5 [inf/lat];-5.12;%
Segment 6 [ant/lat];-10.66;%
----------------------------------------------------------
Segment 7 [ant];1.60;%
Segment 8 [ant/sept];-2.13;%
Segment 9 [inf/sept];-3.10;%
Segment 10 [inf];-7.13;%
Segment 11 [inf/lat];-8.92;%
Segment 12 [ant/lat];-4.25;%
----------------------------------------------------------
Segment 13 [ant];3.82;%
Segment 14 [ant/sept];-12.64;%
Segment 15 [inf/sept];-7.90;%
Segment 16 [inf];-5.73;%
Segment 17 [inf/lat];-5.32;%
Segment 18 [ant/lat];0.33;%
----------------------------------------------------------


Results
==========================================================
Longitudinal Strain
Peak-systolic

----------------------------------------------------------
Segment 0 [mean];-4.73;%
----------------------------------------------------------
Segment 1 [ant];0.00;%
Segment 2 [ant/sept];-1.49;%
Segment 3 [inf/sept];-7.68;%
Segment 4 [inf];-0.32;%
Segment 5 [inf/lat];-5.12;%
Segment 6 [ant/lat];-12.17;%
----------------------------------------------------------
Segment 7 [ant];-0.14;%
Segment 8 [ant/sept];-2.13;%
Segment 9 [inf/sept];-3.10;%
Segment 10 [inf];-7.13;%
Segment 11 [inf/lat];-8.92;%
Segment 12 [ant/lat];-5.42;%
----------------------------------------------------------
Segment 13 [ant];0.00;%
Segment 14 [ant/sept];-12.64;%
Segment 15 [inf/sept];-7.91;%
Segment 16 [inf];-5.73;%
Segment 17 [inf/lat];-5.32;%
Segment 18 [ant/lat];0.00;%
----------------------------------------------------------


Curves
==========================================================
Longitudinal Strain
Unit [%]
Time [ms];0.00;9.35;18.70;28.05;37.39;46.74;56.09;65.44;74.79;84.14;93.48;102.83;112.18;121.53;130.88;140.23;149.57;158.92;168.27;177.62;186.97;196.32;205.66;215.01;224.36;233.71;243.06;252.41;261.75;271.10;280.45;289.80;299.15;308.50;317.85;327.19;336.54;345.89;355.24;364.59;373.94;383.28;392.63;401.98;411.33;420.68;430.03;439.37;448.72;458.07;467.42;476.77;486.12;495.46;504.81;514.16;523.51;532.86;542.21;551.55;560.90;570.25;
Total;0.00;0.05;0.16;0.11;0.26;0.44;0.67;0.89;1.07;1.23;1.30;1.31;1.28;1.18;1.02;0.89;0.73;0.51;0.26;-0.04;-0.45;-1.00;-1.65;-2.34;-2.94;-3.43;-3.77;-3.87;-3.72;-3.34;-2.83;-2.36;-1.89;-1.56;-1.37;-1.31;-1.30;-1.38;-1.44;-1.49;-1.49;-1.45;-1.41;-1.39;-1.41;-1.48;-1.53;-1.55;-1.59;-1.73;-1.91;-2.00;-1.99;-1.88;-1.73;-1.47;-1.06;-0.66;-0.40;-0.36;-0.33;-0.35;
Segment 1;0.00;0.73;1.36;1.78;2.31;2.99;3.55;4.02;4.43;4.78;5.07;5.37;5.69;5.76;5.64;5.58;5.47;5.14;4.83;4.65;4.32;3.84;3.47;3.11;2.65;2.15;1.67;1.10;0.42;-0.08;-0.47;-0.84;-1.18;-1.48;-1.73;-1.88;-2.15;-2.48;-2.67;-2.77;-2.87;-2.89;-2.79;-2.66;-2.51;-2.42;-2.35;-2.19;-2.08;-2.11;-2.15;-2.17;-2.26;-2.41;-2.69;-2.93;-2.88;-2.76;-2.64;-2.11;-1.24;-0.58;
Segment 2;0.00;0.74;0.91;0.60;0.90;1.41;1.98;2.20;2.29;2.32;2.41;2.54;2.72;2.85;2.91;2.86;2.42;1.82;1.22;0.86;0.59;0.32;-0.03;-0.42;-0.83;-1.07;-1.28;-1.52;-1.92;-2.40;-2.89;-3.24;-3.47;-3.61;-3.83;-4.05;-4.17;-4.39;-4.60;-4.67;-4.67;-4.63;-4.51;-4.70;-5.11;-5.60;-6.00;-6.33;-6.69;-6.84;-6.83;-6.85;-6.65;-6.26;-5.84;-4.68;-3.10;-2.16;-2.69;-4.32;-5.69;-4.18;
Segment 3;0.00;-0.06;1.41;3.14;3.90;3.78;3.35;2.65;2.05;1.45;1.14;0.78;0.35;-0.43;-1.29;-2.11;-2.92;-3.62;-3.99;-4.39;-4.70;-5.20;-6.41;-7.27;-7.62;-6.22;-4.09;-1.40;1.41;3.85;5.38;5.12;4.35;3.94;4.78;6.26;7.86;8.41;8.51;8.30;8.13;7.98;7.78;7.69;7.55;7.50;7.43;7.41;7.37;7.28;7.19;7.19;7.29;7.41;7.42;7.22;7.12;7.27;8.09;8.27;7.25;3.84;
Segment 4;0.00;0.79;1.36;1.42;1.76;2.44;3.19;3.89;4.11;4.18;4.34;4.51;4.69;4.74;4.67;4.70;4.63;4.20;3.74;3.42;2.92;2.26;1.76;1.37;1.11;0.76;0.17;-0.37;-0.81;-1.19;-1.51;-1.86;-2.15;-2.34;-2.27;-1.86;-1.64;-1.59;-1.58;-1.54;-1.32;-1.01;-0.64;-0.29;0.03;0.30;0.50;0.59;0.54;0.29;0.14;0.16;-0.28;-0.99;-1.20;-1.24;-1.32;-1.43;-1.59;-1.42;-0.94;-0.48;
Segment 5;0.00;-0.18;-0.73;-1.49;-1.29;-0.80;-0.23;0.10;0.36;0.56;0.48;0.22;-0.14;-0.26;-0.39;-0.57;-0.33;-0.00;0.22;0.07;-0.28;-0.74;-1.32;-1.98;-2.71;-3.60;-4.48;-5.18;-5.62;-5.85;-5.93;-6.07;-6.24;-6.40;-6.70;-7.07;-7.44;-7.70;-7.88;-8.03;-8.08;-8.13;-8.36;-8.28;-8.10;-8.20;-7.99;-7.51;-6.79;-7.28;-8.63;-9.84;-10.72;-11.24;-11.57;-10.40;-7.99;-5.46;-3.93;-3.27;-2.16;-1.05;
Segment 6;0.00;-1.10;-0.79;-0.63;-0.23;-0.17;-0.21;-0.31;-0.69;-1.31;-2.43;-3.64;-4.79;-5.49;-6.00;-6.19;-6.56;-6.70;-7.02;-7.37;-8.04;-9.03;-9.95;-10.97;-11.68;-12.14;-11.90;-10.46;-7.94;-4.50;-0.96;1.84;4.22;6.12;7.97;9.21;9.95;9.75;9.31;8.76;8.62;8.52;8.28;7.90;7.34;6.98;6.77;6.84;6.81;6.48;6.03;5.75;5.87;6.03;5.99;5.54;4.92;4.48;4.38;4.43;3.50;2.13;
Segment 7;0.00;-0.11;-0.13;0.03;0.35;0.83;1.20;1.53;1.96;2.40;2.82;3.16;3.43;3.58;3.64;3.72;3.75;3.65;3.54;3.49;3.35;3.12;2.77;2.40;2.26;2.12;1.82;1.58;1.42;1.29;1.17;0.97;0.75;0.57;0.42;0.30;0.22;0.16;0.04;-0.12;-0.23;-0.35;-0.50;-0.60;-0.64;-0.75;-0.89;-1.05;-1.24;-1.49;-1.70;-1.87;-2.04;-2.22;-2.35;-2.41;-2.31;-2.11;-1.82;-1.36;-0.76;-0.34;
Segment 8;0.00;0.28;-0.16;-1.23;-1.45;-1.31;-0.95;-0.58;-0.19;0.19;0.54;0.83;1.04;1.11;1.06;0.92;0.77;0.60;0.39;0.15;-0.10;-0.36;-0.60;-0.85;-1.11;-1.44;-1.80;-2.17;-2.54;-2.92;-3.29;-3.62;-3.93;-4.22;-4.51;-4.80;-5.09;-5.30;-5.49;-5.67;-5.87;-6.11;-6.45;-6.88;-7.37;-7.87;-8.28;-8.58;-8.76;-8.91;-8.98;-8.86;-8.41;-7.66;-6.71;-5.66;-4.65;-3.87;-3.94;-4.52;-4.37;-2.80;
Segment 9;0.00;-0.26;0.43;1.27;1.80;1.86;2.02;2.50;3.15;3.76;3.88;3.91;3.87;3.94;4.05;4.28;4.52;4.74;5.08;4.86;4.65;3.75;2.56;0.96;-0.41;-1.74;-2.58;-3.15;-3.63;-3.96;-3.37;-0.69;3.10;6.13;7.32;7.23;7.30;7.14;7.18;6.86;6.70;6.42;6.25;6.12;6.05;6.08;6.15;6.29;6.37;6.56;6.69;6.87;6.94;7.02;7.00;6.81;6.57;6.59;6.58;6.29;5.46;2.60;
Segment 10;0.00;0.36;0.53;0.36;0.04;-0.38;-0.70;-0.90;-0.79;-0.59;-0.45;-0.42;-0.51;-0.76;-1.14;-1.48;-1.83;-2.31;-2.74;-3.03;-3.40;-3.86;-4.38;-4.93;-5.43;-5.96;-6.60;-7.19;-7.71;-8.11;-8.41;-8.67;-8.91;-9.14;-9.39;-9.67;-9.94;-10.20;-10.41;-10.56;-10.58;-10.49;-10.30;-9.97;-9.50;-9.15;-8.84;-8.47;-8.07;-7.58;-7.20;-6.96;-6.56;-6.09;-5.88;-5.70;-5.33;-4.83;-4.24;-3.28;-2.01;-0.96;
Segment 11;0.00;0.39;-0.04;-1.22;-1.74;-2.01;-2.13;-2.26;-2.35;-2.42;-2.43;-2.44;-2.47;-2.56;-2.74;-3.02;-3.42;-3.89;-4.39;-4.92;-5.44;-5.94;-6.43;-6.92;-7.42;-7.93;-8.45;-8.97;-9.42;-9.84;-10.25;-10.62;-10.97;-11.31;-11.69;-12.06;-12.38;-12.57;-12.67;-12.71;-12.83;-13.01;-13.23;-13.40;-13.55;-13.77;-13.92;-14.01;-14.06;-14.25;-14.38;-14.08;-13.07;-11.43;-9.40;-7.61;-6.22;-5.29;-5.23;-5.72;-5.80;-3.83;
Segment 12;0.00;-1.20;-1.27;-0.69;-0.67;-0.84;-1.23;-1.43;-1.69;-1.88;-2.09;-2.22;-2.41;-2.56;-2.72;-2.67;-2.60;-2.45;-2.32;-2.56;-2.86;-3.47;-4.09;-4.84;-5.23;-5.42;-5.02;-4.13;-2.57;-0.67;1.41;3.19;4.79;6.04;6.99;7.54;7.92;8.00;8.05;7.97;8.09;8.11;8.21;8.03;7.97;7.86;8.08;8.28;8.67;8.97;9.42;9.77;10.21;10.49;10.80;10.76;10.89;11.02;11.73;11.76;10.59;5.51;
Segment 13;0.00;0.37;0.69;0.92;1.14;1.36;2.07;3.10;4.07;4.96;5.69;6.24;6.60;6.80;6.85;6.90;6.89;6.80;6.71;6.66;6.44;6.07;5.55;4.98;4.58;4.27;4.05;3.79;3.46;3.21;3.01;2.78;2.54;2.28;2.08;1.98;1.90;1.87;1.95;2.10;2.21;2.43;2.84;3.27;3.70;4.07;4.36;4.51;4.51;4.33;4.04;3.67;3.25;2.76;2.08;1.36;0.77;0.26;-0.19;-0.43;-0.47;-0.30;
Segment 14;0.00;-0.10;-0.95;-2.45;-3.13;-3.40;-3.37;-3.29;-3.21;-3.21;-3.47;-3.89;-4.42;-5.04;-5.72;-6.44;-7.10;-7.74;-8.36;-8.87;-9.33;-9.79;-10.28;-10.78;-11.28;-11.74;-12.21;-12.70;-13.29;-13.94;-14.61;-15.26;-15.86;-16.42;-16.87;-17.23;-17.50;-17.68;-17.73;-17.59;-17.08;-16.41;-15.79;-15.55;-15.61;-15.82;-16.03;-16.19;-16.27;-16.12;-15.73;-15.12;-14.50;-13.78;-12.69;-11.17;-9.39;-7.80;-6.88;-6.44;-5.74;-3.55;
Segment 15;0.00;-1.29;-1.90;-1.41;-0.69;0.58;1.70;2.77;3.47;4.09;4.29;4.37;4.35;4.20;4.10;4.00;3.98;3.81;3.29;2.71;1.66;0.39;-1.12;-2.73;-4.53;-6.23;-7.52;-7.87;-6.58;-3.96;-0.11;3.99;8.18;11.27;12.47;12.32;11.75;11.54;11.52;11.51;11.15;10.76;10.46;10.28;10.25;10.21;10.24;10.16;10.06;9.87;9.74;9.50;9.37;9.07;8.90;8.36;8.09;7.70;7.96;7.55;6.55;3.29;
Segment 16;0.00;0.65;1.04;0.94;0.71;0.38;-0.03;-0.47;-0.76;-0.85;-0.59;-0.28;-0.01;0.09;0.06;0.07;0.04;-0.16;-0.34;-0.39;-0.63;-1.09;-1.88;-2.85;-3.71;-4.50;-5.20;-5.79;-6.24;-6.51;-6.58;-6.27;-5.92;-5.87;-5.86;-5.83;-5.77;-5.68;-5.48;-5.21;-4.93;-4.55;-4.03;-3.48;-2.91;-2.49;-2.16;-1.81;-1.59;-1.62;-1.70;-1.78;-1.96;-2.22;-2.62;-2.99;-3.18;-3.19;-3.00;-2.55;-1.84;-0.97;
Segment 17;0.00;0.60;0.56;-0.10;-0.41;-0.57;-0.57;-0.38;-0.09;0.24;0.55;0.84;1.08;1.17;1.13;0.92;0.50;-0.06;-0.70;-1.31;-1.89;-2.45;-3.04;-3.62;-4.16;-4.60;-4.99;-5.36;-5.70;-6.03;-6.33;-6.63;-6.91;-7.14;-7.34;-7.45;-7.44;-7.17;-6.71;-6.14;-5.47;-4.81;-4.30;-4.22;-4.52;-5.07;-5.84;-6.76;-7.71;-8.57;-9.26;-9.63;-9.56;-9.06;-8.28;-7.37;-6.43;-5.61;-5.19;-4.97;-4.29;-2.59;
Segment 18;0.00;0.39;0.90;1.17;1.73;2.16;2.78;3.13;3.56;3.79;4.11;4.25;4.44;4.55;4.73;4.93;5.29;5.63;5.67;5.47;4.88;4.38;3.83;3.40;2.62;1.70;0.76;0.31;0.51;1.40;2.59;3.30;3.57;3.65;3.68;3.64;3.23;3.07;2.75;2.70;2.16;1.83;1.48;1.35;1.25;1.15;0.87;0.58;0.04;-0.34;-1.00;-1.48;-2.27;-2.82;-3.48;-3.78;-4.11;-4.11;-4.24;-4.04;-3.99;-2.09;

----------------------------------------------------------


Curves
==========================================================
Longitudinal Strain Rate
Unit [1/s]
Time [ms];0.00;9.35;18.70;28.05;37.39;46.74;56.09;65.44;74.79;84.14;93.48;102.83;112.18;121.53;130.88;140.23;149.57;158.92;168.27;177.62;186.97;196.32;205.66;215.01;224.36;233.71;243.06;252.41;261.75;271.10;280.45;289.80;299.15;308.50;317.85;327.19;336.54;345.89;355.24;364.59;373.94;383.28;392.63;401.98;411.33;420.68;430.03;439.37;448.72;458.07;467.42;476.77;486.12;495.46;504.81;514.16;523.51;532.86;542.21;551.55;560.90;570.25;
Segment 1;0.79;0.74;0.55;0.48;0.66;0.68;0.55;0.47;0.41;0.34;0.31;0.35;0.23;-0.05;-0.11;-0.06;-0.24;-0.37;-0.25;-0.25;-0.45;-0.47;-0.37;-0.44;-0.52;-0.52;-0.55;-0.69;-0.65;-0.46;-0.40;-0.38;-0.35;-0.30;-0.20;-0.21;-0.34;-0.29;-0.14;-0.11;-0.07;0.05;0.13;0.16;0.13;0.07;0.12;0.16;0.04;-0.05;-0.03;-0.05;-0.13;-0.24;-0.30;-0.10;0.11;0.11;0.32;0.79;0.85;0.65;
Segment 2;0.87;0.53;-0.16;-0.06;0.48;0.62;0.44;0.14;0.05;0.06;0.12;0.18;0.17;0.10;0.03;-0.26;-0.58;-0.67;-0.52;-0.32;-0.28;-0.33;-0.40;-0.44;-0.35;-0.23;-0.22;-0.34;-0.48;-0.54;-0.46;-0.30;-0.18;-0.19;-0.25;-0.17;-0.17;-0.25;-0.15;-0.03;0.02;0.11;-0.02;-0.34;-0.50;-0.48;-0.38;-0.38;-0.28;-0.06;-0.01;0.08;0.34;0.40;0.81;1.55;1.48;0.26;-1.26;-1.88;-0.10;3.24;
Segment 3;-0.29;0.74;1.89;1.40;0.29;-0.33;-0.63;-0.72;-0.65;-0.48;-0.34;-0.40;-0.64;-0.91;-0.91;-0.87;-0.84;-0.56;-0.39;-0.38;-0.37;-0.95;-1.18;-0.75;0.54;1.98;2.61;3.00;2.87;2.22;0.66;-0.70;-0.75;0.22;1.32;1.76;1.18;0.29;-0.09;-0.23;-0.16;-0.20;-0.15;-0.12;-0.11;-0.07;-0.05;-0.02;-0.07;-0.11;-0.06;0.05;0.13;0.09;-0.11;-0.19;-0.02;0.57;0.66;-0.32;-2.42;-4.05;
Segment 4;0.88;0.76;0.30;0.15;0.56;0.79;0.82;0.50;0.11;0.11;0.18;0.20;0.13;-0.03;-0.02;0.02;-0.27;-0.52;-0.40;-0.42;-0.65;-0.64;-0.47;-0.34;-0.30;-0.51;-0.63;-0.53;-0.44;-0.36;-0.36;-0.35;-0.27;-0.09;0.29;0.38;0.13;0.02;0.01;0.14;0.30;0.37;0.39;0.36;0.32;0.25;0.16;0.03;-0.18;-0.25;-0.03;-0.19;-0.69;-0.52;-0.09;-0.05;-0.10;-0.17;-0.02;0.37;0.52;0.50;
Segment 5;-0.14;-0.37;-0.80;-0.34;0.44;0.60;0.49;0.30;0.26;0.07;-0.19;-0.36;-0.26;-0.11;-0.20;0.02;0.35;0.32;0.04;-0.29;-0.44;-0.56;-0.67;-0.74;-0.87;-0.97;-0.86;-0.61;-0.35;-0.15;-0.11;-0.18;-0.17;-0.24;-0.37;-0.41;-0.34;-0.23;-0.18;-0.10;-0.03;-0.17;-0.11;0.19;0.03;0.02;0.37;0.75;0.21;-1.09;-1.45;-1.13;-0.73;-0.53;0.36;2.01;2.80;2.24;1.06;0.89;1.23;1.15;
Segment 6;-1.39;-0.40;0.34;0.30;0.27;-0.01;-0.06;-0.25;-0.52;-0.94;-1.28;-1.30;-1.00;-0.64;-0.35;-0.29;-0.28;-0.22;-0.35;-0.52;-0.91;-1.04;-1.05;-0.94;-0.65;-0.19;0.88;2.13;3.25;3.85;3.42;2.75;2.26;2.01;1.68;1.08;0.27;-0.39;-0.57;-0.38;-0.09;-0.18;-0.33;-0.53;-0.51;-0.31;-0.06;0.07;-0.19;-0.45;-0.43;-0.08;0.20;0.10;-0.27;-0.61;-0.60;-0.29;0.07;-0.44;-1.24;-1.89;
Segment 7;-0.13;-0.08;0.07;0.26;0.44;0.47;0.36;0.40;0.48;0.46;0.41;0.33;0.23;0.10;0.07;0.08;-0.04;-0.13;-0.08;-0.09;-0.20;-0.31;-0.41;-0.27;-0.12;-0.24;-0.31;-0.21;-0.15;-0.13;-0.17;-0.23;-0.21;-0.18;-0.15;-0.11;-0.07;-0.09;-0.16;-0.14;-0.12;-0.15;-0.14;-0.07;-0.07;-0.13;-0.16;-0.19;-0.24;-0.25;-0.20;-0.18;-0.19;-0.17;-0.11;0.02;0.17;0.25;0.39;0.60;0.56;0.39;
Segment 8;0.40;-0.04;-0.93;-0.76;0.01;0.28;0.41;0.41;0.41;0.39;0.35;0.27;0.15;0.01;-0.11;-0.16;-0.17;-0.20;-0.24;-0.27;-0.27;-0.27;-0.26;-0.27;-0.31;-0.37;-0.39;-0.40;-0.40;-0.40;-0.38;-0.34;-0.32;-0.31;-0.32;-0.31;-0.27;-0.21;-0.19;-0.20;-0.23;-0.31;-0.41;-0.50;-0.54;-0.49;-0.38;-0.25;-0.17;-0.13;0.01;0.30;0.65;0.92;1.08;1.12;1.02;0.41;-0.46;-0.36;0.89;2.43;
Segment 9;-0.43;0.23;0.91;0.77;0.29;0.06;0.34;0.63;0.72;0.39;0.05;-0.02;0.00;0.10;0.18;0.26;0.23;0.34;0.07;-0.22;-0.57;-1.13;-1.53;-1.62;-1.45;-1.18;-0.72;-0.55;-0.48;-0.00;1.72;3.66;3.85;2.29;0.44;-0.08;-0.04;-0.05;-0.15;-0.28;-0.22;-0.26;-0.16;-0.11;-0.02;0.06;0.12;0.11;0.14;0.18;0.17;0.13;0.07;0.05;-0.11;-0.26;-0.12;0.05;-0.14;-0.46;-2.03;-3.08;
Segment 10;0.41;0.31;-0.01;-0.28;-0.41;-0.41;-0.29;-0.04;0.19;0.19;0.09;-0.02;-0.18;-0.36;-0.39;-0.35;-0.45;-0.50;-0.38;-0.34;-0.45;-0.53;-0.58;-0.56;-0.54;-0.63;-0.67;-0.60;-0.49;-0.37;-0.30;-0.27;-0.25;-0.26;-0.28;-0.29;-0.28;-0.26;-0.20;-0.09;0.04;0.14;0.27;0.45;0.45;0.34;0.35;0.41;0.49;0.48;0.31;0.32;0.50;0.37;0.17;0.29;0.47;0.57;0.81;1.23;1.26;1.06;
Segment 11;0.52;0.03;-0.97;-0.98;-0.38;-0.20;-0.12;-0.12;-0.09;-0.04;-0.00;-0.02;-0.06;-0.14;-0.24;-0.37;-0.47;-0.52;-0.56;-0.57;-0.55;-0.53;-0.52;-0.53;-0.54;-0.55;-0.56;-0.53;-0.46;-0.44;-0.42;-0.39;-0.36;-0.38;-0.41;-0.38;-0.28;-0.15;-0.07;-0.08;-0.16;-0.22;-0.21;-0.16;-0.20;-0.21;-0.13;-0.06;-0.12;-0.21;0.04;0.69;1.43;2.02;2.10;1.70;1.27;0.54;-0.30;-0.48;0.90;3.24;
Segment 12;-1.45;-0.72;0.40;0.37;-0.11;-0.32;-0.32;-0.23;-0.25;-0.22;-0.17;-0.17;-0.19;-0.17;-0.06;0.07;0.11;0.18;-0.06;-0.29;-0.49;-0.67;-0.76;-0.63;-0.32;0.10;0.68;1.31;1.88;2.17;2.08;1.81;1.54;1.18;0.79;0.49;0.24;0.06;-0.03;0.02;0.08;0.08;-0.05;-0.14;-0.10;0.06;0.23;0.32;0.37;0.40;0.43;0.43;0.39;0.33;0.13;0.03;0.10;0.49;0.50;-0.38;-3.40;-5.95;
Segment 13;0.40;0.38;0.30;0.24;0.19;0.48;0.98;1.09;1.00;0.87;0.69;0.49;0.30;0.12;0.05;0.03;-0.05;-0.11;-0.07;-0.13;-0.32;-0.49;-0.60;-0.53;-0.38;-0.28;-0.25;-0.33;-0.32;-0.23;-0.22;-0.25;-0.27;-0.25;-0.16;-0.09;-0.07;0.02;0.14;0.14;0.16;0.34;0.46;0.46;0.43;0.36;0.24;0.08;-0.10;-0.25;-0.36;-0.43;-0.47;-0.63;-0.77;-0.71;-0.58;-0.52;-0.38;-0.16;0.07;0.27;
Segment 14;-0.00;-0.46;-1.37;-1.24;-0.46;-0.11;0.08;0.09;0.06;-0.13;-0.38;-0.51;-0.62;-0.70;-0.75;-0.74;-0.70;-0.68;-0.60;-0.51;-0.48;-0.51;-0.54;-0.54;-0.51;-0.49;-0.50;-0.58;-0.67;-0.71;-0.70;-0.67;-0.63;-0.54;-0.43;-0.33;-0.24;-0.13;0.04;0.35;0.66;0.73;0.48;0.08;-0.16;-0.24;-0.20;-0.14;0.03;0.29;0.55;0.67;0.69;0.94;1.40;1.80;1.87;1.37;0.67;0.48;1.47;3.17;
Segment 15;-1.47;-1.09;-0.02;0.68;1.08;1.32;1.18;0.95;0.71;0.44;0.13;0.04;-0.10;-0.14;-0.11;-0.06;-0.07;-0.38;-0.58;-0.86;-1.26;-1.49;-1.67;-1.84;-1.91;-1.64;-0.96;0.48;2.12;3.53;4.32;4.51;4.03;2.31;0.46;-0.51;-0.45;-0.09;0.02;-0.20;-0.44;-0.38;-0.26;-0.10;-0.03;0.00;-0.02;-0.10;-0.16;-0.17;-0.21;-0.19;-0.23;-0.24;-0.39;-0.45;-0.39;-0.04;-0.00;-0.64;-2.31;-3.67;
Segment 16;0.72;0.59;0.15;-0.21;-0.30;-0.40;-0.47;-0.40;-0.22;0.10;0.33;0.32;0.21;0.02;-0.02;0.01;-0.13;-0.23;-0.11;-0.13;-0.36;-0.67;-0.97;-1.00;-0.88;-0.80;-0.69;-0.55;-0.39;-0.20;0.14;0.40;0.21;0.00;0.02;0.05;0.08;0.15;0.26;0.29;0.34;0.48;0.58;0.61;0.54;0.39;0.36;0.33;0.10;-0.08;-0.08;-0.13;-0.23;-0.36;-0.44;-0.31;-0.10;0.09;0.34;0.62;0.85;1.00;
Segment 17;0.73;0.34;-0.45;-0.57;-0.23;-0.09;0.10;0.26;0.34;0.35;0.32;0.29;0.18;0.03;-0.13;-0.34;-0.53;-0.65;-0.67;-0.63;-0.61;-0.62;-0.63;-0.60;-0.52;-0.43;-0.40;-0.38;-0.36;-0.34;-0.32;-0.31;-0.27;-0.23;-0.17;-0.07;0.15;0.40;0.56;0.67;0.72;0.66;0.33;-0.13;-0.47;-0.72;-0.91;-1.01;-0.98;-0.84;-0.59;-0.17;0.32;0.70;0.92;1.00;0.97;0.67;0.29;0.39;1.24;2.36;
Segment 18;0.39;0.51;0.41;0.43;0.53;0.57;0.53;0.41;0.35;0.29;0.25;0.17;0.15;0.15;0.20;0.30;0.41;0.22;-0.08;-0.45;-0.61;-0.56;-0.50;-0.62;-0.93;-1.03;-0.79;-0.15;0.60;1.20;1.06;0.49;0.16;0.05;0.03;-0.27;-0.32;-0.26;-0.18;-0.31;-0.50;-0.36;-0.26;-0.11;-0.09;-0.20;-0.30;-0.46;-0.49;-0.56;-0.61;-0.68;-0.73;-0.66;-0.52;-0.33;-0.17;-0.07;0.05;0.01;1.02;2.28;

----------------------------------------------------------


Curves
==========================================================
Global Strain A2C
Unit [%]
Time [ms];0.00;9.35;18.70;28.05;37.39;46.74;56.09;65.44;74.79;84.14;93.48;102.83;112.18;121.53;130.88;140.23;149.57;158.92;168.27;177.62;186.97;196.32;205.66;215.01;224.36;233.71;243.06;252.41;261.75;271.10;280.45;289.80;299.15;308.50;317.85;327.19;336.54;345.89;355.24;364.59;373.94;383.28;392.63;401.98;411.33;420.68;430.03;439.37;448.72;458.07;467.42;476.77;486.12;495.46;504.81;514.16;523.51;532.86;542.21;551.55;560.90;570.25;
Total;0.00;0.46;0.82;0.92;1.07;1.30;1.59;1.92;2.23;2.55;2.89;3.18;3.40;3.46;3.38;3.35;3.27;2.99;2.73;2.58;2.28;1.84;1.33;0.80;0.36;-0.07;-0.56;-1.02;-1.45;-1.77;-2.01;-2.19;-2.35;-2.54;-2.67;-2.71;-2.77;-2.86;-2.90;-2.89;-2.83;-2.69;-2.45;-2.17;-1.85;-1.62;-1.45;-1.29;-1.21;-1.26;-1.33;-1.40;-1.56;-1.79;-2.05;-2.26;-2.33;-2.30;-2.21;-1.83;-1.20;-0.60;

----------------------------------------------------------


Curves
==========================================================
Global Strain Rate A2C
Unit [1/s]
Time [ms];0.00;9.35;18.70;28.05;37.39;46.74;56.09;65.44;74.79;84.14;93.48;102.83;112.18;121.53;130.88;140.23;149.57;158.92;168.27;177.62;186.97;196.32;205.66;215.01;224.36;233.71;243.06;252.41;261.75;271.10;280.45;289.80;299.15;308.50;317.85;327.19;336.54;345.89;355.24;364.59;373.94;383.28;392.63;401.98;411.33;420.68;430.03;439.37;448.72;458.07;467.42;476.77;486.12;495.46;504.81;514.16;523.51;532.86;542.21;551.55;560.90;570.25;
Total;0.51;0.45;0.23;0.11;0.20;0.28;0.33;0.35;0.34;0.35;0.34;0.29;0.16;-0.03;-0.07;-0.04;-0.19;-0.31;-0.21;-0.22;-0.40;-0.52;-0.57;-0.52;-0.46;-0.49;-0.51;-0.48;-0.41;-0.29;-0.22;-0.18;-0.19;-0.18;-0.08;-0.05;-0.09;-0.07;-0.01;0.04;0.11;0.21;0.28;0.33;0.30;0.21;0.18;0.14;0.01;-0.07;-0.07;-0.12;-0.21;-0.27;-0.26;-0.15;-0.01;0.05;0.23;0.56;0.68;0.64;

----------------------------------------------------------


Curves
==========================================================
Global Strain A3C
Unit [%]
Time [ms];0.00;9.35;18.70;28.05;37.39;46.74;56.09;65.44;74.79;84.14;93.48;102.83;112.18;121.53;130.88;140.23;149.57;158.92;168.27;177.62;186.97;196.32;205.66;215.01;224.36;233.71;243.06;252.41;261.75;271.10;280.45;289.80;299.15;308.50;317.85;327.19;336.54;345.89;355.24;364.59;373.94;383.28;392.63;401.98;411.33;420.68;430.03;439.37;448.72;458.07;467.42;476.77;486.12;495.46;504.81;514.16;523.51;532.86;542.21;551.55;560.90;570.25;
Total;0.00;0.27;-0.08;-0.99;-1.20;-1.13;-0.90;-0.72;-0.56;-0.41;-0.35;-0.35;-0.41;-0.50;-0.67;-0.93;-1.23;-1.58;-1.97;-2.37;-2.79;-3.21;-3.68;-4.17;-4.66;-5.15;-5.63;-6.09;-6.52;-6.93;-7.31;-7.66;-7.98;-8.27;-8.57;-8.86;-9.08;-9.21;-9.24;-9.19;-9.04;-8.88;-8.79;-8.85;-9.04;-9.38;-9.66;-9.87;-10.02;-10.32;-10.65;-10.77;-10.54;-9.96;-9.15;-7.88;-6.34;-5.05;-4.63;-4.83;-4.59;-2.95;

----------------------------------------------------------


Curves
==========================================================
Global Strain Rate A3C
Unit [1/s]
Time [ms];0.00;9.35;18.70;28.05;37.39;46.74;56.09;65.44;74.79;84.14;93.48;102.83;112.18;121.53;130.88;140.23;149.57;158.92;168.27;177.62;186.97;196.32;205.66;215.01;224.36;233.71;243.06;252.41;261.75;271.10;280.45;289.80;299.15;308.50;317.85;327.19;336.54;345.89;355.24;364.59;373.94;383.28;392.63;401.98;411.33;420.68;430.03;439.37;448.72;458.07;467.42;476.77;486.12;495.46;504.81;514.16;523.51;532.86;542.21;551.55;560.90;570.25;
Total;0.38;-0.00;-0.78;-0.65;-0.03;0.18;0.23;0.18;0.17;0.12;0.03;-0.03;-0.08;-0.13;-0.24;-0.31;-0.34;-0.40;-0.43;-0.44;-0.45;-0.48;-0.51;-0.53;-0.53;-0.52;-0.50;-0.48;-0.45;-0.42;-0.39;-0.36;-0.32;-0.31;-0.32;-0.27;-0.19;-0.09;0.01;0.11;0.18;0.14;0.02;-0.13;-0.30;-0.35;-0.26;-0.18;-0.23;-0.36;-0.27;0.05;0.44;0.73;1.11;1.55;1.59;0.95;0.03;-0.11;0.94;2.55;

----------------------------------------------------------


Curves
==========================================================
Global Strain A4C
Unit [%]
Time [ms];0.00;9.35;18.70;28.05;37.39;46.74;56.09;65.44;74.79;84.14;93.48;102.83;112.18;121.53;130.88;140.23;149.57;158.92;168.27;177.62;186.97;196.32;205.66;215.01;224.36;233.71;243.06;252.41;261.75;271.10;280.45;289.80;299.15;308.50;317.85;327.19;336.54;345.89;355.24;364.59;373.94;383.28;392.63;401.98;411.33;420.68;430.03;439.37;448.72;458.07;467.42;476.77;486.12;495.46;504.81;514.16;523.51;532.86;542.21;551.55;560.90;570.25;
Total;0.00;-0.60;-0.24;0.41;0.89;1.15;1.32;1.47;1.55;1.54;1.36;1.11;0.83;0.56;0.34;0.24;0.16;0.12;0.01;-0.32;-0.85;-1.63;-2.62;-3.65;-4.53;-5.07;-5.12;-4.51;-3.18;-1.33;0.82;2.78;4.67;6.14;7.14;7.65;7.94;7.92;7.82;7.61;7.41;7.21;7.01;6.83;6.67;6.56;6.52;6.52;6.48;6.39;6.25;6.17;6.14;6.10;6.00;5.72;5.47;5.38;5.63;5.60;4.79;2.50;

----------------------------------------------------------


Curves
==========================================================
Global Strain Rate A4C
Unit [1/s]
Time [ms];0.00;9.35;18.70;28.05;37.39;46.74;56.09;65.44;74.79;84.14;93.48;102.83;112.18;121.53;130.88;140.23;149.57;158.92;168.27;177.62;186.97;196.32;205.66;215.01;224.36;233.71;243.06;252.41;261.75;271.10;280.45;289.80;299.15;308.50;317.85;327.19;336.54;345.89;355.24;364.59;373.94;383.28;392.63;401.98;411.33;420.68;430.03;439.37;448.72;458.07;467.42;476.77;486.12;495.46;504.81;514.16;523.51;532.86;542.21;551.55;560.90;570.25;
Total;-0.79;-0.14;0.62;0.64;0.39;0.21;0.17;0.12;0.05;-0.10;-0.24;-0.29;-0.30;-0.27;-0.17;-0.09;-0.06;-0.07;-0.23;-0.45;-0.70;-0.96;-1.10;-1.05;-0.78;-0.33;0.28;1.04;1.72;2.19;2.22;2.07;1.82;1.33;0.79;0.42;0.14;-0.08;-0.17;-0.23;-0.22;-0.21;-0.20;-0.19;-0.15;-0.08;-0.01;-0.02;-0.07;-0.12;-0.12;-0.06;-0.03;-0.06;-0.21;-0.31;-0.20;0.11;0.19;-0.36;-1.70;-2.67;

----------------------------------------------------------


