PatientInformation
==========================================================
PatientID;No patientID
Name;,,
Date of Birth;
Sex;
Version;AutoStrainCap2 2.1.0.491925

Results
==========================================================
Global
----------------------------------------------------------
RVFWSL;-16.07;%
RV4CSL;-12.71;%
ED;0.00;ms
ES;237.96;ms

Curves
==========================================================
Longitudinal Strain
Unit [%]
Time [ms];0.00;11.17;22.34;33.52;44.69;55.86;67.03;78.20;89.38;100.55;111.72;122.89;134.06;145.24;156.41;167.58;178.75;189.92;201.10;212.27;223.44;234.61;245.78;256.96;268.13;279.30;290.47;301.64;312.82;323.99;335.16;346.33;357.50;368.68;379.85;391.02;402.19;413.36;424.54;435.71;446.88;458.05;469.22;480.40;491.57;
Basal;0.00;-1.14;-2.93;-3.30;-2.96;-3.40;-4.07;-4.35;-4.62;-5.37;-6.18;-6.93;-7.79;-9.01;-10.33;-11.62;-12.82;-14.07;-15.15;-15.96;-16.40;-16.29;-15.81;-15.10;-14.40;-14.13;-14.03;-14.13;-14.16;-14.00;-13.63;-12.86;-12.32;-12.20;-11.96;-10.98;-9.38;-7.04;-4.65;-3.42;-2.63;-2.30;-2.27;-2.67;-2.35;
Mid;0.00;-1.81;-4.46;-4.91;-4.38;-4.41;-4.68;-4.95;-5.30;-6.03;-6.85;-7.67;-8.49;-9.35;-10.29;-11.40;-12.44;-13.29;-13.95;-14.52;-14.85;-14.86;-14.66;-14.43;-14.16;-13.93;-13.84;-14.12;-14.40;-14.42;-14.18;-13.63;-13.37;-13.77;-13.98;-13.30;-11.99;-10.34;-8.49;-7.01;-5.69;-4.73;-4.09;-4.02;-3.18;
Apical;0.00;-1.49;-3.64;-4.12;-3.84;-4.02;-4.45;-4.82;-5.28;-5.98;-6.75;-7.54;-8.37;-9.40;-10.52;-11.71;-12.83;-13.89;-14.75;-15.40;-15.81;-15.93;-15.79;-15.48;-15.11;-14.97;-14.94;-14.85;-14.75;-14.63;-14.41;-13.95;-13.77;-13.73;-13.61;-12.93;-11.78;-10.10;-8.10;-6.76;-5.41;-4.33;-3.44;-3.16;-2.44;

----------------------------------------------------------


