PatientInformation
==========================================================
PatientID;No patientID
Name;,,
Date of Birth;
Sex;
Version;AutoStrainCap2 2.1.0.491925

Results
==========================================================
Global
----------------------------------------------------------
LaSr_ED;22.79;%
LaScd_ED;-24.10;%
LaSct_ED;1.31;%
LaSr_AC;23.08;%
LaScd_AC;-24.41;%
LaSct_AC;1.33;%
ED;0.00;ms
ES;276.48;ms
PreA;504.30;ms

Curves
==========================================================
Longitudinal Strain
Unit [%]
Time [ms];0.00;22.12;44.24;66.36;88.47;110.59;132.71;154.83;176.95;199.07;221.18;243.30;265.42;287.54;309.66;331.78;353.89;376.01;398.13;420.25;442.37;464.49;486.60;508.72;530.84;552.96;575.08;597.20;619.32;641.43;663.55;685.67;707.79;
LAS_ED;0.00;0.07;1.25;4.72;8.31;10.59;13.18;14.43;16.39;19.03;20.88;22.41;22.75;22.68;21.89;21.23;20.20;17.44;12.26;8.43;3.32;-0.13;-0.86;-1.25;0.32;1.33;0.15;0.48;-0.41;-2.29;-2.72;-3.46;-2.48;
LAS_AC;1.27;1.34;2.54;6.05;9.69;11.99;14.61;15.88;17.87;20.54;22.41;23.96;24.31;24.24;23.44;22.76;21.73;18.93;13.69;9.81;4.63;1.14;0.40;0.00;1.59;2.61;1.42;1.75;0.85;-1.06;-1.49;-2.24;-1.25;

----------------------------------------------------------


