PatientInformation
==========================================================
PatientID;No patientID
Name;,,
Date of Birth;
Sex;
Version;AutoStrainCap2 2.1.0.491925

Results
==========================================================
Global
----------------------------------------------------------
RVFWSL;-37.87;%
RV4CSL;-28.29;%
ED;0.00;ms
ES;262.54;ms

Curves
==========================================================
Longitudinal Strain
Unit [%]
Time [ms];0.00;11.17;22.34;33.52;44.69;55.86;67.03;78.20;89.38;100.55;111.72;122.89;134.06;145.24;156.41;167.58;178.75;189.92;201.10;212.27;223.44;234.61;245.78;256.96;268.13;279.30;290.47;301.64;312.82;323.99;335.16;346.33;357.50;368.68;379.85;391.02;402.19;413.36;424.54;435.71;446.88;458.05;469.22;480.40;491.57;502.74;513.91;525.08;536.26;547.43;558.60;569.77;580.94;592.12;603.29;614.46;625.63;636.80;647.98;659.15;670.32;681.49;692.66;703.84;715.01;726.18;737.35;
Basal;0.00;-1.65;-2.42;-3.17;-4.67;-6.74;-9.22;-11.88;-15.09;-18.88;-23.51;-27.95;-32.05;-35.96;-39.62;-42.55;-44.52;-45.74;-46.54;-47.13;-47.53;-47.80;-47.85;-47.64;-46.99;-45.84;-44.59;-43.40;-42.54;-41.91;-41.55;-41.75;-41.89;-41.40;-40.04;-37.78;-34.86;-31.92;-28.82;-25.82;-22.72;-20.05;-17.97;-16.76;-15.92;-15.01;-13.53;-11.85;-10.32;-9.37;-8.72;-8.13;-7.30;-6.20;-4.72;-2.77;-0.67;1.23;2.61;3.61;4.36;4.98;5.39;5.49;5.33;4.53;2.87;
Mid;0.00;-0.44;-0.26;-0.30;-1.61;-3.63;-5.98;-8.14;-10.69;-13.82;-18.00;-22.21;-26.10;-29.31;-32.03;-33.92;-35.08;-35.51;-35.53;-35.55;-35.46;-35.41;-35.35;-35.39;-35.35;-35.05;-34.51;-33.76;-32.99;-32.23;-31.68;-31.63;-31.56;-30.92;-29.55;-27.40;-24.75;-22.19;-19.55;-17.09;-14.70;-12.82;-11.51;-10.89;-10.57;-10.10;-9.01;-7.65;-6.37;-5.64;-5.13;-4.59;-3.71;-2.56;-1.24;0.09;1.38;2.56;3.54;4.30;4.76;4.92;4.81;4.55;4.19;3.43;2.07;
Apical;0.00;-0.60;-0.72;-0.89;-1.84;-3.31;-5.11;-6.77;-8.82;-11.33;-14.80;-18.27;-21.50;-24.21;-26.51;-28.02;-28.98;-29.20;-29.00;-28.63;-28.13;-27.76;-27.57;-27.61;-27.57;-27.05;-26.24;-25.40;-24.87;-24.47;-24.23;-24.35;-24.42;-23.92;-23.06;-21.43;-19.23;-17.18;-14.98;-13.09;-11.07;-9.62;-8.63;-8.15;-7.88;-7.49;-6.74;-5.78;-4.89;-4.29;-3.87;-3.45;-2.84;-2.07;-1.13;-0.10;0.96;1.95;2.70;3.28;3.64;3.80;3.75;3.60;3.41;2.89;1.76;

----------------------------------------------------------


