PatientInformation
==========================================================
PatientID;No patientID
Name;,,
Date of Birth;
Sex;
Version;AutoStrainCap2 2.1.0.491925

Results
==========================================================
Global
----------------------------------------------------------
RVFWSL;-19.57;%
RV4CSL;-13.73;%
ED;0.00;ms
ES;313.59;ms

Curves
==========================================================
Longitudinal Strain
Unit [%]
Time [ms];0.00;17.82;35.64;53.45;71.27;89.09;106.91;124.72;142.54;160.36;178.18;195.99;213.81;231.63;249.45;267.26;285.08;302.90;320.72;338.53;356.35;374.17;391.99;409.80;427.62;445.44;463.26;481.08;498.89;516.71;534.53;552.35;570.16;587.98;605.80;623.62;641.43;659.25;
Basal;0.00;0.81;1.92;2.48;1.47;-0.34;-2.20;-4.34;-6.42;-8.44;-10.03;-11.40;-12.98;-14.40;-15.91;-17.17;-18.16;-18.84;-19.35;-19.12;-17.67;-15.49;-12.85;-10.30;-8.21;-7.88;-8.37;-8.05;-8.19;-8.08;-7.66;-7.23;-5.99;-4.59;-3.22;-1.89;-0.88;-0.02;
Mid;0.00;-0.46;-0.58;-0.43;-1.62;-3.51;-5.40;-7.75;-10.34;-12.77;-14.69;-16.42;-18.20;-19.76;-21.07;-21.94;-22.36;-22.69;-22.19;-20.93;-18.53;-15.53;-12.47;-9.66;-7.18;-6.11;-5.64;-4.43;-4.13;-4.21;-4.14;-3.97;-3.22;-2.11;-0.88;0.09;0.70;1.00;
Apical;0.00;0.41;1.13;1.81;1.15;-0.53;-2.36;-4.12;-5.60;-6.84;-8.12;-9.44;-10.91;-12.28;-13.52;-14.44;-14.93;-15.42;-15.36;-14.46;-12.28;-9.45;-6.48;-3.95;-1.82;-1.37;-1.27;-0.31;0.08;-0.08;-0.21;-0.41;-0.10;0.49;1.12;1.47;1.48;1.18;

----------------------------------------------------------


