PatientInformation
==========================================================
PatientID;No patientID
Name;,,
Date of Birth;
Sex;
Version;AutoStrainCap2 2.1.0.491925

Results
==========================================================
Global
----------------------------------------------------------
LaSr_ED;32.41;%
LaScd_ED;-18.13;%
LaSct_ED;-14.28;%
LaSr_AC;28.42;%
LaScd_AC;-15.90;%
LaSct_AC;-12.52;%
ED;0.00;ms
ES;393.00;ms
PreA;558.47;ms

Curves
==========================================================
Longitudinal Strain
Unit [%]
Time [ms];0.00;17.24;34.47;51.71;68.95;86.18;103.42;120.66;137.89;155.13;172.37;189.60;206.84;224.08;241.32;258.55;275.79;293.03;310.26;327.50;344.74;361.97;379.21;396.45;413.68;430.92;448.16;465.39;482.63;499.87;517.10;534.34;551.58;568.81;586.05;603.29;620.53;637.76;655.00;672.24;689.47;706.71;
LAS_ED;0.00;-0.53;-1.35;-2.34;-1.73;-0.29;1.79;3.55;5.16;6.91;9.32;12.93;16.67;19.69;22.21;24.69;26.78;28.27;29.02;28.85;28.93;30.42;31.95;32.40;31.45;28.94;25.47;21.61;18.24;16.08;14.77;14.08;14.05;14.73;15.15;14.54;12.69;9.56;5.85;2.20;0.05;-0.67;
LAS_AC;-12.32;-12.79;-13.51;-14.38;-13.84;-12.57;-10.75;-9.20;-7.80;-6.26;-4.15;-0.98;2.30;4.94;7.15;9.33;11.16;12.46;13.12;12.97;13.04;14.35;15.69;16.09;15.26;13.05;10.01;6.62;3.67;1.78;0.63;0.02;0.00;0.60;0.96;0.43;-1.20;-3.94;-7.19;-10.39;-12.28;-12.91;

----------------------------------------------------------


