PatientInformation
==========================================================
PatientID;No patientID
Name;,,
Date of Birth;
Sex;
Version;AutoStrainCap2 2.1.0.491925

Results
==========================================================
Global
----------------------------------------------------------
RVFWSL;-11.09;%
RV4CSL;-11.43;%
ED;0.00;ms
ES;301.64;ms

Curves
==========================================================
Longitudinal Strain
Unit [%]
Time [ms];0.00;17.24;34.47;51.71;68.95;86.18;103.42;120.66;137.89;155.13;172.37;189.60;206.84;224.08;241.32;258.55;275.79;293.03;310.26;327.50;344.74;361.97;379.21;396.45;413.68;430.92;448.16;465.39;482.63;499.87;517.10;534.34;551.58;568.81;586.05;603.29;620.53;637.76;655.00;672.24;689.47;706.71;
Basal;0.00;0.13;-0.37;-0.56;-0.66;-1.05;-1.84;-3.25;-4.54;-4.90;-4.45;-3.46;-2.10;-0.67;0.54;1.25;2.12;1.10;0.70;0.84;1.28;1.86;2.54;3.10;3.82;4.89;6.17;7.64;9.06;10.36;11.15;11.28;10.97;10.25;9.35;8.43;7.21;5.55;3.96;2.86;2.01;1.07;
Mid;0.00;0.35;-0.14;-0.52;-0.84;-1.40;-2.33;-3.69;-4.86;-5.05;-4.35;-3.08;-1.47;0.11;1.31;1.91;2.61;1.46;0.93;0.95;1.28;1.74;2.30;2.73;3.37;4.43;5.74;7.26;8.76;10.19;11.08;11.10;10.68;10.24;9.64;8.68;7.28;5.28;3.36;2.21;1.42;0.75;
Apical;0.00;-1.96;-4.08;-5.40;-6.34;-7.69;-9.71;-12.96;-16.55;-19.58;-21.84;-23.31;-24.38;-25.74;-27.27;-28.73;-29.57;-28.76;-27.43;-25.57;-23.53;-21.59;-20.08;-19.61;-19.15;-17.78;-15.98;-13.87;-11.62;-9.08;-7.03;-5.61;-4.44;-3.61;-2.84;-1.83;-1.03;-0.93;-0.92;-0.55;-0.12;-0.07;

----------------------------------------------------------


