PatientInformation
==========================================================
PatientID;No patientID
Name;,,
Date of Birth;
Sex;
Version;AutoStrainCap2 2.1.0.491925

Results
==========================================================
Global
----------------------------------------------------------
LaSr_ED;13.40;%
LaScd_ED;-11.91;%
LaSct_ED;-1.49;%
LaSr_AC;13.19;%
LaScd_AC;-11.73;%
LaSct_AC;-1.47;%
ED;0.00;ms
ES;364.69;ms
PreA;483.94;ms

Curves
==========================================================
Longitudinal Strain
Unit [%]
Time [ms];0.00;11.58;23.16;34.73;46.31;57.89;69.47;81.04;92.62;104.20;115.78;127.35;138.93;150.51;162.09;173.66;185.24;196.82;208.40;219.97;231.55;243.13;254.71;266.28;277.86;289.44;301.02;312.60;324.17;335.75;347.33;358.91;370.48;382.06;393.64;405.22;416.79;428.37;439.95;451.53;463.10;474.68;486.26;497.84;509.41;520.99;532.57;544.15;555.72;567.30;578.88;590.46;
LAS_ED;0.00;4.87;5.26;5.72;6.10;5.78;5.67;6.04;6.52;6.81;6.99;7.51;8.08;8.74;9.14;9.20;9.20;9.35;9.68;9.88;10.06;10.10;10.31;10.90;11.48;11.64;11.79;12.20;12.61;12.80;12.94;13.32;13.28;12.21;10.32;7.71;5.13;3.37;2.13;1.42;1.12;1.22;1.57;1.92;2.04;1.02;-0.01;-0.78;-1.43;-2.45;-3.22;-3.16;
LAS_AC;-1.54;3.25;3.64;4.09;4.47;4.15;4.04;4.41;4.88;5.16;5.34;5.85;6.41;7.06;7.45;7.51;7.52;7.67;7.99;8.18;8.36;8.40;8.61;9.19;9.76;9.92;10.07;10.47;10.87;11.06;11.20;11.58;11.53;10.48;8.62;6.05;3.51;1.78;0.55;-0.15;-0.44;-0.35;0.00;0.34;0.47;-0.53;-1.55;-2.31;-2.95;-3.95;-4.71;-4.66;

----------------------------------------------------------


