PatientInformation
==========================================================
PatientID;No patientID
Name;,,
Date of Birth;
Sex;
Version;AutoStrainCap2 2.1.0.491925

Results
==========================================================
Global
----------------------------------------------------------
RVFWSL;-10.36;%
RV4CSL;-5.86;%
ED;0.00;ms
ES;51.97;ms

Curves
==========================================================
Longitudinal Strain
Unit [%]
Time [ms];0.00;11.81;23.62;35.43;47.24;59.05;70.86;82.67;94.48;106.29;118.10;129.91;141.72;153.54;165.35;177.16;188.97;200.78;212.59;224.40;236.21;248.02;259.83;271.64;283.45;295.26;307.07;318.88;330.69;342.50;354.31;366.12;377.93;389.74;401.55;413.36;425.17;436.98;448.79;460.61;472.42;484.23;496.04;507.85;519.66;531.47;543.28;555.09;566.90;578.71;590.52;602.33;614.14;625.95;637.76;649.57;661.38;673.19;685.00;696.81;708.62;
Basal;0.00;-4.41;-7.14;-8.86;-10.07;-10.79;-10.90;-10.34;-9.51;-8.75;-9.30;-10.08;-10.95;-11.34;-11.65;-11.80;-11.76;-11.62;-11.40;-11.28;-11.17;-11.23;-11.27;-11.46;-11.55;-11.74;-11.74;-11.65;-11.75;-11.61;-10.96;-9.68;-8.08;-6.78;-5.85;-5.34;-4.90;-4.55;-4.33;-4.27;-4.50;-4.85;-5.31;-5.70;-5.80;-5.22;-3.64;-1.56;0.47;1.85;2.81;3.53;3.96;4.27;4.44;4.57;4.65;4.83;5.54;5.66;4.18;
Mid;0.00;-4.15;-6.93;-8.63;-9.38;-9.51;-9.15;-8.67;-8.01;-7.37;-7.11;-6.97;-6.92;-6.94;-7.05;-7.14;-7.33;-7.44;-7.48;-7.41;-7.37;-7.60;-8.28;-9.18;-9.95;-10.31;-10.36;-10.11;-9.83;-9.13;-7.92;-6.08;-3.98;-2.26;-1.21;-0.69;-0.35;-0.05;0.12;0.14;-0.11;-0.51;-1.10;-1.81;-2.35;-2.33;-1.45;-0.11;1.30;2.38;3.22;3.99;4.74;5.48;6.07;6.39;6.56;6.60;6.64;5.95;3.93;
Apical;0.00;-4.04;-6.57;-7.91;-8.54;-8.65;-8.40;-8.17;-7.81;-7.44;-7.49;-7.60;-7.74;-7.77;-7.81;-7.77;-7.65;-7.40;-7.09;-6.72;-6.39;-6.25;-6.35;-6.59;-6.80;-6.93;-6.89;-6.62;-6.52;-6.07;-5.17;-3.62;-1.87;-0.52;0.18;0.34;0.42;0.68;0.90;1.07;1.04;0.88;0.46;-0.17;-0.74;-0.89;-0.31;0.67;1.72;2.44;2.99;3.49;3.84;4.19;4.49;4.79;5.00;5.16;5.66;5.52;3.94;

----------------------------------------------------------


