PatientInformation
==========================================================
PatientID;No patientID
Name;,,
Date of Birth;
Sex;
Version;AutoStrainCap2 2.1.0.491925

Results
==========================================================
Global
----------------------------------------------------------
LaSr_ED;15.34;%
LaScd_ED;-17.73;%
LaSct_ED;2.40;%
LaSr_AC;15.71;%
LaScd_AC;-18.17;%
LaSct_AC;2.45;%
ED;0.00;ms
ES;333.46;ms
PreA;548.40;ms

Curves
==========================================================
Longitudinal Strain
Unit [%]
Time [ms];0.00;10.04;20.09;30.13;40.18;50.22;60.26;70.31;80.35;90.40;100.44;110.48;120.53;130.57;140.62;150.66;160.70;170.75;180.79;190.84;200.88;210.92;220.97;231.01;241.06;251.10;261.14;271.19;281.23;291.28;301.32;311.36;321.41;331.45;341.50;351.54;361.58;371.63;381.67;391.72;401.76;411.80;421.85;431.89;441.94;451.98;462.02;472.07;482.11;492.16;502.20;512.24;522.29;532.33;542.38;552.42;562.46;572.51;582.55;592.60;602.64;612.68;622.73;632.77;642.82;652.86;662.90;672.95;682.99;693.04;703.08;713.12;723.17;733.21;743.26;753.30;
LAS_ED;0.00;-0.17;0.97;2.42;3.34;3.99;4.70;5.50;6.42;7.26;7.95;8.46;8.82;9.07;9.28;9.63;9.84;10.31;10.92;11.54;12.30;13.12;13.89;14.41;14.59;14.51;14.17;13.74;13.27;13.03;13.18;13.97;14.84;15.33;15.09;14.31;12.96;10.94;8.73;6.47;4.41;2.48;0.86;-0.77;-2.00;-2.82;-3.17;-3.19;-3.03;-3.06;-3.01;-2.98;-2.75;-2.62;-2.40;-2.40;-2.38;-2.56;-2.80;-3.07;-3.23;-3.23;-3.12;-2.94;-2.83;-2.69;-2.50;-2.16;-1.78;-1.46;-1.26;-1.19;-1.21;-1.36;-1.39;-0.99;
LAS_AC;2.46;2.29;3.46;4.94;5.89;6.55;7.28;8.10;9.04;9.90;10.61;11.13;11.50;11.76;11.97;12.34;12.55;13.03;13.65;14.29;15.07;15.91;16.70;17.23;17.41;17.33;16.98;16.54;16.06;15.82;15.97;16.78;17.67;18.17;17.93;17.13;15.74;13.67;11.41;9.09;6.98;5.01;3.35;1.67;0.41;-0.42;-0.78;-0.80;-0.64;-0.67;-0.62;-0.59;-0.36;-0.22;0.00;0.00;0.02;-0.16;-0.40;-0.68;-0.84;-0.84;-0.74;-0.55;-0.44;-0.29;-0.09;0.25;0.64;0.97;1.18;1.24;1.23;1.07;1.04;1.45;

----------------------------------------------------------


