PatientInformation
==========================================================
PatientID;No patientID
Name;,,
Date of Birth;
Sex;
Version;AutoStrainCap2 2.1.0.491925

Results
==========================================================
Global
----------------------------------------------------------
RVFWSL;-20.22;%
RV4CSL;-13.50;%
ED;0.00;ms
ES;178.38;ms

Curves
==========================================================
Longitudinal Strain
Unit [%]
Time [ms];0.00;9.59;19.18;28.77;38.36;47.95;57.54;67.13;76.72;86.31;95.90;105.49;115.08;124.68;134.27;143.86;153.45;163.04;172.63;182.22;191.81;201.40;210.99;220.58;230.17;239.76;249.35;258.94;268.53;278.12;287.71;297.30;306.89;316.48;326.07;335.66;345.25;354.84;364.43;374.03;383.62;393.21;402.80;412.39;421.98;431.57;441.16;450.75;460.34;469.93;479.52;489.11;498.70;508.29;517.88;527.47;537.06;546.65;556.24;565.83;575.42;585.01;594.60;604.19;
Basal;0.00;1.67;4.48;6.37;5.22;2.23;-1.44;-4.60;-7.21;-9.26;-10.88;-12.14;-13.19;-14.07;-15.19;-16.93;-19.73;-22.53;-24.25;-23.83;-22.20;-20.41;-19.33;-18.73;-18.27;-17.80;-17.26;-16.79;-16.57;-16.57;-16.94;-17.62;-18.25;-18.15;-16.92;-14.94;-12.83;-11.41;-10.03;-8.35;-5.75;-3.15;-0.97;-0.30;0.13;0.57;1.76;2.92;3.97;4.34;4.40;4.13;3.85;3.31;2.72;1.66;0.74;-0.18;-0.55;-0.66;-0.26;0.60;1.41;1.46;
Mid;0.00;1.58;4.08;5.77;4.76;2.15;-1.03;-3.69;-5.85;-7.61;-9.17;-10.50;-11.60;-12.49;-13.48;-14.88;-16.92;-18.95;-20.21;-20.16;-19.29;-18.23;-17.65;-17.37;-17.19;-16.96;-16.63;-16.20;-15.56;-14.99;-14.69;-15.07;-15.44;-15.28;-14.37;-12.76;-10.79;-8.51;-6.18;-3.92;-2.08;-0.54;0.73;1.75;2.71;3.66;4.57;5.36;6.05;6.48;6.70;6.58;6.18;5.49;4.69;3.64;2.68;1.78;1.26;1.00;1.14;1.57;1.89;1.53;
Apical;0.00;0.81;3.18;5.13;4.57;2.48;-0.18;-2.32;-3.99;-5.28;-6.39;-7.35;-8.15;-8.85;-9.62;-10.71;-12.35;-13.99;-15.01;-15.06;-14.42;-13.66;-13.14;-12.86;-12.66;-12.49;-12.24;-11.94;-11.72;-11.58;-11.62;-12.09;-12.51;-12.46;-11.58;-10.08;-8.28;-6.53;-4.71;-2.83;-0.67;1.32;3.11;4.22;5.28;6.22;7.06;7.67;8.12;8.27;8.20;7.88;7.48;6.87;6.20;5.37;4.62;3.84;3.23;2.82;2.84;3.29;3.49;2.62;

----------------------------------------------------------


