PatientInformation
==========================================================
PatientID;No patientID
Name;,,
Date of Birth;
Sex;
Version;AutoStrainCap2 2.1.0.491925

Results
==========================================================
Global
----------------------------------------------------------
LaSr_ED;4.24;%
LaScd_ED;-5.34;%
LaSct_ED;1.10;%
LaSr_AC;4.29;%
LaScd_AC;-5.40;%
LaSct_AC;1.12;%
ED;0.00;ms
ES;363.63;ms
PreA;631.25;ms

Curves
==========================================================
Longitudinal Strain
Unit [%]
Time [ms];0.00;20.43;40.86;61.29;81.72;102.14;122.57;143.00;163.43;183.86;204.29;224.72;245.15;265.57;286.00;306.43;326.86;347.29;367.72;388.15;408.58;429.00;449.43;469.86;490.29;510.72;531.15;551.58;572.01;592.44;612.86;633.29;653.72;674.15;694.58;715.01;735.44;755.87;776.29;796.72;817.15;837.58;858.01;878.44;
LAS_ED;0.00;0.10;0.66;1.73;2.69;2.73;2.57;2.47;2.51;2.57;2.70;2.97;3.15;3.15;3.20;3.15;3.23;3.97;4.21;3.50;2.59;1.98;1.38;-0.13;-1.22;-0.92;-0.14;-0.20;-0.56;-0.87;-1.11;-1.10;-1.03;-1.02;-1.05;-1.31;-1.44;-1.35;-1.20;-0.96;-0.80;-0.65;-0.56;-0.77;
LAS_AC;1.11;1.21;1.78;2.86;3.83;3.87;3.70;3.60;3.65;3.71;3.84;4.11;4.30;4.30;4.35;4.30;4.37;5.12;5.37;4.65;3.72;3.11;2.50;0.97;-0.12;0.18;0.97;0.91;0.54;0.23;-0.02;0.00;0.07;0.08;0.04;-0.21;-0.34;-0.25;-0.11;0.14;0.30;0.45;0.55;0.33;

----------------------------------------------------------


