PatientInformation
==========================================================
PatientID;No patientID
Name;,,
Date of Birth;
Sex;
Version;AutoStrainCap2 2.1.0.491925

Results
==========================================================
Global
----------------------------------------------------------
RVFWSL;-17.41;%
RV4CSL;-15.11;%
ED;0.00;ms
ES;326.86;ms

Curves
==========================================================
Longitudinal Strain
Unit [%]
Time [ms];0.00;20.43;40.86;61.29;81.72;102.14;122.57;143.00;163.43;183.86;204.29;224.72;245.15;265.57;286.00;306.43;326.86;347.29;367.72;388.15;408.58;429.00;449.43;469.86;490.29;510.72;531.15;551.58;572.01;592.44;
Basal;0.00;-1.17;-0.53;-0.96;-2.17;-3.60;-5.16;-7.03;-8.86;-10.47;-11.64;-12.72;-13.50;-14.33;-15.06;-15.35;-15.66;-15.28;-14.66;-14.84;-14.62;-13.13;-10.05;-6.36;-3.25;-1.97;-0.17;0.55;0.48;0.13;
Mid;0.00;-1.53;-1.49;-2.14;-3.33;-5.09;-6.86;-8.09;-9.68;-11.19;-12.50;-13.60;-14.62;-15.54;-16.33;-16.72;-16.98;-16.65;-15.91;-15.60;-15.10;-13.85;-11.24;-8.01;-5.77;-4.10;-1.94;-0.55;0.37;0.43;
Apical;0.00;-1.63;-2.03;-3.00;-4.70;-6.55;-8.21;-9.69;-11.29;-12.75;-14.07;-15.15;-16.11;-17.15;-17.99;-18.50;-18.96;-18.94;-18.51;-17.82;-17.00;-15.54;-13.08;-10.39;-8.06;-6.39;-4.01;-2.28;-1.01;-0.50;

----------------------------------------------------------


