PatientInformation
==========================================================
PatientID;No patientID
Name;,,
Date of Birth;
Sex;
Version;AutoStrainCap2 2.1.0.491925

Results
==========================================================
Global
----------------------------------------------------------
LaSr_ED;22.55;%
LaScd_ED;-10.98;%
LaSct_ED;-11.57;%
LaSr_AC;20.20;%
LaScd_AC;-9.84;%
LaSct_AC;-10.36;%
ED;0.00;ms
ES;416.33;ms
PreA;764.34;ms

Curves
==========================================================
Longitudinal Strain
Unit [%]
Time [ms];0.00;21.35;42.70;64.05;85.40;106.75;128.10;149.45;170.80;192.15;213.50;234.85;256.20;277.56;298.91;320.26;341.61;362.96;384.31;405.66;427.01;448.36;469.71;491.06;512.41;533.76;555.11;576.46;597.81;619.16;640.51;661.86;683.21;704.56;725.91;747.26;768.61;789.96;811.32;832.67;854.02;875.37;896.72;918.07;939.42;960.77;982.12;1003.47;1024.82;1046.17;1067.52;1088.87;
LAS_ED;0.00;-0.13;1.07;2.39;3.70;5.12;6.66;8.59;10.74;12.75;14.64;16.38;17.89;18.96;19.87;20.77;21.50;21.81;22.06;22.46;22.44;21.42;19.81;18.51;17.28;15.72;14.31;13.09;12.16;11.55;11.23;11.29;11.40;11.29;11.20;11.36;11.62;11.84;12.02;12.10;12.13;12.11;12.04;11.87;11.31;9.94;7.84;4.95;2.34;0.78;-0.09;-0.59;
LAS_AC;-10.41;-10.52;-9.45;-8.27;-7.09;-5.82;-4.45;-2.71;-0.79;1.02;2.70;4.26;5.62;6.58;7.39;8.20;8.85;9.13;9.35;9.71;9.70;8.78;7.33;6.17;5.07;3.67;2.41;1.31;0.48;-0.06;-0.35;-0.30;-0.19;-0.30;-0.37;-0.24;0.00;0.20;0.36;0.43;0.46;0.44;0.38;0.23;-0.28;-1.51;-3.38;-5.98;-8.31;-9.71;-10.49;-10.94;

----------------------------------------------------------


