PatientInformation
==========================================================
PatientID;No patientID
Name;,,
Date of Birth;
Sex;
Version;AutoStrainCap2 2.1.0.491925

Results
==========================================================
Global
----------------------------------------------------------
RVFWSL;-26.47;%
RV4CSL;-21.55;%
ED;0.00;ms
ES;322.92;ms

Curves
==========================================================
Longitudinal Strain
Unit [%]
Time [ms];0.00;13.34;26.69;40.03;53.38;66.72;80.06;93.41;106.75;120.10;133.44;146.78;160.13;173.47;186.82;200.16;213.50;226.85;240.19;253.54;266.88;280.22;293.57;306.91;320.26;333.60;346.94;360.29;373.63;386.98;400.32;413.66;427.01;440.35;453.70;467.04;480.38;493.73;507.07;520.42;533.76;547.10;560.45;573.79;587.14;600.48;613.82;627.17;640.51;653.86;667.20;680.54;693.89;707.23;720.58;733.92;747.26;760.61;773.95;787.30;800.64;813.98;827.33;840.67;854.02;867.36;880.70;894.05;907.39;920.74;934.08;947.42;960.77;974.11;987.46;1000.80;1014.14;1027.49;1040.83;1054.18;1067.52;1080.86;1094.21;1107.55;1120.90;1134.24;1147.58;
Basal;0.00;-0.85;-1.98;-3.36;-4.84;-6.80;-8.72;-10.63;-12.41;-14.05;-15.57;-16.97;-18.29;-19.34;-20.33;-21.24;-22.12;-22.94;-23.74;-24.52;-25.28;-26.08;-26.82;-27.44;-27.92;-28.22;-28.36;-28.35;-28.18;-27.79;-27.25;-26.59;-25.76;-24.69;-23.49;-22.16;-20.78;-19.34;-17.88;-16.38;-14.91;-13.74;-12.71;-11.86;-11.25;-10.84;-10.67;-10.67;-10.78;-11.04;-11.32;-11.59;-11.80;-11.87;-11.87;-11.85;-11.88;-11.95;-12.09;-12.24;-12.38;-12.52;-12.62;-12.69;-12.71;-12.71;-12.69;-12.69;-12.74;-12.85;-12.91;-12.72;-12.15;-10.98;-9.39;-7.52;-5.48;-3.45;-1.52;0.08;1.18;1.44;1.21;0.72;0.22;0.08;0.06;
Mid;0.00;-0.58;-1.43;-2.53;-3.79;-5.48;-7.20;-8.91;-10.49;-11.79;-12.96;-14.01;-15.06;-16.04;-17.05;-18.00;-18.90;-19.65;-20.34;-20.97;-21.54;-22.09;-22.54;-22.85;-22.99;-22.92;-22.72;-22.43;-22.17;-21.97;-21.80;-21.56;-21.22;-21.02;-20.64;-20.05;-19.15;-17.67;-16.00;-14.28;-12.74;-11.40;-10.38;-9.61;-9.03;-8.78;-8.64;-8.68;-8.80;-8.95;-9.12;-9.30;-9.43;-9.55;-9.62;-9.68;-9.76;-9.82;-9.92;-10.02;-10.10;-10.19;-10.24;-10.27;-10.25;-10.21;-10.15;-10.11;-10.12;-10.19;-10.21;-9.99;-9.43;-8.47;-7.17;-5.62;-4.01;-2.41;-0.99;0.12;0.86;1.07;0.97;0.64;0.33;0.15;0.09;
Apical;0.00;-0.81;-1.94;-3.31;-4.81;-6.83;-8.87;-10.90;-12.75;-14.35;-15.76;-17.05;-18.32;-19.37;-20.43;-21.41;-22.31;-23.00;-23.63;-24.20;-24.78;-25.41;-25.98;-26.41;-26.64;-26.63;-26.48;-26.29;-26.23;-26.20;-26.28;-26.30;-26.01;-25.40;-24.39;-23.09;-21.60;-19.87;-18.08;-16.23;-14.47;-13.10;-11.96;-11.06;-10.38;-10.01;-9.82;-9.82;-9.94;-10.16;-10.42;-10.68;-10.89;-10.99;-11.04;-11.06;-11.10;-11.11;-11.15;-11.20;-11.23;-11.29;-11.32;-11.33;-11.30;-11.28;-11.25;-11.23;-11.27;-11.37;-11.42;-11.26;-10.75;-9.77;-8.41;-6.80;-5.07;-3.20;-1.47;-0.00;1.04;1.27;1.07;0.63;0.18;0.04;0.03;

----------------------------------------------------------


