PatientInformation
==========================================================
PatientID;No patientID
Name;,,
Date of Birth;
Sex;
Version;AutoStrainCap2 2.1.0.491925

Results
==========================================================
Global
----------------------------------------------------------
LaSr_ED;14.33;%
LaScd_ED;-9.43;%
LaSct_ED;-4.89;%
LaSr_AC;13.66;%
LaScd_AC;-8.99;%
LaSct_AC;-4.67;%
ED;0.00;ms
ES;274.27;ms
PreA;645.86;ms

Curves
==========================================================
Longitudinal Strain
Unit [%]
Time [ms];0.00;22.12;44.24;66.36;88.47;110.59;132.71;154.83;176.95;199.07;221.18;243.30;265.42;287.54;309.66;331.78;353.89;376.01;398.13;420.25;442.37;464.49;486.60;508.72;530.84;552.96;575.08;597.20;619.31;641.43;663.55;685.67;707.79;729.91;752.03;774.14;796.26;818.38;840.50;862.62;884.74;906.85;928.97;951.09;973.21;995.33;
LAS_ED;0.00;-3.02;-1.84;-0.40;1.40;3.85;5.65;5.68;5.35;6.10;8.07;11.43;14.06;14.05;12.84;11.80;10.84;9.50;9.11;10.73;11.48;9.60;6.39;3.89;2.45;2.61;3.60;4.07;4.61;4.87;5.01;5.46;5.71;5.65;5.74;6.12;6.50;6.70;7.03;8.12;9.37;10.07;9.54;7.61;4.84;2.40;
LAS_AC;-4.64;-7.52;-6.40;-5.02;-3.31;-0.97;0.75;0.77;0.46;1.17;3.06;6.25;8.76;8.75;7.60;6.61;5.69;4.41;4.04;5.58;6.30;4.51;1.45;-0.93;-2.31;-2.16;-1.21;-0.77;-0.25;0.00;0.14;0.57;0.80;0.74;0.83;1.19;1.55;1.74;2.06;3.10;4.29;4.96;4.45;2.61;-0.03;-2.35;

----------------------------------------------------------


