PatientInformation
==========================================================
PatientID;No patientID
Name;,,
Date of Birth;
Sex;
Version;AutoStrainCap2 2.1.0.491925

Results
==========================================================
Global
----------------------------------------------------------
RVFWSL;-13.58;%
RV4CSL;-12.01;%
ED;0.00;ms
ES;314.08;ms

Curves
==========================================================
Longitudinal Strain
Unit [%]
Time [ms];0.00;22.12;44.24;66.36;88.47;110.59;132.71;154.83;176.95;199.07;221.18;243.30;265.42;287.54;309.66;331.78;353.89;376.01;398.13;420.25;442.37;464.49;486.60;508.72;530.84;552.96;575.08;597.20;619.31;641.43;663.55;685.67;707.79;729.91;752.03;774.14;796.26;818.38;840.50;862.62;884.74;906.85;928.97;951.09;973.21;995.33;
Basal;0.00;-1.76;-3.48;-5.51;-7.65;-9.61;-11.20;-12.38;-13.24;-13.93;-14.81;-16.38;-17.94;-18.42;-18.50;-18.73;-18.89;-18.83;-17.95;-16.20;-13.58;-10.64;-7.06;-2.38;1.24;2.25;2.01;2.01;2.03;1.44;0.79;0.42;0.19;0.05;0.09;0.32;0.46;0.16;-0.30;-0.70;-1.00;-1.25;-1.32;-0.99;-0.42;0.16;
Mid;0.00;-1.45;-2.75;-4.30;-5.92;-7.32;-8.44;-9.29;-9.87;-10.24;-10.77;-11.90;-13.00;-13.03;-12.70;-12.66;-12.64;-12.52;-11.77;-10.30;-8.15;-5.75;-2.81;1.20;4.24;4.75;4.17;3.93;3.81;3.28;2.71;2.32;2.05;1.84;1.84;2.16;2.37;1.97;1.36;0.77;0.28;-0.12;-0.37;-0.31;-0.02;0.28;
Apical;0.00;-0.70;-1.52;-2.59;-3.73;-4.69;-5.36;-5.83;-6.09;-6.27;-6.63;-7.43;-8.40;-8.75;-8.90;-8.88;-8.83;-8.62;-7.86;-6.73;-4.95;-3.14;-0.99;2.08;4.09;4.08;3.17;2.65;2.46;1.95;1.47;1.06;0.73;0.48;0.45;0.66;0.80;0.45;-0.05;-0.47;-0.76;-0.95;-1.03;-0.82;-0.40;-0.01;

----------------------------------------------------------


