PatientInformation
==========================================================
PatientID;No patientID
Name;,,
Date of Birth;
Sex;
Version;AutoStrainCap2 2.1.0.491925

Results
==========================================================
Global
----------------------------------------------------------
LaSr_ED;27.25;%
LaScd_ED;-20.90;%
LaSct_ED;-6.35;%
LaSr_AC;25.62;%
LaScd_AC;-19.65;%
LaSct_AC;-5.97;%
ED;0.00;ms
ES;391.37;ms
PreA;763.97;ms

Curves
==========================================================
Longitudinal Strain
Unit [%]
Time [ms];0.00;9.88;19.77;29.65;39.53;49.42;59.30;69.18;79.07;88.95;98.83;108.72;118.60;128.48;138.36;148.25;158.13;168.01;177.90;187.78;197.66;207.55;217.43;227.31;237.20;247.08;256.96;266.85;276.73;286.61;296.50;306.38;316.26;326.15;336.03;345.91;355.80;365.68;375.56;385.44;395.33;405.21;415.09;424.98;434.86;444.74;454.63;464.51;474.39;484.28;494.16;504.04;513.93;523.81;533.69;543.58;553.46;563.34;573.23;583.11;592.99;602.88;612.76;622.64;632.52;642.41;652.29;662.17;672.06;681.94;691.82;701.71;711.59;721.47;731.36;741.24;751.12;761.01;770.89;780.77;790.66;800.54;810.42;820.31;830.19;840.07;849.96;859.84;869.72;879.60;889.49;899.37;909.25;919.14;929.02;938.90;948.79;958.67;968.55;978.44;988.32;998.20;1008.09;1017.97;1027.85;1037.74;1047.62;1057.50;1067.39;1077.27;1087.15;1097.04;1106.92;1116.80;1126.68;
LAS_ED;0.00;-2.30;-3.77;-4.27;-2.55;0.30;3.05;4.63;6.00;6.72;7.58;8.02;8.82;9.63;10.84;12.30;14.23;16.33;18.42;20.29;21.64;22.45;22.71;22.74;22.63;22.72;22.89;23.34;23.86;24.36;24.79;25.00;25.13;25.19;25.28;25.53;25.89;26.40;26.88;27.20;27.23;27.02;26.47;25.67;24.81;23.92;23.29;22.59;21.76;20.56;18.85;16.38;13.53;10.64;7.95;6.02;4.56;3.96;3.75;3.87;4.09;4.27;4.45;4.62;4.84;5.12;5.44;5.79;6.17;6.46;6.73;6.79;6.84;6.75;6.68;6.56;6.47;6.37;6.33;6.31;6.31;6.42;6.53;6.69;6.82;6.99;7.03;7.10;7.16;7.20;7.31;7.30;7.35;7.33;7.27;7.07;6.86;6.44;5.88;5.11;4.10;2.84;1.47;0.18;-0.93;-1.65;-2.03;-1.98;-1.64;-1.03;-0.24;0.58;1.26;1.56;1.20;
LAS_AC;-5.99;-8.15;-9.53;-10.01;-8.39;-5.71;-3.13;-1.64;-0.35;0.32;1.14;1.54;2.30;3.06;4.20;5.57;7.39;9.36;11.33;13.09;14.35;15.11;15.36;15.38;15.28;15.36;15.53;15.95;16.44;16.91;17.31;17.51;17.63;17.68;17.77;18.01;18.35;18.82;19.28;19.58;19.61;19.40;18.89;18.14;17.33;16.49;15.90;15.25;14.46;13.33;11.73;9.41;6.73;4.01;1.48;-0.34;-1.71;-2.27;-2.47;-2.36;-2.15;-1.98;-1.81;-1.65;-1.44;-1.18;-0.88;-0.55;-0.19;0.08;0.33;0.39;0.44;0.36;0.29;0.18;0.09;0.00;-0.05;-0.06;-0.06;0.05;0.15;0.30;0.42;0.58;0.62;0.69;0.74;0.78;0.88;0.87;0.92;0.90;0.85;0.65;0.45;0.07;-0.46;-1.19;-2.14;-3.32;-4.61;-5.82;-6.86;-7.54;-7.91;-7.85;-7.53;-6.96;-6.22;-5.44;-4.81;-4.52;-4.87;

----------------------------------------------------------


