PatientInformation
==========================================================
PatientID;No patientID
Name;,,
Date of Birth;
Sex;
Version;AutoStrainCap2 2.1.0.491925

Results
==========================================================
Global
----------------------------------------------------------
RVFWSL;-13.85;%
RV4CSL;-12.39;%
ED;0.00;ms
ES;291.13;ms

Curves
==========================================================
Longitudinal Strain
Unit [%]
Time [ms];0.00;9.33;18.66;27.99;37.32;46.66;55.99;65.32;74.65;83.98;93.31;102.64;111.97;121.31;130.64;139.97;149.30;158.63;167.96;177.29;186.62;195.96;205.29;214.62;223.95;233.28;242.61;251.94;261.27;270.60;279.94;289.27;298.60;307.93;317.26;326.59;335.92;345.25;354.59;363.92;373.25;382.58;391.91;401.24;410.57;419.90;429.24;438.57;447.90;457.23;466.56;475.89;485.22;494.55;503.89;513.22;522.55;531.88;541.21;550.54;559.87;569.20;578.53;587.87;597.20;606.53;615.86;625.19;634.52;643.85;653.18;662.52;671.85;681.18;690.51;699.84;709.17;718.50;727.83;737.17;746.50;755.83;765.16;774.49;783.82;793.15;802.48;811.81;821.15;830.48;839.81;849.14;858.47;867.80;877.13;886.46;895.80;905.13;914.46;923.79;933.12;942.45;951.78;961.11;970.45;979.78;989.11;998.44;1007.77;1017.10;1026.43;1035.76;1045.10;1054.43;1063.76;1073.09;1082.42;1091.75;1101.08;1110.41;1119.74;
Basal;0.00;-1.79;-7.24;-12.85;-14.65;-8.89;-1.05;3.03;4.33;3.59;1.61;-0.90;-3.18;-4.49;-5.10;-5.19;-4.98;-4.62;-4.34;-4.24;-4.32;-4.51;-4.77;-5.04;-5.31;-5.61;-5.83;-5.94;-5.88;-5.73;-5.33;-5.04;-4.58;-4.05;-3.44;-2.77;-2.10;-1.40;-0.67;0.20;1.22;2.49;4.05;6.03;8.09;9.99;11.42;12.17;11.88;10.41;8.03;5.22;2.35;-0.19;-1.99;-2.75;-2.63;-1.91;-0.84;0.33;1.36;2.02;2.38;2.52;2.52;2.46;2.42;2.50;2.64;2.81;3.01;3.20;3.40;3.52;3.66;3.80;3.98;4.21;4.50;4.89;5.32;5.79;6.26;6.71;7.11;7.39;7.63;7.85;8.08;8.37;8.72;9.17;9.64;10.12;10.48;10.73;10.76;10.76;10.55;10.16;9.63;8.97;8.22;7.15;6.11;5.17;4.47;4.06;4.04;4.54;5.19;5.67;5.62;4.77;2.64;-0.98;-5.20;-8.89;-11.16;-11.01;-7.58;
Mid;0.00;-0.56;-5.34;-10.63;-12.70;-8.11;-1.55;1.96;2.94;2.04;-0.05;-2.59;-4.92;-6.25;-6.88;-6.99;-6.82;-6.55;-6.45;-6.79;-7.41;-8.23;-9.18;-10.20;-11.26;-12.25;-13.12;-13.80;-14.21;-14.34;-14.16;-13.76;-13.20;-12.52;-11.74;-10.88;-9.98;-9.05;-8.07;-6.98;-5.77;-4.38;-2.82;-1.08;0.65;2.17;3.27;3.77;3.39;2.08;0.03;-2.38;-4.82;-6.96;-8.44;-9.02;-8.81;-8.09;-7.06;-5.94;-4.97;-4.31;-3.95;-3.79;-3.77;-3.81;-3.85;-3.90;-3.91;-3.89;-3.85;-3.82;-3.78;-3.81;-3.82;-3.83;-3.81;-3.73;-3.59;-3.33;-3.02;-2.67;-2.30;-1.94;-1.61;-1.31;-1.03;-0.76;-0.48;-0.15;0.22;0.63;1.04;1.39;1.62;1.59;1.25;0.21;-1.13;-2.67;-4.26;-5.75;-6.98;-7.41;-7.48;-7.24;-6.75;-6.05;-5.20;-4.32;-3.55;-3.09;-3.17;-4.01;-5.86;-8.83;-12.12;-14.79;-15.92;-14.56;-9.66;
Apical;0.00;-0.84;-5.13;-9.89;-11.88;-7.72;-1.86;1.01;1.67;0.74;-1.17;-3.48;-5.63;-6.95;-7.71;-8.04;-8.10;-8.01;-7.94;-8.02;-8.24;-8.58;-9.04;-9.63;-10.38;-11.42;-12.55;-13.68;-14.71;-15.58;-16.01;-16.28;-16.30;-16.15;-15.83;-15.39;-14.87;-14.29;-13.63;-12.86;-11.96;-10.92;-9.72;-8.32;-6.92;-5.65;-4.67;-4.10;-4.13;-4.84;-6.06;-7.52;-8.98;-10.18;-10.86;-10.85;-10.28;-9.38;-8.30;-7.27;-6.45;-6.07;-6.01;-6.15;-6.43;-6.73;-6.98;-7.03;-6.97;-6.85;-6.70;-6.54;-6.39;-6.33;-6.29;-6.26;-6.21;-6.14;-6.03;-5.88;-5.69;-5.47;-5.24;-5.01;-4.78;-4.60;-4.42;-4.25;-4.07;-3.86;-3.63;-3.42;-3.22;-3.04;-2.94;-2.96;-3.11;-3.25;-3.50;-3.82;-4.14;-4.39;-4.51;-4.57;-4.44;-4.13;-3.67;-3.08;-2.41;-1.64;-1.01;-0.63;-0.72;-1.43;-3.06;-5.76;-8.76;-11.19;-12.31;-11.31;-7.46;

----------------------------------------------------------


