PatientInformation
==========================================================
PatientID;No patientID
Name;,,
Date of Birth;
Sex;
Version;AutoStrainCap2 2.1.0.491925

Results
==========================================================
Global
----------------------------------------------------------
RVFWSL;-18.12;%
RV4CSL;-14.65;%
ED;0.00;ms
ES;359.04;ms

Curves
==========================================================
Longitudinal Strain
Unit [%]
Time [ms];0.00;12.13;24.26;36.39;48.52;60.65;72.78;84.91;97.04;109.17;121.30;133.43;145.56;157.68;169.81;181.94;194.07;206.20;218.33;230.46;242.59;254.72;266.85;278.98;291.11;303.24;315.37;327.50;339.63;351.76;363.89;376.02;388.15;400.28;412.41;424.54;436.67;448.79;460.92;473.05;485.18;497.31;509.44;521.57;533.70;545.83;557.96;570.09;582.22;594.35;606.48;618.61;630.74;642.87;655.00;667.13;679.26;691.39;703.52;
Basal;0.00;0.24;0.89;1.62;1.29;0.45;-0.91;-3.24;-5.64;-7.78;-9.42;-10.64;-11.61;-12.39;-13.01;-13.48;-13.68;-13.87;-14.22;-15.02;-15.95;-16.72;-17.08;-17.12;-16.95;-17.00;-16.98;-16.95;-16.92;-16.65;-15.86;-14.32;-12.31;-10.16;-8.32;-6.67;-5.30;-4.13;-3.30;-2.84;-2.62;-2.12;-0.67;2.29;5.74;8.55;9.69;9.37;7.87;5.49;2.98;1.04;0.36;0.57;1.38;2.17;2.76;2.52;1.53;
Mid;0.00;-0.62;-0.75;-0.65;-1.28;-2.26;-3.66;-5.95;-8.32;-10.43;-11.96;-13.07;-13.99;-14.89;-15.69;-16.30;-16.52;-16.67;-16.89;-17.46;-18.09;-18.61;-18.79;-18.73;-18.49;-18.32;-18.06;-17.70;-17.31;-16.66;-15.64;-14.12;-12.29;-10.33;-8.58;-6.94;-5.52;-4.31;-3.41;-2.90;-2.72;-2.33;-1.07;1.64;4.78;7.28;8.16;7.69;6.20;4.00;1.83;0.31;-0.03;0.50;1.56;2.71;3.56;3.47;2.08;
Apical;0.00;-0.74;-1.17;-1.23;-1.74;-2.28;-3.05;-4.77;-6.57;-8.19;-9.47;-10.47;-11.39;-12.28;-13.15;-13.96;-14.60;-15.18;-15.74;-16.35;-16.94;-17.39;-17.62;-17.66;-17.59;-17.62;-17.60;-17.50;-17.37;-17.01;-16.38;-15.43;-14.22;-12.85;-11.74;-10.66;-9.69;-8.65;-7.80;-7.30;-6.98;-6.56;-5.46;-3.31;-0.85;1.05;1.60;1.09;-0.13;-1.68;-3.09;-3.87;-3.60;-2.60;-1.11;0.27;1.40;1.59;1.21;

----------------------------------------------------------


