PatientInformation
==========================================================
PatientID;No patientID
Name;,,
Date of Birth;
Sex;
Version;AutoStrainCap2 2.1.0.491925

Results
==========================================================
Global
----------------------------------------------------------
LaSr_ED;6.79;%
LaScd_ED;-11.87;%
LaSct_ED;5.09;%
LaSr_AC;7.17;%
LaScd_AC;-12.54;%
LaSct_AC;5.37;%
ED;0.00;ms
ES;355.03;ms
PreA;596.92;ms

Curves
==========================================================
Longitudinal Strain
Unit [%]
Time [ms];0.00;19.51;39.01;58.52;78.03;97.54;117.04;136.55;156.06;175.56;195.07;214.58;234.09;253.59;273.10;292.61;312.12;331.62;351.13;370.64;390.14;409.65;429.16;448.67;468.17;487.68;507.19;526.69;546.20;565.71;585.22;604.72;624.23;643.74;663.25;682.75;702.26;721.77;741.27;760.78;780.29;799.80;819.30;
LAS_ED;0.00;-1.04;-2.06;-2.15;-1.51;-0.58;0.28;0.87;1.37;2.03;2.79;3.37;4.27;5.27;6.12;6.29;6.22;6.41;6.78;6.50;5.27;2.96;0.19;-2.62;-4.56;-5.13;-4.98;-5.14;-5.28;-4.95;-4.80;-5.34;-5.68;-4.97;-3.98;-3.53;-3.33;-3.14;-3.07;-3.10;-2.99;-2.23;-1.22;
LAS_AC;5.64;4.54;3.46;3.36;4.04;5.02;5.94;6.55;7.08;7.78;8.59;9.20;10.15;11.20;12.10;12.28;12.21;12.40;12.80;12.50;11.20;8.76;5.84;2.87;0.82;0.22;0.38;0.21;0.06;0.40;0.57;0.00;-0.36;0.39;1.43;1.91;2.12;2.33;2.39;2.36;2.48;3.29;4.34;

----------------------------------------------------------


