PatientInformation
==========================================================
PatientID;No patientID
Name;,,
Date of Birth;
Sex;
Version;AutoStrainCap2 2.1.0.491925

Results
==========================================================
Global
----------------------------------------------------------
RVFWSL;-20.59;%
RV4CSL;-12.21;%
ED;0.00;ms
ES;275.05;ms

Curves
==========================================================
Longitudinal Strain
Unit [%]
Time [ms];0.00;19.51;39.01;58.52;78.03;97.54;117.04;136.55;156.06;175.56;195.07;214.58;234.09;253.59;273.10;292.61;312.12;331.62;351.13;370.64;390.14;409.65;429.16;448.67;468.17;487.68;507.19;526.69;546.20;565.71;585.22;604.72;624.23;643.74;663.25;682.75;702.26;721.77;741.27;760.78;780.29;799.80;819.30;
Basal;0.00;-0.43;-2.43;-3.85;-5.47;-8.10;-10.95;-13.66;-15.20;-14.96;-14.33;-14.66;-15.67;-17.19;-18.18;-17.60;-17.09;-16.37;-15.31;-14.06;-11.77;-7.34;-2.57;0.75;2.99;4.35;5.09;5.57;5.41;4.01;2.20;1.16;0.29;-1.00;-2.38;-3.94;-5.18;-5.51;-5.35;-5.00;-4.46;-4.23;-3.07;
Mid;0.00;-0.94;-3.23;-4.70;-6.30;-9.01;-11.88;-14.20;-15.60;-16.17;-16.49;-17.45;-18.63;-19.44;-19.66;-19.06;-18.31;-16.78;-14.74;-12.52;-9.49;-4.96;-0.41;2.49;4.22;5.06;5.30;5.28;4.85;3.84;2.60;1.81;1.11;0.15;-0.88;-1.97;-2.94;-3.62;-3.93;-3.83;-3.48;-3.39;-2.57;
Apical;0.00;-1.19;-3.31;-4.80;-6.35;-8.79;-11.37;-13.77;-15.51;-16.44;-17.10;-18.00;-18.96;-19.87;-20.31;-20.10;-19.51;-18.25;-16.24;-13.41;-9.93;-5.72;-1.68;1.29;3.20;3.84;3.83;3.86;3.61;2.70;1.51;0.78;0.12;-0.82;-1.79;-2.87;-3.77;-4.23;-4.28;-3.95;-3.26;-2.72;-1.77;

----------------------------------------------------------


