PatientInformation
==========================================================
PatientID;No patientID
Name;,,
Date of Birth;
Sex;
Version;AutoStrainCap2 2.1.0.491925

Results
==========================================================
Global
----------------------------------------------------------
LaSr_ED;7.38;%
LaScd_ED;-8.71;%
LaSct_ED;1.33;%
LaSr_AC;7.50;%
LaScd_AC;-8.85;%
LaSct_AC;1.35;%
ED;0.00;ms
ES;294.17;ms
PreA;606.74;ms

Curves
==========================================================
Longitudinal Strain
Unit [%]
Time [ms];0.00;20.43;40.86;61.29;81.72;102.14;122.57;143.00;163.43;183.86;204.29;224.72;245.15;265.57;286.00;306.43;326.86;347.29;367.72;388.15;408.58;429.00;449.43;469.86;490.29;510.72;531.15;551.58;572.01;592.44;612.86;633.29;653.72;674.15;694.58;715.01;735.44;755.87;776.29;796.72;817.15;837.58;858.01;878.44;898.87;
LAS_ED;0.00;-1.35;-3.56;-3.20;-1.90;-1.27;-0.39;0.83;2.08;3.11;3.91;4.51;5.13;6.36;7.30;7.25;6.87;6.88;6.17;3.64;1.08;-0.52;-1.69;-2.57;-3.32;-3.86;-3.67;-2.71;-1.48;-1.08;-1.58;-2.86;-4.43;-5.33;-5.53;-5.30;-4.46;-3.13;-1.90;-1.29;-1.28;-2.13;-3.04;-3.77;-3.10;
LAS_AC;1.60;0.23;-2.02;-1.65;-0.33;0.31;1.20;2.45;3.71;4.76;5.57;6.19;6.82;8.06;9.02;8.97;8.58;8.59;7.87;5.30;2.70;1.07;-0.11;-1.01;-1.77;-2.32;-2.12;-1.16;0.10;0.51;0.00;-1.30;-2.90;-3.82;-4.01;-3.78;-2.93;-1.58;-0.33;0.29;0.30;-0.57;-1.49;-2.23;-1.55;

----------------------------------------------------------


