PatientInformation
==========================================================
PatientID;No patientID
Name;,,
Date of Birth;
Sex;
Version;AutoStrainCap2 2.1.0.491925

Results
==========================================================
Global
----------------------------------------------------------
RVFWSL;-21.91;%
RV4CSL;-15.68;%
ED;0.00;ms
ES;247.19;ms

Curves
==========================================================
Longitudinal Strain
Unit [%]
Time [ms];0.00;20.43;40.86;61.29;81.72;102.14;122.57;143.00;163.43;183.86;204.29;224.72;245.15;265.57;286.00;306.43;326.86;347.29;367.72;388.15;408.58;429.00;449.43;469.86;490.29;510.72;531.15;551.58;572.01;592.44;612.86;633.29;653.72;674.15;694.58;715.01;735.44;755.87;776.29;796.72;817.15;837.58;858.01;878.44;898.87;
Basal;0.00;-5.08;-9.21;-11.89;-13.92;-16.11;-18.06;-19.33;-20.32;-21.30;-22.32;-23.00;-23.17;-22.34;-20.73;-18.41;-15.88;-13.33;-10.45;-6.85;-2.86;0.83;3.73;4.59;4.46;3.68;3.03;4.05;5.17;4.85;4.01;2.62;1.45;1.61;2.28;3.22;4.30;5.43;6.23;5.93;5.31;4.79;4.51;4.72;3.82;
Mid;0.00;-4.00;-7.28;-9.63;-11.30;-12.92;-14.29;-15.17;-15.93;-16.88;-17.93;-18.65;-19.03;-18.68;-17.76;-16.26;-14.48;-12.40;-10.05;-7.51;-4.70;-2.11;0.24;1.88;3.08;3.81;4.23;4.63;4.81;4.39;3.74;2.93;2.34;2.54;3.01;3.43;3.95;4.76;5.34;5.06;4.42;3.76;3.33;3.37;2.66;
Apical;0.00;-4.81;-8.96;-11.86;-13.84;-15.62;-17.10;-18.27;-19.31;-20.35;-21.49;-22.31;-22.90;-22.32;-21.28;-19.85;-18.28;-16.78;-15.09;-12.93;-10.24;-7.60;-4.93;-3.05;-1.67;-0.75;-0.24;0.48;0.97;0.88;0.62;0.22;-0.02;0.37;1.00;1.68;2.44;3.29;3.93;3.89;3.56;3.28;3.15;3.37;2.78;

----------------------------------------------------------


