PatientInformation
==========================================================
PatientID;No patientID
Name;,,
Date of Birth;
Sex;
Version;AutoStrainCap2 2.1.0.491925

Results
==========================================================
Global
----------------------------------------------------------
LaSr_ED;5.62;%
LaScd_ED;-7.24;%
LaSct_ED;1.61;%
LaSr_AC;5.72;%
LaScd_AC;-7.36;%
LaSct_AC;1.64;%
ED;0.00;ms
ES;236.04;ms
PreA;743.22;ms

Curves
==========================================================
Longitudinal Strain
Unit [%]
Time [ms];0.00;19.51;39.01;58.52;78.03;97.54;117.04;136.55;156.06;175.56;195.07;214.58;234.09;253.59;273.10;292.61;312.12;331.62;351.13;370.64;390.14;409.65;429.16;448.67;468.17;487.68;507.19;526.69;546.20;565.71;585.22;604.72;624.23;643.74;663.24;682.75;702.26;721.77;741.27;760.78;780.29;799.80;819.30;838.81;858.32;877.82;897.33;916.84;936.35;955.85;975.36;994.87;1014.37;1033.88;1053.39;1072.90;1092.40;1111.91;1131.42;1150.92;1170.43;1189.94;1209.45;1228.95;
LAS_ED;0.00;-0.19;-0.76;-1.47;-1.27;-0.91;0.06;0.88;2.07;3.18;4.48;5.38;5.62;5.44;4.67;3.93;3.34;2.99;2.50;1.74;0.71;-0.37;-1.41;-2.34;-3.21;-3.89;-4.47;-4.74;-4.85;-4.53;-4.07;-3.29;-2.63;-1.99;-1.95;-1.94;-2.07;-1.79;-1.63;-1.48;-1.86;-2.20;-2.38;-2.20;-1.76;-1.55;-1.35;-1.46;-1.59;-1.65;-1.70;-1.47;-1.43;-1.17;-1.12;-1.12;-1.31;-1.52;-1.75;-2.06;-2.30;-2.92;-3.01;-2.34;
LAS_AC;1.66;1.46;0.89;0.17;0.37;0.74;1.73;2.55;3.77;4.89;6.22;7.13;7.38;7.19;6.41;5.66;5.06;4.70;4.21;3.43;2.39;1.29;0.23;-0.72;-1.60;-2.30;-2.89;-3.15;-3.27;-2.95;-2.47;-1.68;-1.01;-0.36;-0.32;-0.31;-0.44;-0.16;0.00;0.16;-0.23;-0.58;-0.76;-0.57;-0.13;0.08;0.28;0.18;0.04;-0.02;-0.06;0.16;0.21;0.47;0.52;0.52;0.33;0.12;-0.12;-0.44;-0.68;-1.31;-1.40;-0.72;

----------------------------------------------------------


