PatientInformation
==========================================================
PatientID;No patientID
Name;,,
Date of Birth;
Sex;
Version;AutoStrainCap2 2.1.0.491925

Results
==========================================================
Global
----------------------------------------------------------
GLS(3P);-6.84;%
GLS(4Ch);-4.10;%
GLS(2Ch);-6.99;%
GLS(3Ch);-9.42;%
ED;0.00;ms
ES;311.44;ms

Results
==========================================================
Longitudinal Strain
T2P
Minimum
----------------------------------------------------------
Segment 0 [mean];315.83;ms
----------------------------------------------------------
Segment 1 [ant];445.32;ms
Segment 2 [ant/sept];308.66;ms
Segment 3 [inf/sept];0.00;ms
Segment 4 [inf];499.24;ms
Segment 5 [inf/lat];249.16;ms
Segment 6 [ant/lat];298.43;ms
----------------------------------------------------------
Segment 7 [ant];424.87;ms
Segment 8 [ant/sept];276.12;ms
Segment 9 [inf/sept];356.07;ms
Segment 10 [inf];477.86;ms
Segment 11 [inf/lat];279.83;ms
Segment 12 [ant/lat];4.65;ms
----------------------------------------------------------
Segment 13 [ant];396.98;ms
Segment 14 [ant/sept];210.11;ms
Segment 15 [inf/sept];365.37;ms
Segment 16 [inf];447.18;ms
Segment 17 [inf/lat];297.50;ms
Segment 18 [ant/lat];347.70;ms
----------------------------------------------------------


Results
==========================================================
Longitudinal Strain
End-systolic

----------------------------------------------------------
Segment 0 [mean];-5.95;%
----------------------------------------------------------
Segment 1 [ant];-0.87;%
Segment 2 [ant/sept];-6.83;%
Segment 3 [inf/sept];0.32;%
Segment 4 [inf];-1.38;%
Segment 5 [inf/lat];-12.39;%
Segment 6 [ant/lat];-13.90;%
----------------------------------------------------------
Segment 7 [ant];-8.33;%
Segment 8 [ant/sept];-11.47;%
Segment 9 [inf/sept];-1.01;%
Segment 10 [inf];-5.42;%
Segment 11 [inf/lat];-9.65;%
Segment 12 [ant/lat];1.67;%
----------------------------------------------------------
Segment 13 [ant];-8.62;%
Segment 14 [ant/sept];-6.92;%
Segment 15 [inf/sept];-6.00;%
Segment 16 [inf];-5.18;%
Segment 17 [inf/lat];-7.14;%
Segment 18 [ant/lat];-3.96;%
----------------------------------------------------------


Results
==========================================================
Longitudinal Strain
Peak-systolic

----------------------------------------------------------
Segment 0 [mean];-6.78;%
----------------------------------------------------------
Segment 1 [ant];-0.87;%
Segment 2 [ant/sept];-6.89;%
Segment 3 [inf/sept];0.00;%
Segment 4 [inf];-1.38;%
Segment 5 [inf/lat];-15.21;%
Segment 6 [ant/lat];-14.21;%
----------------------------------------------------------
Segment 7 [ant];-8.33;%
Segment 8 [ant/sept];-12.37;%
Segment 9 [inf/sept];-2.43;%
Segment 10 [inf];-5.42;%
Segment 11 [inf/lat];-10.72;%
Segment 12 [ant/lat];-0.05;%
----------------------------------------------------------
Segment 13 [ant];-8.62;%
Segment 14 [ant/sept];-10.85;%
Segment 15 [inf/sept];-8.17;%
Segment 16 [inf];-5.18;%
Segment 17 [inf/lat];-7.35;%
Segment 18 [ant/lat];-3.96;%
----------------------------------------------------------


Curves
==========================================================
Longitudinal Strain
Unit [%]
Time [ms];0.00;9.30;18.59;27.89;37.19;46.48;55.78;65.08;74.37;83.67;92.97;102.27;111.56;120.86;130.16;139.45;148.75;158.05;167.34;176.64;185.94;195.23;204.53;213.83;223.12;232.42;241.72;251.01;260.31;269.61;278.91;288.20;297.50;306.80;316.09;325.39;334.69;343.98;353.28;362.58;371.87;381.17;390.47;399.76;409.06;418.36;427.65;436.95;446.25;455.55;464.84;474.14;483.44;492.73;502.03;511.33;520.62;529.92;539.22;548.51;557.81;567.11;576.40;585.70;595.00;604.29;613.59;622.89;632.19;641.48;650.78;660.08;669.37;678.67;687.97;697.26;
Total;0.00;-0.33;-0.21;0.14;0.36;0.54;0.60;0.54;0.38;0.17;-0.04;-0.32;-0.67;-1.03;-1.38;-1.69;-2.01;-2.37;-2.77;-3.14;-3.49;-3.83;-4.18;-4.48;-4.73;-4.89;-5.00;-5.10;-5.21;-5.36;-5.52;-5.73;-5.91;-6.00;-6.01;-5.89;-5.65;-5.18;-4.63;-4.03;-3.52;-3.04;-2.59;-2.19;-1.87;-1.61;-1.32;-1.05;-0.76;-0.56;-0.38;-0.25;-0.13;0.01;0.23;0.52;0.82;1.06;1.19;1.29;1.38;1.48;1.60;1.73;1.88;2.03;2.16;2.26;2.31;2.35;2.38;2.39;2.41;2.51;2.35;1.55;
Segment 1;0.00;0.14;0.45;0.83;0.83;0.80;0.79;0.76;0.72;0.69;0.69;0.65;0.65;0.98;1.30;1.52;1.47;1.41;1.33;1.19;1.05;0.87;0.57;0.27;0.03;-0.07;-0.12;-0.14;-0.19;-0.24;-0.32;-0.47;-0.64;-0.80;-0.93;-1.05;-1.13;-1.17;-1.20;-1.29;-1.55;-1.80;-2.05;-2.30;-2.50;-2.79;-3.29;-3.70;-3.85;-3.60;-3.24;-2.65;-1.79;-0.86;-0.06;0.50;1.06;1.27;1.01;0.79;0.58;0.40;0.27;0.25;0.36;0.42;0.53;0.70;0.81;1.08;1.53;1.92;2.09;2.00;1.70;1.01;
Segment 2;0.00;1.43;2.74;5.02;6.40;7.49;7.96;8.16;7.98;7.66;7.24;6.72;6.08;5.19;4.30;3.54;3.09;2.76;2.49;1.95;1.41;0.80;0.30;-0.05;-0.02;0.50;1.09;1.22;0.38;-1.08;-2.83;-4.58;-5.97;-6.86;-6.57;-5.87;-4.81;-3.67;-2.47;-1.17;-0.22;0.62;1.27;1.44;1.50;1.50;1.75;1.98;2.12;1.91;1.65;1.32;1.28;1.24;1.25;1.18;1.09;0.98;0.96;0.92;0.96;0.94;0.98;1.01;1.14;1.24;1.37;1.38;1.40;1.34;1.31;1.21;1.38;1.40;1.58;0.53;
Segment 3;0.00;0.35;2.36;5.13;7.42;9.17;9.74;9.56;9.20;8.82;8.56;8.25;7.73;7.10;6.48;5.84;5.09;4.23;3.38;2.70;2.32;1.97;1.53;1.07;0.67;0.37;0.19;0.17;0.31;0.51;0.44;0.24;0.12;0.23;0.44;0.80;1.35;2.04;2.74;3.44;4.21;5.26;6.23;6.86;7.05;7.11;7.56;8.23;8.86;9.24;9.60;9.92;10.16;10.26;10.22;10.08;9.95;10.05;10.28;10.38;10.18;9.97;9.73;9.47;9.19;8.95;8.70;8.55;8.55;8.52;8.46;8.41;8.48;9.06;8.66;5.86;
Segment 4;0.00;0.33;0.98;1.82;1.96;1.94;1.88;1.88;1.87;1.85;1.83;1.73;1.61;1.72;1.81;1.77;1.44;1.13;0.94;1.01;1.14;1.24;1.18;1.05;0.81;0.33;-0.19;-0.60;-0.66;-0.78;-0.91;-0.95;-1.03;-1.21;-1.57;-1.92;-2.25;-2.55;-2.86;-3.19;-3.51;-3.86;-4.05;-3.94;-3.94;-4.11;-4.52;-4.72;-4.53;-3.80;-3.29;-3.49;-4.73;-5.89;-6.09;-4.79;-2.93;-1.49;-0.99;-0.68;-0.55;-0.50;-0.32;-0.01;0.38;0.74;1.21;1.81;2.27;2.91;3.72;4.33;4.34;3.70;2.77;1.51;
Segment 5;0.00;1.05;0.96;0.68;0.57;0.52;-0.01;-0.65;-1.66;-2.83;-3.52;-4.38;-5.03;-5.74;-6.35;-6.74;-7.46;-7.93;-8.69;-9.43;-10.39;-11.20;-12.14;-12.92;-13.72;-14.45;-14.98;-15.19;-14.62;-13.86;-12.89;-12.73;-12.60;-12.42;-12.31;-11.84;-11.46;-10.04;-8.79;-7.58;-7.30;-7.25;-7.20;-6.91;-6.38;-5.93;-4.93;-4.21;-3.51;-3.76;-3.99;-4.21;-3.95;-3.50;-3.03;-2.57;-2.28;-2.08;-2.31;-2.57;-2.93;-3.14;-3.30;-3.22;-2.84;-2.35;-1.95;-1.77;-1.76;-1.78;-1.82;-1.86;-2.08;-2.45;-2.65;-2.07;
Segment 6;0.00;-0.53;0.22;1.41;2.08;2.65;2.59;2.01;1.12;-0.14;-1.51;-2.92;-4.36;-5.70;-6.44;-6.69;-6.84;-8.18;-9.49;-10.38;-10.72;-11.04;-11.48;-12.01;-12.56;-13.15;-13.75;-14.04;-13.80;-13.58;-13.61;-13.87;-14.21;-14.04;-13.73;-13.31;-12.79;-11.95;-10.67;-9.10;-7.47;-5.92;-4.33;-3.00;-2.12;-1.04;0.78;2.97;4.87;5.65;6.11;6.38;6.48;6.40;6.25;5.96;5.50;5.20;5.00;4.91;4.95;5.08;5.21;5.34;5.51;5.72;5.94;6.09;6.14;6.14;6.15;6.22;6.37;6.81;6.56;4.47;
Segment 7;0.00;-1.31;-2.49;-3.41;-3.67;-3.62;-3.42;-3.32;-3.22;-3.12;-3.03;-2.97;-2.98;-3.14;-3.40;-3.71;-4.04;-4.37;-4.71;-5.01;-5.30;-5.59;-5.87;-6.16;-6.46;-6.74;-7.02;-7.27;-7.47;-7.65;-7.80;-7.93;-8.07;-8.23;-8.43;-8.59;-8.68;-8.63;-8.59;-8.62;-8.82;-9.05;-9.24;-9.34;-9.38;-9.38;-9.38;-9.31;-9.13;-8.81;-8.42;-8.08;-7.86;-7.53;-7.08;-6.50;-5.81;-5.00;-4.10;-3.16;-2.18;-1.16;-0.20;0.63;1.31;1.86;2.27;2.55;2.74;2.85;2.87;2.78;2.48;1.95;1.27;0.61;
Segment 8;0.00;-2.56;-2.23;-1.62;-1.07;-0.99;-0.93;-1.14;-1.36;-1.72;-2.16;-2.69;-3.27;-3.87;-4.53;-5.20;-6.01;-6.78;-7.60;-8.37;-9.18;-9.92;-10.65;-11.23;-11.70;-11.96;-12.15;-12.25;-12.33;-12.35;-12.36;-12.22;-11.99;-11.57;-11.36;-10.78;-9.73;-7.62;-5.13;-2.64;-0.74;0.77;1.94;2.76;3.34;3.72;3.77;3.70;3.51;3.26;2.99;2.85;2.97;3.23;3.51;3.75;3.92;4.00;3.98;3.92;3.91;3.97;4.11;4.29;4.51;4.75;4.92;5.06;5.06;5.11;4.95;5.06;5.14;5.87;5.49;4.40;
Segment 9;0.00;-1.68;-2.39;-2.29;-1.77;-1.10;-0.44;0.12;0.61;1.26;1.84;2.23;2.35;2.37;2.40;2.44;2.46;2.46;2.45;2.41;2.35;2.30;2.22;2.13;2.08;2.08;2.09;1.96;1.60;1.16;0.73;0.30;-0.17;-0.73;-1.27;-1.77;-2.20;-2.50;-2.65;-2.59;-2.24;-1.55;-0.65;0.33;1.30;2.28;3.12;3.88;4.64;5.51;6.29;6.90;7.27;7.40;7.40;7.29;7.07;6.82;6.55;6.30;6.11;5.91;5.72;5.55;5.41;5.32;5.28;5.27;5.27;5.23;5.12;4.98;4.88;5.02;4.58;2.97;
Segment 10;0.00;-0.32;-0.36;-0.09;0.39;0.96;1.55;2.00;2.36;2.61;2.73;2.75;2.67;2.49;2.26;2.00;1.75;1.49;1.22;0.92;0.60;0.23;-0.17;-0.62;-1.10;-1.64;-2.19;-2.72;-3.23;-3.71;-4.15;-4.55;-4.92;-5.26;-5.56;-5.80;-5.93;-5.91;-5.85;-5.81;-5.84;-5.91;-6.05;-6.26;-6.53;-6.79;-7.01;-7.27;-7.66;-8.23;-8.79;-9.14;-9.13;-8.94;-8.63;-8.24;-7.69;-7.01;-6.21;-5.39;-4.62;-3.92;-3.21;-2.53;-1.89;-1.30;-0.83;-0.50;-0.23;-0.02;0.15;0.36;0.77;1.31;1.63;1.18;
Segment 11;0.00;1.38;1.73;1.93;2.44;2.89;3.07;2.64;1.85;0.96;-0.03;-0.92;-1.91;-2.87;-3.87;-4.69;-5.36;-5.92;-6.59;-7.39;-8.28;-9.07;-9.65;-10.04;-10.28;-10.33;-10.29;-10.23;-10.42;-10.62;-10.72;-10.65;-10.40;-9.92;-9.32;-8.38;-7.29;-6.00;-4.74;-3.47;-2.23;-1.15;-0.36;-0.03;0.04;-0.00;-0.23;-0.51;-0.86;-1.16;-1.45;-1.65;-1.72;-1.66;-1.57;-1.50;-1.49;-1.54;-1.65;-1.80;-1.98;-2.15;-2.28;-2.38;-2.47;-2.55;-2.58;-2.56;-2.53;-2.51;-2.53;-2.56;-2.60;-2.61;-2.30;-1.65;
Segment 12;0.00;0.05;1.02;2.15;2.59;2.75;2.90;3.03;3.08;2.88;2.55;2.07;1.45;0.83;0.54;0.54;0.69;0.74;0.85;0.94;0.92;0.88;0.87;0.91;1.02;1.30;1.57;1.76;1.78;1.76;1.73;1.69;1.64;1.64;1.71;1.81;1.88;2.01;2.05;2.07;2.14;2.25;2.56;3.17;4.10;5.16;6.10;6.88;7.50;8.12;8.68;9.05;9.11;9.07;8.89;8.61;8.23;7.85;7.46;7.11;6.81;6.55;6.26;5.98;5.73;5.56;5.39;5.21;5.01;4.78;4.54;4.36;4.36;4.81;4.77;3.31;
Segment 13;0.00;-0.57;-1.07;-1.44;-1.53;-1.40;-1.15;-0.98;-0.89;-0.92;-1.10;-1.37;-1.72;-2.23;-2.76;-3.24;-3.55;-3.83;-4.10;-4.41;-4.77;-5.19;-5.66;-6.15;-6.60;-6.89;-7.14;-7.37;-7.60;-7.81;-8.01;-8.21;-8.40;-8.56;-8.67;-8.77;-8.86;-8.96;-9.05;-9.14;-9.24;-9.31;-9.35;-9.36;-9.33;-9.25;-9.12;-9.00;-8.88;-8.76;-8.61;-8.40;-8.11;-7.65;-6.99;-6.11;-5.14;-4.21;-3.42;-2.69;-1.99;-1.30;-0.64;-0.03;0.54;0.99;1.32;1.52;1.62;1.68;1.72;1.65;1.48;1.20;0.90;0.50;
Segment 14;0.00;-2.62;-3.24;-3.39;-3.90;-4.64;-5.38;-6.05;-6.61;-7.12;-7.58;-8.02;-8.44;-8.78;-9.09;-9.40;-9.63;-9.85;-10.07;-10.33;-10.55;-10.76;-10.83;-10.83;-10.63;-10.24;-9.69;-9.17;-8.94;-8.74;-8.40;-8.04;-7.54;-7.13;-6.71;-6.29;-5.40;-4.38;-2.91;-1.58;-0.18;0.79;1.56;2.04;2.31;2.32;2.27;2.10;1.95;1.87;1.90;1.99;2.08;2.19;2.35;2.44;2.53;2.57;2.63;2.68;2.73;2.81;2.90;3.01;3.10;3.17;3.24;3.27;3.29;3.20;3.10;3.03;3.27;3.94;4.15;3.27;
Segment 15;0.00;-1.57;-2.76;-3.98;-5.62;-7.04;-7.85;-8.15;-8.05;-7.35;-6.39;-5.34;-4.32;-3.34;-2.55;-1.96;-1.55;-1.43;-1.43;-1.45;-1.40;-1.35;-1.34;-1.35;-1.38;-1.39;-1.47;-1.71;-2.20;-2.86;-3.51;-4.16;-4.87;-5.63;-6.35;-6.96;-7.42;-7.82;-8.18;-8.40;-8.38;-8.33;-8.06;-7.54;-6.79;-5.82;-4.70;-3.52;-2.34;-1.31;-0.52;0.15;0.84;1.38;1.83;2.22;2.53;2.71;2.81;2.85;2.80;2.72;2.61;2.47;2.33;2.17;2.02;1.90;1.78;1.67;1.51;1.43;1.59;2.38;2.81;2.13;
Segment 16;0.00;-0.55;-1.02;-1.34;-1.27;-0.95;-0.47;-0.03;0.34;0.64;0.88;1.04;1.07;0.90;0.66;0.40;0.22;0.01;-0.27;-0.63;-1.05;-1.53;-2.07;-2.57;-2.97;-3.20;-3.36;-3.51;-3.74;-3.98;-4.25;-4.56;-4.86;-5.10;-5.25;-5.34;-5.38;-5.37;-5.34;-5.35;-5.46;-5.63;-5.83;-6.07;-6.38;-6.79;-7.34;-7.81;-8.03;-7.88;-7.59;-7.34;-7.24;-7.02;-6.46;-5.44;-4.35;-3.43;-2.83;-2.29;-1.75;-1.17;-0.61;-0.09;0.35;0.73;1.04;1.29;1.46;1.59;1.69;1.68;1.47;1.05;0.64;0.28;
Segment 17;0.00;0.29;0.63;0.97;1.29;1.55;1.62;1.52;1.20;0.71;0.02;-0.75;-1.54;-2.27;-2.92;-3.49;-3.96;-4.39;-4.82;-5.27;-5.73;-6.15;-6.51;-6.72;-6.77;-6.57;-6.33;-6.18;-6.38;-6.69;-7.02;-7.24;-7.35;-7.24;-6.98;-6.44;-5.64;-4.49;-3.18;-1.82;-0.60;0.46;1.28;1.98;2.37;2.47;2.25;1.86;1.45;1.14;0.94;0.83;0.78;0.77;0.77;0.73;0.67;0.62;0.58;0.56;0.52;0.50;0.47;0.43;0.40;0.37;0.33;0.26;0.17;0.08;0.02;-0.06;-0.11;-0.31;-0.38;-0.38;
Segment 18;0.00;-0.49;-0.58;-0.70;-1.27;-1.83;-2.03;-1.91;-1.59;-1.34;-1.10;-0.91;-0.82;-0.86;-1.23;-1.82;-2.42;-2.71;-2.94;-3.14;-3.28;-3.40;-3.43;-3.42;-3.43;-3.56;-3.74;-3.84;-3.80;-3.83;-3.75;-3.64;-3.63;-3.84;-4.08;-4.34;-4.60;-4.80;-4.75;-4.40;-3.71;-2.89;-1.86;-0.83;-0.00;0.76;1.33;1.74;2.10;2.54;2.89;3.13;3.28;3.40;3.55;3.70;3.79;3.76;3.66;3.57;3.58;3.56;3.51;3.45;3.38;3.33;3.29;3.22;3.12;2.99;2.78;2.62;2.67;3.08;3.15;2.23;

----------------------------------------------------------


Curves
==========================================================
Longitudinal Strain Rate
Unit [1/s]
Time [ms];0.00;9.30;18.59;27.89;37.19;46.48;55.78;65.08;74.37;83.67;92.97;102.27;111.56;120.86;130.16;139.45;148.75;158.05;167.34;176.64;185.94;195.23;204.53;213.83;223.12;232.42;241.72;251.01;260.31;269.61;278.91;288.20;297.50;306.80;316.09;325.39;334.69;343.98;353.28;362.58;371.87;381.17;390.47;399.76;409.06;418.36;427.65;436.95;446.25;455.55;464.84;474.14;483.44;492.73;502.03;511.33;520.62;529.92;539.22;548.51;557.81;567.11;576.40;585.70;595.00;604.29;613.59;622.89;632.19;641.48;650.78;660.08;669.37;678.67;687.97;697.26;
Segment 1;0.13;0.23;0.41;0.21;-0.05;-0.02;-0.02;-0.04;-0.04;-0.01;-0.02;-0.05;0.18;0.38;0.31;0.08;-0.08;-0.07;-0.12;-0.16;-0.16;-0.26;-0.33;-0.29;-0.19;-0.07;-0.03;-0.04;-0.06;-0.06;-0.13;-0.18;-0.18;-0.16;-0.13;-0.11;-0.06;-0.02;-0.06;-0.20;-0.28;-0.27;-0.27;-0.24;-0.24;-0.44;-0.52;-0.32;0.07;0.34;0.49;0.79;0.99;0.95;0.72;0.60;0.45;-0.05;-0.29;-0.23;-0.21;-0.17;-0.09;0.06;0.09;0.09;0.16;0.14;0.18;0.41;0.48;0.31;0.04;-0.20;-0.52;-0.94;
Segment 2;1.57;1.39;1.99;2.06;1.30;0.84;0.34;0.00;-0.29;-0.40;-0.50;-0.61;-0.84;-0.98;-0.91;-0.65;-0.40;-0.30;-0.44;-0.60;-0.62;-0.61;-0.47;-0.20;0.32;0.66;0.46;-0.38;-1.29;-1.76;-1.92;-1.72;-1.29;-0.32;0.60;0.97;1.20;1.25;1.38;1.23;0.94;0.83;0.44;0.09;0.00;0.13;0.29;0.23;-0.04;-0.27;-0.34;-0.21;-0.02;-0.01;-0.03;-0.09;-0.11;-0.07;-0.03;0.01;0.01;0.00;0.04;0.09;0.13;0.13;0.07;0.01;-0.02;-0.05;-0.09;0.04;0.10;0.20;-0.49;-0.95;
Segment 3;0.13;1.22;2.73;2.80;2.21;1.26;0.14;-0.33;-0.41;-0.34;-0.28;-0.44;-0.64;-0.68;-0.66;-0.75;-0.87;-0.94;-0.85;-0.56;-0.36;-0.42;-0.50;-0.47;-0.38;-0.26;-0.12;0.07;0.21;0.09;-0.17;-0.20;-0.01;0.18;0.31;0.48;0.68;0.76;0.75;0.77;0.99;1.13;0.89;0.43;0.07;0.25;0.63;0.73;0.54;0.38;0.37;0.31;0.19;0.03;-0.11;-0.17;-0.02;0.20;0.20;-0.06;-0.24;-0.24;-0.26;-0.29;-0.28;-0.27;-0.23;-0.08;0.00;-0.05;-0.07;-0.04;0.41;0.30;-1.56;-4.81;
Segment 4;0.31;0.51;0.87;0.55;0.02;-0.06;-0.03;0.00;-0.02;-0.01;-0.06;-0.14;-0.01;0.13;0.05;-0.21;-0.38;-0.29;-0.06;0.13;0.14;0.02;-0.11;-0.19;-0.39;-0.56;-0.53;-0.24;-0.07;-0.15;-0.09;-0.05;-0.13;-0.30;-0.40;-0.37;-0.33;-0.32;-0.35;-0.35;-0.37;-0.32;-0.03;0.10;-0.08;-0.34;-0.38;-0.03;0.54;0.75;0.22;-0.83;-1.42;-0.82;0.62;1.83;1.88;1.02;0.37;0.24;0.08;0.11;0.27;0.39;0.40;0.43;0.60;0.57;0.56;0.80;0.82;0.37;-0.37;-0.87;-1.17;-1.51;
Segment 5;1.31;0.52;-0.31;-0.22;-0.03;-0.31;-0.64;-0.87;-1.24;-1.00;-0.81;-0.82;-0.72;-0.73;-0.51;-0.60;-0.65;-0.64;-0.81;-0.93;-0.96;-0.94;-0.94;-0.83;-0.84;-0.69;-0.44;0.20;0.75;1.00;0.62;0.08;0.19;0.13;0.32;0.40;0.97;1.52;1.37;0.82;0.11;0.03;0.17;0.47;0.50;0.79;0.96;0.81;0.25;-0.33;-0.27;0.01;0.42;0.50;0.51;0.40;0.28;-0.02;-0.28;-0.34;-0.32;-0.20;-0.06;0.25;0.50;0.50;0.31;0.09;-0.01;-0.03;-0.03;-0.13;-0.34;-0.36;0.10;1.47;
Segment 6;-0.76;0.09;1.18;1.03;0.67;0.31;-0.38;-0.80;-1.17;-1.43;-1.50;-1.54;-1.54;-1.15;-0.50;-0.09;-0.80;-1.55;-1.21;-0.63;-0.31;-0.41;-0.53;-0.58;-0.61;-0.66;-0.52;-0.00;0.30;0.11;-0.17;-0.37;-0.11;0.29;0.39;0.49;0.71;1.14;1.56;1.74;1.71;1.70;1.61;1.16;0.96;1.55;2.23;2.30;1.44;0.59;0.39;0.20;0.00;-0.13;-0.23;-0.42;-0.43;-0.26;-0.16;-0.02;0.10;0.14;0.13;0.16;0.21;0.24;0.21;0.11;0.02;0.00;0.04;0.09;0.36;0.25;-1.13;-3.64;
Segment 7;-1.42;-1.36;-1.17;-0.63;-0.08;0.15;0.17;0.10;0.10;0.10;0.09;0.04;-0.09;-0.23;-0.31;-0.34;-0.35;-0.37;-0.34;-0.32;-0.32;-0.30;-0.30;-0.32;-0.31;-0.30;-0.29;-0.24;-0.20;-0.18;-0.15;-0.14;-0.16;-0.20;-0.20;-0.14;-0.02;0.06;0.02;-0.13;-0.24;-0.24;-0.16;-0.07;-0.02;-0.01;0.03;0.13;0.27;0.40;0.41;0.29;0.28;0.42;0.55;0.69;0.80;0.93;0.99;1.03;1.08;1.07;0.97;0.82;0.66;0.51;0.37;0.25;0.16;0.07;-0.03;-0.20;-0.45;-0.67;-0.74;-0.68;
Segment 8;-3.20;-1.20;0.73;0.66;0.33;0.06;-0.08;-0.25;-0.30;-0.43;-0.52;-0.60;-0.64;-0.68;-0.71;-0.80;-0.86;-0.86;-0.85;-0.85;-0.84;-0.80;-0.71;-0.57;-0.39;-0.24;-0.16;-0.09;-0.05;-0.03;0.07;0.19;0.37;0.33;0.38;0.82;1.71;2.55;2.74;2.38;1.82;1.44;1.07;0.75;0.52;0.23;-0.02;-0.14;-0.24;-0.29;-0.24;-0.01;0.22;0.30;0.28;0.22;0.14;0.03;-0.05;-0.04;0.03;0.11;0.17;0.22;0.25;0.22;0.17;0.07;0.03;-0.08;-0.03;0.06;0.51;0.27;-0.62;-2.97;
Segment 9;-1.95;-1.34;-0.28;0.37;0.67;0.73;0.66;0.55;0.61;0.69;0.53;0.26;0.05;0.02;0.04;0.04;0.01;-0.01;-0.03;-0.05;-0.06;-0.07;-0.10;-0.08;-0.02;0.02;-0.05;-0.27;-0.45;-0.47;-0.46;-0.48;-0.56;-0.60;-0.56;-0.50;-0.40;-0.25;-0.06;0.21;0.57;0.87;1.02;1.05;1.06;0.99;0.85;0.80;0.89;0.91;0.75;0.53;0.26;0.06;-0.06;-0.18;-0.26;-0.28;-0.29;-0.23;-0.21;-0.21;-0.19;-0.17;-0.13;-0.07;-0.03;-0.01;-0.01;-0.08;-0.14;-0.16;0.06;-0.06;-1.04;-2.54;
Segment 10;-0.38;-0.22;0.12;0.42;0.58;0.64;0.56;0.43;0.33;0.20;0.07;-0.03;-0.14;-0.23;-0.27;-0.27;-0.27;-0.29;-0.31;-0.33;-0.37;-0.41;-0.46;-0.50;-0.56;-0.59;-0.58;-0.56;-0.53;-0.50;-0.46;-0.42;-0.38;-0.35;-0.29;-0.20;-0.06;0.05;0.06;0.01;-0.05;-0.11;-0.19;-0.27;-0.29;-0.25;-0.25;-0.34;-0.52;-0.63;-0.52;-0.18;0.13;0.28;0.38;0.50;0.66;0.80;0.88;0.86;0.79;0.75;0.75;0.71;0.66;0.57;0.43;0.32;0.26;0.19;0.19;0.32;0.53;0.52;-0.03;-0.93;
Segment 11;1.64;0.94;0.19;0.38;0.56;0.38;-0.13;-0.70;-0.92;-1.03;-1.01;-1.00;-1.05;-1.07;-1.00;-0.80;-0.64;-0.64;-0.79;-0.93;-0.92;-0.74;-0.52;-0.33;-0.15;0.00;0.08;-0.07;-0.24;-0.17;-0.02;0.17;0.40;0.57;0.82;1.10;1.29;1.38;1.36;1.36;1.26;1.03;0.60;0.19;0.01;-0.15;-0.28;-0.35;-0.36;-0.32;-0.27;-0.15;0.00;0.09;0.10;0.05;-0.02;-0.08;-0.14;-0.18;-0.19;-0.16;-0.12;-0.10;-0.09;-0.06;-0.00;0.03;0.03;-0.00;-0.03;-0.04;-0.05;0.15;0.47;1.25;
Segment 12;-0.09;0.54;1.26;0.87;0.27;0.16;0.15;0.11;-0.08;-0.29;-0.43;-0.60;-0.70;-0.51;-0.14;0.11;0.12;0.08;0.12;0.03;-0.04;-0.03;0.01;0.07;0.21;0.31;0.26;0.11;-0.01;-0.03;-0.04;-0.05;-0.04;0.04;0.10;0.09;0.11;0.10;0.02;0.04;0.09;0.21;0.49;0.84;1.10;1.09;0.93;0.74;0.66;0.65;0.52;0.22;-0.00;-0.11;-0.25;-0.36;-0.41;-0.42;-0.40;-0.35;-0.29;-0.29;-0.31;-0.29;-0.23;-0.18;-0.18;-0.21;-0.23;-0.26;-0.24;-0.13;0.28;0.34;-0.70;-2.65;
Segment 13;-0.63;-0.59;-0.48;-0.25;0.03;0.22;0.24;0.14;0.04;-0.11;-0.25;-0.33;-0.47;-0.57;-0.56;-0.42;-0.30;-0.30;-0.31;-0.36;-0.42;-0.48;-0.52;-0.52;-0.40;-0.28;-0.25;-0.24;-0.24;-0.22;-0.22;-0.21;-0.19;-0.14;-0.11;-0.10;-0.11;-0.10;-0.09;-0.10;-0.10;-0.06;-0.03;0.01;0.06;0.12;0.14;0.13;0.13;0.14;0.18;0.27;0.40;0.60;0.83;1.01;1.04;0.92;0.81;0.77;0.75;0.72;0.68;0.64;0.55;0.42;0.28;0.16;0.08;0.06;-0.01;-0.13;-0.25;-0.31;-0.37;-0.49;
Segment 14;-3.12;-1.76;-0.24;-0.32;-0.70;-0.82;-0.77;-0.65;-0.58;-0.52;-0.48;-0.47;-0.41;-0.34;-0.34;-0.29;-0.24;-0.24;-0.26;-0.26;-0.24;-0.15;-0.04;0.10;0.32;0.51;0.61;0.41;0.20;0.29;0.38;0.48;0.49;0.44;0.42;0.70;1.03;1.36;1.53;1.48;1.30;0.92;0.67;0.40;0.14;-0.03;-0.12;-0.19;-0.13;-0.02;0.07;0.10;0.10;0.15;0.13;0.09;0.07;0.05;0.06;0.05;0.07;0.09;0.11;0.11;0.09;0.07;0.05;0.03;-0.04;-0.11;-0.11;0.06;0.54;0.57;-0.21;-2.29;
Segment 15;-1.76;-1.48;-1.23;-1.56;-1.72;-1.21;-0.57;-0.12;0.44;0.93;1.09;1.12;1.09;0.96;0.74;0.54;0.28;0.05;-0.02;0.02;0.06;0.03;0.00;-0.02;-0.02;-0.04;-0.15;-0.39;-0.64;-0.71;-0.70;-0.73;-0.80;-0.81;-0.72;-0.57;-0.45;-0.42;-0.33;-0.10;0.04;0.16;0.43;0.68;0.93;1.13;1.24;1.28;1.21;0.98;0.77;0.73;0.67;0.53;0.45;0.38;0.26;0.15;0.08;-0.01;-0.07;-0.11;-0.13;-0.15;-0.16;-0.16;-0.15;-0.13;-0.12;-0.15;-0.15;-0.01;0.55;0.78;-0.05;-1.58;
Segment 16;-0.60;-0.56;-0.45;-0.14;0.23;0.45;0.51;0.43;0.36;0.29;0.22;0.11;-0.08;-0.24;-0.28;-0.23;-0.20;-0.26;-0.34;-0.42;-0.48;-0.56;-0.57;-0.49;-0.34;-0.20;-0.16;-0.20;-0.26;-0.27;-0.32;-0.33;-0.29;-0.21;-0.13;-0.07;-0.02;0.02;0.02;-0.06;-0.15;-0.20;-0.24;-0.29;-0.38;-0.53;-0.57;-0.39;-0.03;0.26;0.31;0.18;0.14;0.39;0.87;1.18;1.11;0.81;0.59;0.57;0.60;0.62;0.59;0.52;0.44;0.37;0.30;0.22;0.16;0.13;0.06;-0.11;-0.35;-0.46;-0.42;-0.34;
Segment 17;0.31;0.34;0.37;0.36;0.32;0.19;-0.01;-0.22;-0.44;-0.64;-0.80;-0.85;-0.82;-0.74;-0.66;-0.56;-0.48;-0.45;-0.47;-0.50;-0.48;-0.42;-0.31;-0.15;0.09;0.25;0.24;-0.02;-0.30;-0.36;-0.31;-0.18;-0.00;0.19;0.42;0.71;1.05;1.35;1.45;1.40;1.24;1.01;0.82;0.60;0.27;-0.07;-0.35;-0.44;-0.39;-0.27;-0.16;-0.09;-0.03;0.00;-0.02;-0.06;-0.06;-0.05;-0.03;-0.03;-0.03;-0.03;-0.04;-0.04;-0.03;-0.04;-0.06;-0.09;-0.10;-0.08;-0.08;-0.06;-0.14;-0.16;-0.06;0.21;
Segment 18;-0.59;-0.31;-0.04;-0.38;-0.67;-0.43;-0.03;0.26;0.32;0.26;0.23;0.16;0.05;-0.21;-0.54;-0.68;-0.48;-0.26;-0.24;-0.18;-0.14;-0.09;-0.00;0.01;-0.08;-0.18;-0.16;-0.02;0.01;0.02;0.12;0.08;-0.11;-0.26;-0.27;-0.28;-0.26;-0.10;0.21;0.57;0.81;1.00;1.14;1.00;0.86;0.73;0.52;0.40;0.43;0.44;0.32;0.20;0.13;0.14;0.17;0.14;0.04;-0.08;-0.11;-0.04;0.00;-0.03;-0.06;-0.08;-0.06;-0.04;-0.06;-0.10;-0.12;-0.18;-0.22;-0.09;0.28;0.35;-0.38;-1.76;

----------------------------------------------------------


Curves
==========================================================
Global Strain A2C
Unit [%]
Time [ms];0.00;9.30;18.59;27.89;37.19;46.48;55.78;65.08;74.37;83.67;92.97;102.27;111.56;120.86;130.16;139.45;148.75;158.05;167.34;176.64;185.94;195.23;204.53;213.83;223.12;232.42;241.72;251.01;260.31;269.61;278.91;288.20;297.50;306.80;316.09;325.39;334.69;343.98;353.28;362.58;371.87;381.17;390.47;399.76;409.06;418.36;427.65;436.95;446.25;455.55;464.84;474.14;483.44;492.73;502.03;511.33;520.62;529.92;539.22;548.51;557.81;567.11;576.40;585.70;595.00;604.29;613.59;622.89;632.19;641.48;650.78;660.08;669.37;678.67;687.97;697.26;
Total;0.00;-0.37;-0.57;-0.59;-0.53;-0.37;-0.13;0.06;0.20;0.29;0.33;0.30;0.21;0.12;-0.02;-0.21;-0.45;-0.69;-0.92;-1.14;-1.38;-1.65;-1.99;-2.35;-2.70;-3.02;-3.32;-3.58;-3.79;-4.00;-4.22;-4.42;-4.63;-4.83;-5.04;-5.22;-5.35;-5.41;-5.46;-5.55;-5.72;-5.90;-6.07;-6.18;-6.31;-6.49;-6.74;-6.94;-6.98;-6.80;-6.61;-6.47;-6.43;-6.26;-5.83;-5.04;-4.08;-3.25;-2.70;-2.19;-1.71;-1.24;-0.76;-0.27;0.20;0.59;0.94;1.24;1.46;1.69;1.96;2.14;2.12;1.88;1.49;0.85;

----------------------------------------------------------


Curves
==========================================================
Global Strain Rate A2C
Unit [1/s]
Time [ms];0.00;9.30;18.59;27.89;37.19;46.48;55.78;65.08;74.37;83.67;92.97;102.27;111.56;120.86;130.16;139.45;148.75;158.05;167.34;176.64;185.94;195.23;204.53;213.83;223.12;232.42;241.72;251.01;260.31;269.61;278.91;288.20;297.50;306.80;316.09;325.39;334.69;343.98;353.28;362.58;371.87;381.17;390.47;399.76;409.06;418.36;427.65;436.95;446.25;455.55;464.84;474.14;483.44;492.73;502.03;511.33;520.62;529.92;539.22;548.51;557.81;567.11;576.40;585.70;595.00;604.29;613.59;622.89;632.19;641.48;650.78;660.08;669.37;678.67;687.97;697.26;
Total;-0.42;-0.32;-0.11;0.03;0.12;0.23;0.24;0.18;0.13;0.07;0.01;-0.07;-0.10;-0.12;-0.17;-0.23;-0.26;-0.26;-0.24;-0.24;-0.27;-0.33;-0.38;-0.38;-0.36;-0.33;-0.30;-0.25;-0.22;-0.23;-0.23;-0.22;-0.22;-0.23;-0.21;-0.17;-0.10;-0.05;-0.07;-0.14;-0.20;-0.20;-0.15;-0.12;-0.16;-0.24;-0.26;-0.14;0.08;0.22;0.18;0.09;0.09;0.30;0.66;0.97;1.00;0.73;0.55;0.54;0.51;0.51;0.52;0.52;0.47;0.40;0.36;0.28;0.23;0.28;0.25;0.09;-0.15;-0.33;-0.54;-0.82;

----------------------------------------------------------


Curves
==========================================================
Global Strain A3C
Unit [%]
Time [ms];0.00;9.30;18.59;27.89;37.19;46.48;55.78;65.08;74.37;83.67;92.97;102.27;111.56;120.86;130.16;139.45;148.75;158.05;167.34;176.64;185.94;195.23;204.53;213.83;223.12;232.42;241.72;251.01;260.31;269.61;278.91;288.20;297.50;306.80;316.09;325.39;334.69;343.98;353.28;362.58;371.87;381.17;390.47;399.76;409.06;418.36;427.65;436.95;446.25;455.55;464.84;474.14;483.44;492.73;502.03;511.33;520.62;529.92;539.22;548.51;557.81;567.11;576.40;585.70;595.00;604.29;613.59;622.89;632.19;641.48;650.78;660.08;669.37;678.67;687.97;697.26;
Total;0.00;0.02;0.28;0.70;1.04;1.23;1.14;0.82;0.27;-0.39;-1.03;-1.73;-2.43;-3.14;-3.84;-4.42;-4.98;-5.45;-5.99;-6.59;-7.26;-7.86;-8.41;-8.80;-9.04;-9.06;-8.97;-8.89;-8.96;-9.09;-9.19;-9.37;-9.41;-9.28;-8.97;-8.36;-7.52;-6.18;-4.73;-3.29;-2.17;-1.29;-0.60;-0.15;0.17;0.33;0.48;0.49;0.45;0.22;0.01;-0.14;-0.09;0.05;0.22;0.35;0.42;0.44;0.38;0.29;0.19;0.13;0.11;0.14;0.25;0.39;0.50;0.55;0.54;0.51;0.45;0.41;0.42;0.51;0.51;0.33;

----------------------------------------------------------


Curves
==========================================================
Global Strain Rate A3C
Unit [1/s]
Time [ms];0.00;9.30;18.59;27.89;37.19;46.48;55.78;65.08;74.37;83.67;92.97;102.27;111.56;120.86;130.16;139.45;148.75;158.05;167.34;176.64;185.94;195.23;204.53;213.83;223.12;232.42;241.72;251.01;260.31;269.61;278.91;288.20;297.50;306.80;316.09;325.39;334.69;343.98;353.28;362.58;371.87;381.17;390.47;399.76;409.06;418.36;427.65;436.95;446.25;455.55;464.84;474.14;483.44;492.73;502.03;511.33;520.62;529.92;539.22;548.51;557.81;567.11;576.40;585.70;595.00;604.29;613.59;622.89;632.19;641.48;650.78;660.08;669.37;678.67;687.97;697.26;
Total;-0.02;0.14;0.39;0.43;0.29;0.06;-0.22;-0.48;-0.67;-0.71;-0.71;-0.75;-0.76;-0.77;-0.69;-0.62;-0.55;-0.53;-0.61;-0.69;-0.69;-0.62;-0.51;-0.34;-0.14;0.05;0.11;0.01;-0.12;-0.12;-0.15;-0.14;0.05;0.23;0.49;0.77;1.18;1.53;1.58;1.39;1.07;0.84;0.61;0.42;0.24;0.16;0.09;-0.01;-0.15;-0.26;-0.20;-0.06;0.12;0.18;0.17;0.11;0.05;-0.03;-0.09;-0.10;-0.09;-0.05;0.00;0.08;0.14;0.14;0.09;0.02;-0.02;-0.05;-0.06;-0.02;0.06;0.07;-0.09;-0.29;

----------------------------------------------------------


Curves
==========================================================
Global Strain A4C
Unit [%]
Time [ms];0.00;9.30;18.59;27.89;37.19;46.48;55.78;65.08;74.37;83.67;92.97;102.27;111.56;120.86;130.16;139.45;148.75;158.05;167.34;176.64;185.94;195.23;204.53;213.83;223.12;232.42;241.72;251.01;260.31;269.61;278.91;288.20;297.50;306.80;316.09;325.39;334.69;343.98;353.28;362.58;371.87;381.17;390.47;399.76;409.06;418.36;427.65;436.95;446.25;455.55;464.84;474.14;483.44;492.73;502.03;511.33;520.62;529.92;539.22;548.51;557.81;567.11;576.40;585.70;595.00;604.29;613.59;622.89;632.19;641.48;650.78;660.08;669.37;678.67;687.97;697.26;
Total;0.00;-0.63;-0.33;0.30;0.57;0.75;0.79;0.74;0.68;0.62;0.57;0.45;0.21;-0.08;-0.29;-0.43;-0.59;-0.99;-1.38;-1.68;-1.82;-1.97;-2.13;-2.30;-2.46;-2.59;-2.72;-2.82;-2.88;-2.99;-3.17;-3.40;-3.68;-3.88;-4.02;-4.09;-4.09;-3.95;-3.69;-3.26;-2.66;-1.94;-1.09;-0.24;0.52;1.34;2.30;3.31;4.23;4.92;5.46;5.87;6.13;6.25;6.29;6.24;6.11;5.99;5.89;5.78;5.67;5.56;5.45;5.32;5.20;5.12;5.06;5.00;4.93;4.84;4.71;4.63;4.68;5.15;5.05;3.46;

----------------------------------------------------------


Curves
==========================================================
Global Strain Rate A4C
Unit [1/s]
Time [ms];0.00;9.30;18.59;27.89;37.19;46.48;55.78;65.08;74.37;83.67;92.97;102.27;111.56;120.86;130.16;139.45;148.75;158.05;167.34;176.64;185.94;195.23;204.53;213.83;223.12;232.42;241.72;251.01;260.31;269.61;278.91;288.20;297.50;306.80;316.09;325.39;334.69;343.98;353.28;362.58;371.87;381.17;390.47;399.76;409.06;418.36;427.65;436.95;446.25;455.55;464.84;474.14;483.44;492.73;502.03;511.33;520.62;529.92;539.22;548.51;557.81;567.11;576.40;585.70;595.00;604.29;613.59;622.89;632.19;641.48;650.78;660.08;669.37;678.67;687.97;697.26;
Total;-0.82;-0.20;0.60;0.51;0.22;0.12;-0.02;-0.07;-0.06;-0.05;-0.08;-0.19;-0.30;-0.27;-0.19;-0.14;-0.30;-0.45;-0.38;-0.23;-0.14;-0.17;-0.18;-0.18;-0.15;-0.14;-0.13;-0.08;-0.08;-0.16;-0.23;-0.28;-0.26;-0.18;-0.12;-0.04;0.07;0.21;0.37;0.55;0.71;0.85;0.93;0.86;0.83;0.96;1.08;1.06;0.86;0.65;0.51;0.36;0.20;0.08;-0.00;-0.11;-0.14;-0.12;-0.11;-0.12;-0.11;-0.12;-0.13;-0.13;-0.10;-0.08;-0.07;-0.07;-0.08;-0.12;-0.13;-0.05;0.32;0.33;-0.81;-2.81;

----------------------------------------------------------


