PatientInformation
==========================================================
PatientID;No patientID
Name;,,
Date of Birth;
Sex;
Version;AutoStrainCap2 2.1.0.491925

Results
==========================================================
Global
----------------------------------------------------------
RVFWSL;-17.63;%
RV4CSL;-13.80;%
ED;0.00;ms
ES;294.56;ms

Curves
==========================================================
Longitudinal Strain
Unit [%]
Time [ms];0.00;19.51;39.01;58.52;78.03;97.54;117.04;136.55;156.06;175.56;195.07;214.58;234.09;253.59;273.10;292.61;312.12;331.62;351.13;370.64;390.14;409.65;429.16;448.67;468.17;487.68;507.19;526.69;546.20;565.71;585.22;604.72;624.23;643.74;663.24;682.75;702.26;721.77;741.27;760.78;780.29;799.80;819.30;838.81;858.32;877.82;897.33;916.84;936.35;955.85;975.36;994.87;1014.37;1033.88;1053.39;1072.90;1092.40;1111.91;1131.42;1150.92;1170.43;1189.94;1209.45;1228.95;
Basal;0.00;-0.64;-2.48;-4.23;-5.30;-5.63;-5.99;-7.11;-8.77;-10.72;-12.79;-14.83;-16.71;-18.46;-19.83;-20.77;-20.27;-19.34;-18.07;-16.61;-15.06;-13.57;-12.23;-11.10;-10.21;-9.59;-9.14;-8.81;-8.60;-8.53;-8.61;-8.85;-9.05;-9.06;-8.67;-8.07;-7.39;-6.79;-6.25;-5.75;-5.26;-4.80;-4.35;-3.97;-3.56;-3.11;-2.57;-2.05;-1.67;-1.47;-1.39;-1.26;-1.14;-0.98;-0.99;-1.06;-1.30;-1.63;-1.71;-1.79;-1.74;-2.03;-1.96;-1.23;
Mid;0.00;-1.65;-4.35;-6.57;-7.65;-7.84;-8.07;-9.12;-10.71;-12.54;-14.37;-16.11;-17.59;-18.83;-19.63;-20.00;-19.24;-18.06;-16.53;-14.83;-13.03;-11.32;-9.78;-8.50;-7.52;-6.88;-6.51;-6.30;-6.27;-6.37;-6.61;-6.98;-7.30;-7.40;-7.11;-6.59;-5.99;-5.47;-5.02;-4.60;-4.20;-3.81;-3.42;-3.03;-2.60;-2.09;-1.49;-0.90;-0.44;-0.18;-0.04;0.13;0.25;0.42;0.47;0.59;0.56;0.40;0.40;0.34;0.34;-0.25;-0.63;-0.54;
Apical;0.00;-0.28;-1.22;-1.90;-2.48;-2.46;-2.61;-3.45;-4.77;-6.28;-7.87;-9.35;-10.60;-11.79;-12.58;-12.99;-12.59;-11.88;-10.95;-9.91;-8.89;-7.98;-7.10;-6.41;-5.98;-5.94;-6.08;-6.24;-6.43;-6.68;-7.02;-7.48;-7.91;-8.17;-8.05;-7.75;-7.40;-7.16;-6.97;-6.81;-6.65;-6.48;-6.31;-6.16;-5.99;-5.76;-5.47;-5.19;-5.00;-4.97;-4.96;-4.74;-4.19;-3.49;-3.02;-2.76;-2.89;-3.29;-3.46;-3.59;-3.25;-2.91;-2.02;-0.70;

----------------------------------------------------------


