PatientInformation
==========================================================
PatientID;No patientID
Name;,,
Date of Birth;
Sex;
Version;AutoStrainCap2 2.1.0.491925

Results
==========================================================
Global
----------------------------------------------------------
LaSr_ED;17.07;%
LaScd_ED;-18.80;%
LaSct_ED;1.74;%
LaSr_AC;17.37;%
LaScd_AC;-19.14;%
LaSct_AC;1.77;%
ED;0.00;ms
ES;300.88;ms
PreA;456.51;ms

Curves
==========================================================
Longitudinal Strain
Unit [%]
Time [ms];0.00;10.38;20.75;31.13;41.50;51.88;62.25;72.63;83.00;93.38;103.75;114.13;124.50;134.88;145.25;155.63;166.00;176.38;186.75;197.13;207.50;217.88;228.25;238.63;249.00;259.38;269.76;280.13;290.51;300.88;311.26;321.63;332.01;342.38;352.76;363.13;373.51;383.88;394.26;404.63;415.01;425.38;435.76;446.13;456.51;466.88;477.26;487.63;498.01;508.38;518.76;529.14;539.51;549.89;560.26;570.64;581.01;591.39;601.76;
LAS_ED;0.00;0.19;0.32;0.50;0.90;1.40;2.15;2.71;3.51;4.31;5.41;6.39;7.22;7.75;8.20;8.77;9.62;10.62;11.55;12.33;12.95;13.56;14.19;14.86;15.51;16.02;16.47;16.79;16.98;17.07;17.00;17.04;16.98;16.89;16.51;15.93;14.94;13.51;11.60;9.34;6.56;3.76;1.40;-0.50;-1.74;-2.52;-3.01;-3.13;-3.12;-2.76;-2.43;-2.13;-1.93;-1.86;-1.72;-1.68;-1.46;-1.13;-0.59;
LAS_AC;1.77;1.96;2.10;2.27;2.68;3.19;3.96;4.52;5.34;6.16;7.27;8.27;9.12;9.65;10.11;10.70;11.56;12.57;13.52;14.32;14.95;15.57;16.21;16.89;17.55;18.07;18.53;18.85;19.05;19.14;19.06;19.11;19.04;18.96;18.57;17.98;16.98;15.51;13.58;11.28;8.44;5.60;3.20;1.26;0.00;-0.80;-1.30;-1.42;-1.41;-1.05;-0.70;-0.40;-0.20;-0.12;0.01;0.06;0.29;0.62;1.16;

----------------------------------------------------------


