PatientInformation
==========================================================
PatientID;No patientID
Name;,,
Date of Birth;
Sex;
Version;AutoStrainCap2 2.1.0.491925

Results
==========================================================
Global
----------------------------------------------------------
RVFWSL;-27.04;%
RV4CSL;-19.69;%
ED;0.00;ms
ES;308.44;ms

Curves
==========================================================
Longitudinal Strain
Unit [%]
Time [ms];0.00;13.47;26.94;40.41;53.88;67.34;80.81;94.28;107.75;121.22;134.69;148.16;161.63;175.09;188.56;202.03;215.50;228.97;242.44;255.91;269.38;282.84;296.31;309.78;323.25;336.72;350.19;363.66;377.13;390.59;404.06;417.53;431.00;444.47;457.94;471.41;484.88;498.35;511.81;525.28;538.75;552.22;565.69;579.16;592.63;606.10;619.56;
Basal;0.00;-0.65;-1.12;-1.39;-1.54;-2.20;-3.15;-4.46;-5.94;-7.65;-9.42;-11.36;-13.40;-15.53;-17.55;-19.15;-20.42;-21.19;-21.91;-22.88;-23.88;-24.54;-24.89;-25.09;-25.27;-25.84;-26.21;-25.52;-24.02;-21.61;-18.21;-13.73;-9.20;-5.86;-3.59;-2.68;-2.31;-2.19;-1.95;-1.26;-0.17;1.65;3.01;2.81;1.93;1.35;0.72;
Mid;0.00;-1.27;-2.32;-2.88;-3.22;-4.05;-5.23;-6.96;-8.92;-10.85;-12.72;-14.63;-16.50;-18.30;-20.03;-21.60;-22.86;-23.55;-24.13;-24.85;-25.60;-26.15;-26.42;-26.40;-26.20;-25.87;-25.24;-23.78;-21.76;-19.42;-16.41;-12.78;-8.86;-4.92;-1.68;-0.14;0.76;1.60;2.26;2.61;3.00;3.70;4.09;3.74;2.90;2.05;1.09;
Apical;0.00;-0.99;-1.94;-2.65;-3.20;-4.20;-5.51;-7.24;-9.12;-11.21;-13.18;-15.07;-16.94;-18.85;-20.75;-22.42;-23.82;-24.58;-25.22;-25.94;-26.67;-27.12;-27.28;-26.99;-26.54;-26.00;-25.26;-23.70;-21.76;-19.57;-16.96;-14.05;-10.85;-7.61;-4.66;-2.75;-1.41;-0.74;-0.39;-0.06;0.38;1.21;1.85;1.72;1.18;0.76;0.33;

----------------------------------------------------------


