PatientInformation
==========================================================
PatientID;No patientID
Name;,,
Date of Birth;
Sex;
Version;AutoStrainCap2 2.1.0.491925

Results
==========================================================
Global
----------------------------------------------------------
LaSr_ED;17.64;%
LaScd_ED;-12.91;%
LaSct_ED;-4.73;%
LaSr_AC;16.83;%
LaScd_AC;-12.32;%
LaSct_AC;-4.51;%
ED;0.00;ms
ES;425.15;ms
PreA;694.38;ms

Curves
==========================================================
Longitudinal Strain
Unit [%]
Time [ms];0.00;8.52;17.04;25.56;34.08;42.60;51.12;59.64;68.16;76.68;85.20;93.72;102.24;110.76;119.28;127.80;136.32;144.84;153.36;161.88;170.40;178.92;187.44;195.96;204.48;213.00;221.52;230.04;238.56;247.08;255.60;264.12;272.64;281.16;289.68;298.20;306.72;315.24;323.76;332.28;340.80;349.32;357.84;366.36;374.88;383.40;391.92;400.44;408.96;417.48;426.00;434.52;443.04;451.56;460.08;468.60;477.12;485.64;494.16;502.68;511.20;519.72;528.24;536.76;545.28;553.80;562.32;570.84;579.36;587.88;596.40;604.92;613.44;621.96;630.48;639.00;647.52;656.04;664.56;673.08;681.60;690.12;698.64;707.16;715.68;724.20;732.72;741.24;749.76;758.28;766.80;775.32;783.84;792.36;800.88;809.40;817.92;826.44;834.96;843.48;852.00;860.52;869.04;877.56;886.08;894.60;903.12;911.64;920.16;928.68;937.20;945.72;954.24;
LAS_ED;0.00;-3.23;-4.51;-4.31;-3.06;-1.53;-0.71;-0.24;-0.07;-0.05;0.01;0.23;0.59;1.01;1.47;1.97;2.51;3.08;3.67;4.24;4.79;5.10;5.42;5.75;6.18;6.72;7.43;8.22;9.03;9.81;10.46;10.97;11.32;11.65;11.89;12.23;12.52;12.90;13.19;13.41;13.47;13.40;13.25;13.18;13.24;13.70;14.52;15.64;16.59;17.30;17.64;17.06;15.74;14.08;12.17;10.32;8.69;7.26;5.97;4.83;3.90;3.12;2.55;2.09;1.78;1.57;1.18;0.90;0.73;0.68;0.79;1.01;1.36;1.77;2.23;2.68;3.13;3.54;3.90;4.21;4.50;4.65;4.80;4.91;5.05;5.17;5.34;5.45;5.59;5.59;5.61;5.46;5.25;4.79;4.12;3.18;1.98;0.66;-0.63;-1.85;-2.79;-3.47;-3.87;-4.23;-4.49;-4.71;-5.44;-5.92;-5.89;-5.54;-4.43;-2.77;-0.91;
LAS_AC;-4.58;-7.67;-8.89;-8.70;-7.50;-6.04;-5.26;-4.81;-4.65;-4.63;-4.58;-4.37;-4.02;-3.62;-3.18;-2.70;-2.19;-1.64;-1.08;-0.54;-0.01;0.29;0.59;0.91;1.31;1.83;2.51;3.27;4.03;4.78;5.40;5.88;6.22;6.53;6.76;7.09;7.36;7.72;8.01;8.21;8.27;8.21;8.06;7.99;8.05;8.49;9.27;10.34;11.24;11.93;12.24;11.70;10.44;8.85;7.03;5.26;3.71;2.35;1.12;0.03;-0.86;-1.60;-2.15;-2.59;-2.89;-3.08;-3.45;-3.72;-3.89;-3.93;-3.83;-3.62;-3.29;-2.89;-2.46;-2.03;-1.59;-1.21;-0.86;-0.56;-0.29;-0.15;0.00;0.10;0.24;0.35;0.51;0.62;0.75;0.75;0.77;0.63;0.43;-0.01;-0.65;-1.55;-2.69;-3.95;-5.18;-6.34;-7.24;-7.90;-8.28;-8.62;-8.86;-9.08;-9.77;-10.23;-10.20;-9.87;-8.81;-7.23;-5.45;

----------------------------------------------------------


