PatientInformation
==========================================================
PatientID;No patientID
Name;,,
Date of Birth;
Sex;
Version;AutoStrainCap2 2.1.0.491925

Results
==========================================================
Global
----------------------------------------------------------
RVFWSL;-26.30;%
RV4CSL;-20.70;%
ED;0.00;ms
ES;266.68;ms

Curves
==========================================================
Longitudinal Strain
Unit [%]
Time [ms];0.00;12.88;25.77;38.65;51.53;64.42;77.30;90.18;103.07;115.95;128.83;141.72;154.60;167.48;180.36;193.25;206.13;219.01;231.90;244.78;257.66;270.55;283.43;296.31;309.20;322.08;334.96;347.85;360.73;373.61;386.50;399.38;412.26;425.15;438.03;450.91;463.80;476.68;489.56;502.45;515.33;528.21;541.09;553.98;566.86;579.74;592.63;605.51;618.39;631.28;644.16;657.04;669.93;682.81;695.69;708.58;721.46;734.34;747.23;760.11;772.99;785.88;798.76;811.64;824.53;837.41;850.29;863.17;876.06;888.94;901.82;914.71;
Basal;0.00;0.17;0.03;-1.40;-2.68;-5.24;-8.27;-12.89;-16.78;-19.21;-19.78;-19.02;-18.32;-18.37;-19.69;-21.91;-25.04;-28.38;-31.25;-32.91;-33.84;-34.36;-34.67;-34.81;-34.70;-34.66;-34.42;-34.11;-33.80;-33.08;-31.76;-29.27;-26.38;-23.47;-21.31;-19.42;-17.35;-14.94;-12.44;-11.32;-10.45;-10.84;-10.18;-9.18;-6.95;-4.95;-3.66;-3.05;-2.72;-2.89;-3.01;-2.82;-2.06;-1.18;-1.10;-2.21;-4.05;-5.56;-6.18;-5.67;-4.17;-0.69;3.43;7.17;7.95;7.41;5.88;4.98;3.89;3.12;1.31;0.43;
Mid;0.00;-0.14;-0.13;-0.01;-0.48;-2.23;-4.72;-9.09;-13.01;-15.64;-15.89;-14.83;-13.78;-13.71;-14.65;-16.17;-18.03;-19.85;-21.33;-22.00;-22.19;-22.10;-21.95;-21.77;-21.49;-21.37;-21.16;-20.95;-20.80;-20.37;-19.63;-17.95;-16.15;-14.29;-13.07;-12.02;-10.88;-9.59;-8.24;-7.92;-7.18;-7.37;-6.67;-5.94;-4.20;-2.55;-1.53;-1.01;-0.79;-0.75;-0.74;-0.56;-0.16;0.23;0.21;-0.45;-1.39;-2.17;-2.13;-1.44;-0.04;1.68;3.74;5.48;6.25;6.24;5.59;5.26;4.73;4.22;2.45;1.09;
Apical;0.00;0.29;0.71;0.36;0.22;-1.15;-2.91;-6.90;-10.19;-12.40;-13.52;-13.60;-13.79;-14.20;-15.46;-17.07;-18.83;-20.37;-21.58;-21.87;-21.81;-21.54;-21.10;-20.61;-19.91;-19.39;-18.71;-18.02;-17.47;-16.79;-16.21;-14.97;-13.89;-12.59;-11.58;-10.56;-9.53;-8.80;-7.93;-8.02;-6.91;-6.85;-5.93;-5.45;-4.06;-2.79;-2.13;-1.79;-1.74;-1.76;-1.86;-1.83;-1.44;-1.03;-0.99;-1.55;-2.36;-2.92;-2.88;-2.25;-0.86;0.86;3.06;4.92;5.11;4.56;3.40;3.31;2.96;2.74;1.54;0.79;

----------------------------------------------------------


