PatientInformation
==========================================================
PatientID;No patientID
Name;,,
Date of Birth;
Sex;
Version;AutoStrainCap2 2.1.0.491925

Results
==========================================================
Global
----------------------------------------------------------
LaSr_ED;13.35;%
LaScd_ED;-16.20;%
LaSct_ED;2.84;%
LaSr_AC;13.74;%
LaScd_AC;-16.67;%
LaSct_AC;2.92;%
ED;0.00;ms
ES;302.25;ms
PreA;660.84;ms

Curves
==========================================================
Longitudinal Strain
Unit [%]
Time [ms];0.00;8.94;17.88;26.83;35.77;44.71;53.65;62.60;71.54;80.48;89.42;98.37;107.31;116.25;125.19;134.14;143.08;152.02;160.96;169.91;178.85;187.79;196.73;205.68;214.62;223.56;232.50;241.44;250.39;259.33;268.27;277.21;286.16;295.10;304.04;312.98;321.93;330.87;339.81;348.75;357.70;366.64;375.58;384.52;393.47;402.41;411.35;420.29;429.24;438.18;447.12;456.06;465.00;473.95;482.89;491.83;500.77;509.72;518.66;527.60;536.54;545.49;554.43;563.37;572.31;581.26;590.20;599.14;608.08;617.03;625.97;634.91;643.85;652.80;661.74;670.68;679.62;688.57;697.51;706.45;715.39;724.33;733.28;742.22;751.16;760.10;769.05;777.99;786.93;795.87;804.82;813.76;822.70;831.64;840.59;849.53;858.47;867.41;876.36;885.30;894.24;903.18;912.13;921.07;930.01;938.95;947.89;956.84;965.78;974.72;983.66;992.61;1001.55;1010.49;
LAS_ED;0.00;0.32;0.76;1.32;1.87;2.48;2.88;3.25;3.55;3.74;3.92;3.93;4.00;4.01;4.17;4.37;4.75;5.20;5.85;6.55;7.38;8.18;9.03;9.86;10.62;11.37;11.79;12.19;12.50;12.75;12.95;13.13;13.26;13.34;13.35;13.30;13.17;12.96;12.67;12.29;11.85;11.10;10.22;9.21;8.03;6.76;5.23;3.72;2.18;0.95;-0.12;-0.28;-0.25;0.09;0.42;0.81;0.67;0.48;0.20;-0.16;-0.42;-0.69;-0.83;-1.04;-1.18;-1.43;-1.76;-2.18;-2.45;-2.77;-2.80;-3.05;-3.02;-3.04;-2.82;-2.68;-2.06;-1.53;-0.86;-0.31;0.30;0.45;0.58;0.62;0.58;0.63;0.52;0.55;0.52;0.56;0.58;0.68;0.73;0.88;0.91;1.14;1.06;1.20;1.15;1.22;1.13;1.11;0.98;0.94;0.93;0.98;1.28;1.60;1.82;2.02;1.69;1.12;0.46;0.08;
LAS_AC;2.91;3.23;3.69;4.26;4.83;5.46;5.86;6.25;6.56;6.76;6.94;6.95;7.02;7.03;7.20;7.41;7.80;8.26;8.93;9.65;10.50;11.32;12.20;13.05;13.83;14.61;15.04;15.45;15.77;16.03;16.24;16.41;16.55;16.63;16.65;16.60;16.46;16.25;15.95;15.55;15.10;14.33;13.43;12.39;11.17;9.86;8.29;6.73;5.15;3.89;2.79;2.62;2.64;2.99;3.34;3.73;3.59;3.40;3.11;2.74;2.47;2.19;2.05;1.84;1.69;1.43;1.09;0.66;0.38;0.06;0.02;-0.23;-0.20;-0.23;0.00;0.14;0.78;1.33;2.02;2.59;3.22;3.37;3.51;3.55;3.51;3.55;3.44;3.47;3.44;3.49;3.50;3.61;3.65;3.81;3.84;4.08;4.00;4.14;4.08;4.16;4.07;4.05;3.91;3.87;3.86;3.91;4.22;4.55;4.78;4.98;4.65;4.06;3.38;2.99;

----------------------------------------------------------


