PatientInformation
==========================================================
PatientID;No patientID
Name;,,
Date of Birth;
Sex;
Version;AutoStrainCap2 2.1.0.491925

Results
==========================================================
Global
----------------------------------------------------------
RVFWSL;-14.28;%
RV4CSL;-13.03;%
ED;0.00;ms
ES;299.38;ms

Curves
==========================================================
Longitudinal Strain
Unit [%]
Time [ms];0.00;8.32;16.63;24.95;33.26;41.58;49.90;58.21;66.53;74.84;83.16;91.48;99.79;108.11;116.42;124.74;133.06;141.37;149.69;158.00;166.32;174.64;182.95;191.27;199.58;207.90;216.22;224.53;232.85;241.16;249.48;257.80;266.11;274.43;282.74;291.06;299.38;307.69;316.01;324.32;332.64;340.96;349.27;357.59;365.90;374.22;382.54;390.85;399.17;407.48;415.80;424.12;432.43;440.75;449.06;457.38;465.70;474.01;482.33;490.64;498.96;507.28;515.59;523.91;532.22;540.54;548.86;557.17;565.49;573.80;582.12;590.44;598.75;607.07;615.38;623.70;632.02;640.33;648.65;656.96;665.28;673.60;681.91;690.23;698.54;706.86;715.18;723.49;731.81;740.12;748.44;756.76;765.07;
Basal;0.00;0.22;0.23;0.55;1.23;1.50;1.55;1.37;0.94;0.62;0.15;-0.33;-0.75;-1.25;-1.68;-2.16;-2.67;-3.28;-3.88;-4.53;-4.94;-5.61;-6.04;-6.45;-6.87;-7.35;-7.88;-8.34;-8.83;-9.22;-9.62;-9.98;-10.28;-10.67;-10.95;-11.12;-11.13;-10.89;-10.62;-10.35;-10.52;-10.88;-11.54;-12.11;-12.49;-12.74;-12.74;-12.69;-12.36;-12.52;-12.48;-12.49;-12.56;-12.85;-13.17;-13.36;-13.21;-12.52;-11.52;-10.43;-9.40;-8.69;-8.16;-7.76;-7.49;-7.15;-6.88;-6.63;-6.42;-6.13;-5.86;-5.52;-5.15;-4.65;-4.14;-3.63;-3.19;-3.01;-2.93;-2.94;-2.97;-2.99;-2.99;-3.00;-3.01;-3.11;-3.20;-3.30;-3.39;-3.41;-3.28;-2.77;-1.89;
Mid;0.00;-0.35;-0.59;0.18;1.42;1.79;1.79;1.45;0.83;0.18;-0.62;-1.43;-2.20;-2.94;-3.62;-4.26;-4.89;-5.43;-5.95;-6.49;-6.96;-7.74;-8.44;-9.17;-9.82;-10.67;-11.44;-12.13;-12.78;-13.15;-13.49;-13.78;-14.03;-14.33;-14.59;-14.76;-14.84;-14.78;-14.70;-14.59;-14.64;-14.70;-14.84;-14.90;-14.79;-14.52;-14.08;-13.60;-13.02;-12.88;-12.68;-12.51;-12.33;-12.09;-11.78;-11.34;-10.64;-9.69;-8.53;-7.32;-6.18;-5.33;-4.66;-4.13;-3.74;-3.32;-3.01;-2.73;-2.56;-2.45;-2.40;-2.28;-2.13;-1.87;-1.60;-1.33;-1.10;-1.00;-0.96;-1.00;-1.06;-1.14;-1.20;-1.26;-1.31;-1.39;-1.46;-1.53;-1.61;-1.69;-1.67;-1.39;-0.93;
Apical;0.00;-0.23;-0.69;-0.72;-0.42;-0.41;-0.56;-0.90;-1.47;-1.96;-2.60;-3.29;-3.96;-4.72;-5.43;-6.14;-6.85;-7.53;-8.20;-8.88;-9.44;-10.19;-10.82;-11.47;-12.07;-12.62;-13.13;-13.56;-13.98;-14.35;-14.69;-14.96;-15.17;-15.45;-15.65;-15.77;-15.77;-15.62;-15.38;-15.04;-14.81;-14.70;-14.66;-14.48;-14.13;-13.57;-12.90;-12.31;-11.73;-11.52;-11.32;-11.20;-11.08;-11.06;-10.97;-10.75;-10.33;-9.52;-8.57;-7.58;-6.60;-5.79;-5.08;-4.49;-4.06;-3.67;-3.43;-3.26;-3.19;-3.11;-3.04;-2.90;-2.72;-2.46;-2.17;-1.88;-1.63;-1.53;-1.51;-1.55;-1.61;-1.68;-1.74;-1.80;-1.85;-1.94;-2.03;-2.14;-2.26;-2.37;-2.35;-2.02;-1.39;

----------------------------------------------------------


