PatientInformation
==========================================================
PatientID;No patientID
Name;,,
Date of Birth;
Sex;
Version;AutoStrainCap2 2.1.0.491925

Results
==========================================================
Global
----------------------------------------------------------
LaSr_ED;33.69;%
LaScd_ED;-23.26;%
LaSct_ED;-10.43;%
LaSr_AC;30.53;%
LaScd_AC;-21.07;%
LaSct_AC;-9.45;%
ED;0.00;ms
ES;357.35;ms
PreA;603.68;ms

Curves
==========================================================
Longitudinal Strain
Unit [%]
Time [ms];0.00;17.35;34.69;52.04;69.39;86.74;104.08;121.43;138.78;156.12;173.47;190.82;208.17;225.51;242.86;260.21;277.56;294.90;312.25;329.60;346.94;364.29;381.64;398.99;416.33;433.68;451.03;468.37;485.72;503.07;520.42;537.76;555.11;572.46;589.80;607.15;624.50;641.85;659.19;676.54;693.89;711.24;728.58;745.93;763.28;780.62;797.97;815.32;832.67;
LAS_ED;0.00;-3.32;-5.99;-6.84;-5.59;-2.18;1.08;1.71;1.99;4.71;8.21;12.20;15.65;18.05;20.26;22.45;24.83;27.31;29.78;31.95;33.48;33.65;33.32;31.92;31.08;31.71;31.26;29.01;25.11;21.49;18.40;16.42;15.00;12.83;10.99;10.35;9.97;9.93;10.10;10.12;10.00;10.09;8.57;4.21;-0.97;-4.46;-6.15;-4.44;-2.03;
LAS_AC;-9.38;-12.39;-14.81;-15.58;-14.45;-11.36;-8.40;-7.83;-7.58;-5.11;-1.94;1.68;4.81;6.98;8.98;10.97;13.12;15.37;17.61;19.58;20.96;21.12;20.81;19.55;18.79;19.36;18.95;16.91;13.38;10.09;7.30;5.50;4.22;2.25;0.58;0.00;-0.34;-0.38;-0.22;-0.21;-0.31;-0.24;-1.62;-5.56;-10.26;-13.42;-14.96;-13.40;-11.22;

----------------------------------------------------------


