PatientInformation
==========================================================
PatientID;No patientID
Name;,,
Date of Birth;
Sex;
Version;AutoStrainCap2 2.1.0.491925

Results
==========================================================
Global
----------------------------------------------------------
RVFWSL;-25.16;%
RV4CSL;-19.94;%
ED;0.00;ms
ES;441.95;ms

Curves
==========================================================
Longitudinal Strain
Unit [%]
Time [ms];0.00;21.35;42.70;64.05;85.40;106.75;128.10;149.45;170.80;192.15;213.50;234.85;256.20;277.56;298.91;320.26;341.61;362.96;384.31;405.66;427.01;448.36;469.71;491.06;512.41;533.76;555.11;576.46;597.81;619.16;640.51;661.86;683.21;704.56;725.91;747.26;768.61;789.97;811.32;832.67;854.02;
Basal;0.00;0.25;0.14;-1.47;-4.07;-7.53;-11.33;-15.34;-19.18;-22.52;-25.21;-27.28;-28.77;-29.89;-30.89;-32.00;-32.86;-33.16;-33.47;-34.51;-35.09;-34.50;-32.68;-29.70;-26.54;-24.11;-22.19;-20.54;-18.96;-17.28;-15.90;-15.00;-14.02;-12.40;-9.89;-6.36;-2.83;-0.29;1.26;1.97;1.51;
Mid;0.00;0.72;1.07;0.01;-1.98;-4.57;-7.37;-10.35;-13.08;-15.10;-16.70;-18.24;-19.59;-20.97;-22.25;-23.30;-23.93;-23.77;-23.56;-23.99;-24.13;-23.47;-21.93;-19.83;-17.86;-16.55;-15.54;-14.54;-13.51;-12.33;-11.40;-10.87;-10.30;-9.23;-7.39;-4.58;-1.81;-0.01;0.99;1.43;1.15;
Apical;0.00;0.80;1.23;0.78;-0.33;-2.21;-4.26;-6.36;-8.20;-9.32;-10.05;-11.04;-11.88;-12.57;-13.17;-13.82;-14.24;-14.18;-14.10;-14.66;-14.92;-14.97;-14.28;-12.99;-11.75;-10.93;-10.32;-9.81;-9.25;-8.25;-7.46;-7.08;-6.71;-5.99;-4.62;-2.59;-0.56;0.58;1.09;1.48;1.21;

----------------------------------------------------------


