PatientInformation
==========================================================
PatientID;No patientID
Name;,,
Date of Birth;
Sex;
Version;AutoStrainCap2 2.1.0.491925

Results
==========================================================
Global
----------------------------------------------------------
LaSr_ED;11.03;%
LaScd_ED;-6.25;%
LaSct_ED;-4.78;%
LaSr_AC;10.54;%
LaScd_AC;-5.97;%
LaSct_AC;-4.57;%
ED;0.00;ms
ES;404.49;ms
PreA;569.96;ms

Curves
==========================================================
Longitudinal Strain
Unit [%]
Time [ms];0.00;20.43;40.86;61.29;81.72;102.14;122.57;143.00;163.43;183.86;204.29;224.72;245.15;265.57;286.00;306.43;326.86;347.29;367.72;388.15;408.58;429.00;449.43;469.86;490.29;510.72;531.15;551.58;572.01;592.44;612.86;633.29;653.72;674.15;694.58;715.01;
LAS_ED;0.00;1.13;1.75;2.33;2.78;3.08;3.69;4.71;6.05;6.83;7.76;8.72;9.28;9.44;10.05;10.53;10.89;10.71;10.37;10.66;11.00;9.77;7.88;6.78;5.78;5.32;5.44;5.21;4.67;2.86;1.72;0.77;0.41;0.24;-0.05;-0.34;
LAS_AC;-4.46;-3.38;-2.79;-2.23;-1.81;-1.52;-0.93;0.04;1.32;2.07;2.96;3.87;4.40;4.56;5.14;5.60;5.95;5.77;5.44;5.72;6.05;4.87;3.07;2.02;1.07;0.62;0.74;0.52;0.00;-1.73;-2.81;-3.73;-4.07;-4.23;-4.50;-4.78;

----------------------------------------------------------


