PatientInformation
==========================================================
PatientID;No patientID
Name;,,
Date of Birth;
Sex;
Version;AutoStrainCap2 2.1.0.491925

Results
==========================================================
Global
----------------------------------------------------------
GLS(3P);-11.45;%
GLS(4Ch);-10.68;%
GLS(2Ch);-11.47;%
GLS(3Ch);-12.22;%
ED;0.00;ms
ES;327.33;ms

Results
==========================================================
Longitudinal Strain
T2P
Minimum
----------------------------------------------------------
Segment 0 [mean];371.46;ms
----------------------------------------------------------
Segment 1 [ant];315.05;ms
Segment 2 [ant/sept];260.30;ms
Segment 3 [inf/sept];612.22;ms
Segment 4 [inf];366.44;ms
Segment 5 [inf/lat];282.65;ms
Segment 6 [ant/lat];570.88;ms
----------------------------------------------------------
Segment 7 [ant];354.15;ms
Segment 8 [ant/sept];287.12;ms
Segment 9 [inf/sept];465.87;ms
Segment 10 [inf];274.83;ms
Segment 11 [inf/lat];356.38;ms
Segment 12 [ant/lat];556.36;ms
----------------------------------------------------------
Segment 13 [ant];239.08;ms
Segment 14 [ant/sept];252.48;ms
Segment 15 [inf/sept];446.87;ms
Segment 16 [inf];321.75;ms
Segment 17 [inf/lat];268.12;ms
Segment 18 [ant/lat];455.81;ms
----------------------------------------------------------


Results
==========================================================
Longitudinal Strain
End-systolic

----------------------------------------------------------
Segment 0 [mean];-9.95;%
----------------------------------------------------------
Segment 1 [ant];-4.50;%
Segment 2 [ant/sept];-10.78;%
Segment 3 [inf/sept];-1.90;%
Segment 4 [inf];-8.30;%
Segment 5 [inf/lat];-10.21;%
Segment 6 [ant/lat];-6.91;%
----------------------------------------------------------
Segment 7 [ant];-16.88;%
Segment 8 [ant/sept];-10.53;%
Segment 9 [inf/sept];-5.20;%
Segment 10 [inf];-6.28;%
Segment 11 [inf/lat];-20.34;%
Segment 12 [ant/lat];-7.98;%
----------------------------------------------------------
Segment 13 [ant];-13.65;%
Segment 14 [ant/sept];-9.95;%
Segment 15 [inf/sept];-11.89;%
Segment 16 [inf];-18.27;%
Segment 17 [inf/lat];-6.66;%
Segment 18 [ant/lat];-8.88;%
----------------------------------------------------------


Results
==========================================================
Longitudinal Strain
Peak-systolic

----------------------------------------------------------
Segment 0 [mean];-11.36;%
----------------------------------------------------------
Segment 1 [ant];-5.01;%
Segment 2 [ant/sept];-13.16;%
Segment 3 [inf/sept];-1.90;%
Segment 4 [inf];-8.30;%
Segment 5 [inf/lat];-11.21;%
Segment 6 [ant/lat];-6.91;%
----------------------------------------------------------
Segment 7 [ant];-16.88;%
Segment 8 [ant/sept];-11.28;%
Segment 9 [inf/sept];-5.20;%
Segment 10 [inf];-10.98;%
Segment 11 [inf/lat];-20.34;%
Segment 12 [ant/lat];-7.98;%
----------------------------------------------------------
Segment 13 [ant];-19.97;%
Segment 14 [ant/sept];-15.13;%
Segment 15 [inf/sept];-11.89;%
Segment 16 [inf];-18.43;%
Segment 17 [inf/lat];-11.06;%
Segment 18 [ant/lat];-8.88;%
----------------------------------------------------------


Curves
==========================================================
Longitudinal Strain
Unit [%]
Time [ms];0.00;11.17;22.34;33.52;44.69;55.86;67.03;78.20;89.37;100.55;111.72;122.89;134.06;145.23;156.41;167.58;178.75;189.92;201.09;212.26;223.44;234.61;245.78;256.95;268.12;279.30;290.47;301.64;312.81;323.98;335.16;346.33;357.50;368.67;379.84;391.01;402.19;413.36;424.53;435.70;446.87;458.05;469.22;480.39;491.56;502.73;513.90;525.08;536.25;547.42;558.59;569.76;580.94;592.11;603.28;614.45;625.62;636.79;647.97;659.14;670.31;681.48;692.65;703.83;715.00;726.17;737.34;748.51;759.69;770.86;782.03;793.20;804.37;815.54;826.72;837.89;849.06;860.23;871.40;882.58;893.75;904.92;916.09;927.26;938.43;949.61;960.78;971.95;983.12;994.29;
Total;0.00;0.50;0.86;1.13;1.29;1.19;0.92;0.49;0.00;-0.60;-1.21;-1.90;-2.60;-3.36;-4.13;-4.86;-5.58;-6.25;-6.95;-7.60;-8.19;-8.69;-9.06;-9.33;-9.48;-9.61;-9.72;-9.81;-9.90;-9.99;-9.97;-9.80;-9.49;-9.07;-8.55;-8.00;-7.46;-7.09;-6.74;-6.48;-6.16;-5.77;-5.33;-4.89;-4.42;-4.03;-3.72;-3.48;-3.30;-3.18;-3.05;-2.83;-2.53;-2.18;-1.77;-1.33;-0.90;-0.52;-0.21;0.01;0.22;0.48;0.73;0.96;1.14;1.31;1.46;1.59;1.70;1.79;1.88;1.97;2.06;2.18;2.33;2.48;2.61;2.73;2.85;2.93;2.94;2.91;2.90;2.97;3.21;3.70;4.09;4.12;3.42;1.75;
Segment 1;0.00;-0.09;0.34;1.59;2.46;2.93;2.76;2.22;1.60;0.80;0.03;-0.68;-1.29;-1.76;-2.14;-2.35;-2.58;-2.74;-2.93;-3.08;-3.15;-3.23;-3.25;-3.36;-3.45;-3.67;-4.17;-4.65;-5.00;-4.76;-3.52;-1.41;1.04;3.32;4.90;5.71;6.07;6.31;6.46;6.24;6.23;6.13;5.99;6.04;5.92;5.85;5.73;5.65;5.58;5.51;5.47;5.35;5.25;5.19;5.15;5.23;5.40;5.53;5.65;5.61;5.34;5.04;4.71;4.40;4.35;4.28;4.26;4.27;4.18;4.14;4.12;4.24;4.42;4.71;5.10;5.39;5.83;6.25;6.58;6.84;6.84;6.60;6.40;6.33;6.57;7.31;7.72;7.60;6.07;3.29;
Segment 2;0.00;-1.67;-3.57;-5.20;-6.31;-6.94;-6.92;-6.68;-6.62;-6.41;-6.63;-6.92;-7.48;-8.13;-8.87;-9.57;-10.22;-10.79;-11.32;-11.82;-12.32;-12.69;-13.00;-13.15;-13.15;-13.11;-12.87;-12.55;-11.89;-11.11;-9.98;-9.10;-8.20;-8.10;-7.89;-7.85;-6.95;-5.80;-3.78;-1.70;0.27;1.26;1.87;2.04;2.16;2.56;3.01;3.53;3.98;4.41;4.71;4.97;5.03;5.18;5.18;5.14;5.24;5.14;5.21;5.27;5.41;5.53;5.69;5.89;6.06;6.35;6.59;6.83;7.05;7.20;7.34;7.44;7.49;7.51;7.49;7.47;7.55;7.58;7.70;7.77;7.81;7.74;7.68;7.79;8.08;8.93;9.47;9.39;7.64;4.19;
Segment 3;0.00;0.34;0.69;1.02;1.35;1.69;2.08;2.45;2.66;2.71;2.67;2.57;2.39;2.13;1.76;1.42;1.22;1.07;0.86;0.60;0.33;0.05;-0.23;-0.45;-0.61;-0.79;-1.03;-1.31;-1.57;-1.83;-2.08;-2.36;-2.62;-2.71;-2.63;-2.59;-2.72;-2.89;-2.95;-2.91;-2.82;-2.64;-2.45;-2.48;-2.68;-3.10;-3.80;-4.70;-5.75;-7.03;-7.99;-8.21;-8.10;-8.23;-8.59;-8.72;-8.33;-7.68;-7.10;-6.59;-5.83;-4.50;-3.01;-2.12;-1.79;-1.56;-1.20;-0.91;-0.83;-0.97;-1.16;-1.36;-1.57;-1.72;-1.81;-1.93;-2.17;-2.42;-2.48;-2.38;-2.15;-1.73;-1.25;-0.96;-0.85;-0.79;-0.73;-0.68;-0.52;-0.27;
Segment 4;0.00;0.49;1.47;2.41;3.26;3.83;4.28;4.48;4.62;4.40;4.01;3.55;2.99;2.31;1.48;0.69;-0.01;-0.50;-0.69;-0.79;-0.90;-1.08;-1.67;-2.29;-3.29;-4.14;-5.28;-6.31;-7.20;-8.07;-8.86;-9.74;-10.02;-10.13;-9.38;-7.72;-6.13;-4.22;-2.76;-2.65;-2.31;-2.58;-2.81;-3.12;-3.44;-3.56;-3.54;-2.81;-1.87;-0.76;0.39;1.13;1.69;2.10;2.44;2.74;3.01;3.26;3.47;3.67;3.89;4.08;4.27;4.46;4.74;5.00;5.25;5.50;5.61;5.73;5.88;5.97;5.88;5.67;5.47;5.25;5.25;5.36;5.43;5.43;5.37;5.25;5.21;5.33;5.68;6.47;6.93;7.01;5.73;2.98;
Segment 5;0.00;1.08;2.60;3.84;4.43;4.27;3.63;2.46;1.61;-0.59;-2.32;-4.22;-5.96;-6.94;-7.92;-8.53;-9.32;-9.27;-9.43;-9.45;-9.58;-10.00;-10.43;-10.83;-11.14;-11.21;-11.19;-11.08;-10.77;-10.37;-9.77;-9.01;-8.45;-8.23;-8.05;-7.76;-6.85;-5.50;-3.68;-1.64;-0.02;2.13;3.66;5.00;6.13;6.24;6.27;6.11;5.84;6.07;6.12;6.40;6.24;6.15;5.77;5.40;5.44;5.38;5.81;6.25;6.78;7.40;7.95;8.46;8.83;9.03;9.14;9.12;9.19;9.07;9.07;9.00;8.92;8.75;8.56;8.43;8.36;8.53;8.71;8.91;8.97;8.83;8.63;8.56;8.74;9.41;9.92;9.82;8.07;4.30;
Segment 6;0.00;0.22;0.44;0.73;1.09;1.38;1.53;1.60;1.65;1.67;1.59;1.34;0.99;0.58;0.11;-0.40;-0.92;-1.47;-2.07;-2.71;-3.32;-3.83;-4.30;-4.82;-5.41;-5.87;-6.05;-6.13;-6.38;-6.79;-7.15;-7.34;-7.49;-7.76;-8.15;-8.53;-8.81;-9.05;-9.29;-9.54;-9.72;-9.76;-9.74;-9.74;-9.73;-9.81;-10.08;-10.46;-10.87;-11.36;-11.73;-11.83;-11.79;-11.71;-11.55;-11.42;-11.44;-11.44;-11.09;-10.39;-9.63;-8.92;-8.21;-7.48;-6.71;-6.01;-5.38;-4.86;-4.57;-4.54;-4.51;-4.41;-4.27;-4.03;-3.67;-3.35;-3.14;-2.98;-2.88;-2.87;-2.80;-2.58;-2.27;-1.97;-1.65;-1.32;-0.99;-0.66;-0.40;-0.19;
Segment 7;0.00;-0.41;-0.44;-0.79;-0.97;-1.41;-1.91;-2.57;-3.31;-3.90;-4.36;-4.78;-5.14;-5.53;-6.00;-6.49;-7.06;-7.86;-8.93;-10.05;-11.02;-11.65;-11.64;-11.40;-11.10;-11.15;-12.16;-13.64;-15.19;-16.52;-17.63;-18.26;-18.39;-17.86;-16.59;-14.75;-12.55;-10.30;-8.15;-6.11;-4.33;-2.69;-1.28;-0.20;0.71;1.46;2.07;2.37;2.56;2.68;2.78;2.94;3.15;3.40;3.70;4.04;4.38;4.73;5.03;5.28;5.46;5.58;5.67;5.74;5.76;5.79;5.81;5.87;5.98;6.15;6.29;6.47;6.61;6.77;6.90;7.00;7.00;6.92;6.81;6.66;6.49;6.33;6.19;6.12;6.19;6.24;6.19;5.52;4.44;2.20;
Segment 8;0.00;4.31;5.48;5.04;4.05;2.92;1.99;1.18;0.58;-0.11;-0.62;-1.24;-1.82;-3.08;-4.33;-5.58;-6.93;-7.78;-8.68;-9.46;-9.99;-10.56;-10.82;-11.02;-10.99;-11.24;-11.28;-11.20;-10.92;-10.64;-10.20;-9.58;-8.76;-7.55;-6.29;-5.05;-4.30;-4.07;-4.11;-3.99;-3.67;-2.90;-1.92;-0.69;0.74;2.25;3.88;5.38;6.79;6.82;6.69;6.39;6.12;6.01;6.00;6.03;5.99;5.93;5.77;5.61;5.44;5.25;5.09;4.94;4.81;4.63;4.45;4.22;3.95;3.76;3.54;3.31;3.08;2.95;2.84;2.77;2.69;2.60;2.49;2.39;2.23;1.97;1.70;1.44;1.31;1.29;1.30;1.01;0.64;-0.05;
Segment 9;0.00;-0.13;-0.21;-0.01;0.49;0.99;1.38;1.71;1.97;2.17;2.19;1.90;1.44;0.99;0.52;0.08;-0.27;-0.60;-0.97;-1.38;-1.78;-2.17;-2.55;-2.97;-3.41;-3.83;-4.17;-4.47;-4.78;-5.11;-5.41;-5.66;-5.89;-6.15;-6.44;-6.69;-6.86;-6.98;-7.05;-7.06;-7.06;-7.09;-7.10;-7.01;-6.78;-6.63;-6.68;-6.80;-6.79;-6.66;-6.51;-6.46;-6.36;-5.86;-4.95;-4.12;-3.57;-3.20;-3.14;-3.41;-3.78;-4.24;-4.68;-4.67;-4.22;-3.68;-3.16;-2.62;-2.20;-1.87;-1.64;-1.52;-1.48;-1.41;-1.31;-1.22;-1.13;-1.05;-0.99;-0.97;-0.94;-0.87;-0.78;-0.66;-0.51;-0.34;-0.10;0.13;0.20;0.11;
Segment 10;0.00;1.10;2.13;2.96;3.35;3.32;2.79;1.92;1.05;-0.03;-1.07;-1.97;-2.80;-3.55;-4.28;-5.00;-5.78;-6.57;-7.51;-8.40;-9.27;-10.04;-10.45;-10.78;-10.93;-10.90;-10.12;-9.04;-7.80;-6.58;-5.68;-4.99;-4.42;-3.91;-3.92;-4.40;-4.82;-5.07;-4.89;-4.20;-3.33;-2.37;-1.52;-0.64;0.10;0.78;1.30;1.57;1.72;1.81;1.97;2.16;2.43;2.69;2.96;3.24;3.53;3.84;4.16;4.51;4.90;5.28;5.62;5.91;6.08;6.22;6.25;6.32;6.17;6.16;6.14;6.49;7.10;7.99;8.98;9.74;10.34;10.61;10.66;10.58;10.32;10.02;9.74;9.61;9.77;10.21;10.34;9.60;7.58;3.73;
Segment 11;0.00;2.44;2.44;1.60;0.39;-0.34;-0.93;-1.27;-1.54;-1.22;-0.92;-0.70;-0.71;-1.57;-2.63;-4.03;-5.53;-7.47;-9.32;-11.06;-12.35;-12.92;-13.08;-13.15;-13.18;-13.58;-14.16;-15.08;-16.70;-19.42;-22.47;-24.94;-25.98;-24.19;-20.82;-16.89;-13.46;-12.20;-11.97;-12.28;-12.52;-12.50;-12.15;-11.84;-11.45;-10.93;-10.42;-10.00;-9.69;-9.71;-9.64;-9.59;-8.81;-7.44;-5.44;-3.43;-1.81;-1.00;-0.80;-0.65;-0.71;-0.53;-0.45;-0.30;-0.30;-0.31;-0.46;-0.60;-0.75;-0.89;-0.98;-1.01;-0.93;-0.67;-0.33;0.06;0.38;0.63;0.75;0.78;0.70;0.51;0.30;0.25;0.41;0.93;1.37;1.52;0.99;0.37;
Segment 12;0.00;-0.43;-0.81;-0.83;-0.50;-0.09;0.36;0.80;1.08;1.22;1.14;0.77;0.20;-0.40;-1.08;-1.73;-2.31;-2.83;-3.28;-3.64;-4.00;-4.44;-4.90;-5.34;-5.76;-6.18;-6.61;-7.04;-7.46;-7.86;-8.28;-8.75;-9.23;-9.66;-10.04;-10.42;-10.80;-11.18;-11.53;-11.86;-12.13;-12.29;-12.37;-12.41;-12.38;-12.43;-12.68;-13.03;-13.31;-13.57;-13.65;-13.46;-13.03;-12.31;-11.27;-10.20;-9.24;-8.34;-7.56;-6.92;-6.32;-5.73;-5.20;-4.83;-4.63;-4.48;-4.29;-4.12;-3.96;-3.79;-3.63;-3.48;-3.32;-3.13;-2.91;-2.71;-2.56;-2.42;-2.22;-1.96;-1.69;-1.38;-1.07;-0.85;-0.70;-0.54;-0.32;-0.10;0.01;0.01;
Segment 13;0.00;-0.28;-0.17;0.35;0.87;0.98;0.61;-0.19;-1.45;-3.30;-5.59;-7.96;-10.20;-12.02;-13.35;-14.48;-15.56;-16.66;-17.81;-18.83;-19.60;-19.93;-19.90;-19.44;-18.74;-17.92;-16.91;-15.85;-14.90;-13.95;-12.91;-11.74;-10.56;-9.55;-8.93;-8.63;-8.49;-8.44;-8.49;-8.72;-8.86;-8.79;-8.40;-7.85;-7.03;-6.19;-5.45;-4.91;-4.54;-4.27;-4.05;-3.72;-3.33;-2.94;-2.54;-2.16;-1.78;-1.43;-1.11;-0.82;-0.55;-0.30;-0.06;0.16;0.31;0.47;0.58;0.67;0.79;0.84;0.85;0.70;0.69;0.62;0.53;0.56;0.48;0.42;0.41;0.35;0.23;0.09;0.05;0.28;0.90;1.77;2.59;2.85;2.35;1.34;
Segment 14;0.00;3.31;3.98;2.85;1.11;-1.06;-3.11;-5.29;-6.95;-7.95;-8.33;-8.66;-8.82;-9.87;-10.83;-11.71;-12.49;-13.00;-13.52;-13.96;-14.39;-14.79;-15.05;-15.09;-14.66;-14.53;-13.84;-12.91;-11.75;-10.39;-8.91;-7.50;-6.45;-6.54;-7.14;-8.14;-9.38;-10.51;-11.56;-12.43;-13.04;-13.31;-13.22;-12.80;-11.91;-11.38;-10.57;-9.79;-9.33;-8.67;-8.46;-8.25;-8.21;-8.35;-8.52;-8.63;-8.74;-8.60;-8.43;-8.33;-8.17;-8.05;-7.88;-7.74;-7.54;-7.41;-7.27;-7.16;-7.07;-6.91;-6.78;-6.65;-6.54;-6.44;-6.33;-6.20;-6.08;-5.91;-5.76;-5.60;-5.45;-5.29;-5.11;-4.95;-4.74;-4.67;-4.49;-4.35;-3.72;-2.39;
Segment 15;0.00;-0.26;-0.50;-0.62;-0.63;-0.65;-0.75;-0.89;-1.09;-1.35;-1.67;-2.07;-2.54;-3.07;-3.66;-4.25;-4.79;-5.32;-5.88;-6.45;-7.02;-7.59;-8.16;-8.70;-9.22;-9.75;-10.30;-10.86;-11.35;-11.77;-12.19;-12.65;-13.10;-13.49;-13.81;-14.11;-14.42;-14.71;-14.95;-15.17;-15.27;-15.18;-14.97;-14.69;-14.32;-13.94;-13.57;-13.19;-12.76;-12.32;-11.72;-10.84;-9.82;-8.86;-7.92;-7.04;-6.20;-5.48;-5.21;-5.40;-5.60;-5.56;-5.48;-5.56;-5.81;-5.97;-5.91;-5.71;-5.38;-4.88;-4.35;-3.82;-3.28;-2.81;-2.37;-2.01;-1.74;-1.54;-1.36;-1.22;-1.10;-1.01;-0.94;-0.87;-0.81;-0.72;-0.56;-0.37;-0.22;-0.11;
Segment 16;0.00;-1.51;-0.32;1.59;3.39;2.85;1.20;-1.00;-3.53;-5.43;-6.91;-8.29;-9.51;-10.61;-11.65;-12.60;-13.48;-14.43;-15.49;-16.49;-17.29;-17.91;-18.16;-18.18;-17.98;-17.61;-17.83;-18.14;-18.28;-18.40;-17.69;-16.76;-16.08;-15.80;-15.74;-15.81;-16.08;-16.27;-16.26;-16.00;-15.23;-14.06;-12.52;-11.17;-9.63;-8.19;-6.95;-5.97;-5.27;-4.66;-4.12;-3.45;-2.75;-2.04;-1.34;-0.69;-0.09;0.51;1.07;1.57;2.01;2.42;2.84;3.28;3.75;4.21;4.69;5.08;5.63;6.08;6.60;6.90;7.04;7.05;7.08;7.37;7.76;8.30;8.80;9.13;9.22;9.12;9.13;9.46;10.52;12.64;14.34;14.98;13.38;6.97;
Segment 17;0.00;1.36;2.92;4.36;5.45;6.16;6.53;6.67;6.49;5.61;4.49;3.34;2.26;1.30;0.37;-0.64;-1.77;-3.00;-4.31;-5.57;-6.97;-8.36;-9.70;-10.68;-11.06;-10.61;-9.74;-8.65;-7.77;-6.88;-6.20;-5.46;-4.39;-3.26;-1.37;0.89;3.17;4.26;4.69;4.63;4.55;4.49;4.72;5.10;5.55;5.98;6.32;6.61;6.77;6.86;6.93;7.01;7.42;7.46;7.77;8.06;8.11;8.52;8.62;8.66;8.63;8.65;8.69;8.73;8.75;8.75;8.72;8.70;8.68;8.71;8.77;8.84;8.95;8.94;8.95;8.97;9.00;9.13;9.22;9.24;9.13;8.85;8.55;8.42;8.57;9.30;9.92;9.91;8.44;4.40;
Segment 18;0.00;-0.41;-0.80;-1.02;-1.07;-1.07;-1.05;-1.00;-1.01;-1.07;-1.19;-1.41;-1.72;-2.09;-2.57;-3.03;-3.41;-3.76;-4.11;-4.45;-4.80;-5.18;-5.58;-5.99;-6.41;-6.84;-7.29;-7.75;-8.24;-8.73;-9.24;-9.78;-10.31;-10.77;-11.15;-11.51;-11.86;-12.18;-12.43;-12.63;-12.75;-12.78;-12.72;-12.57;-12.31;-12.09;-12.00;-11.94;-11.77;-11.50;-11.09;-10.45;-9.69;-8.92;-8.14;-7.28;-6.19;-5.08;-4.43;-4.22;-4.03;-3.65;-3.25;-2.99;-2.87;-2.78;-2.71;-2.65;-2.56;-2.42;-2.28;-2.15;-2.02;-1.82;-1.55;-1.31;-1.20;-1.14;-1.01;-0.85;-0.69;-0.55;-0.42;-0.31;-0.22;-0.14;-0.09;-0.05;-0.03;-0.01;

----------------------------------------------------------


Curves
==========================================================
Longitudinal Strain Rate
Unit [1/s]
Time [ms];0.00;11.17;22.34;33.52;44.69;55.86;67.03;78.20;89.37;100.55;111.72;122.89;134.06;145.23;156.41;167.58;178.75;189.92;201.09;212.26;223.44;234.61;245.78;256.95;268.12;279.30;290.47;301.64;312.81;323.98;335.16;346.33;357.50;368.67;379.84;391.01;402.19;413.36;424.53;435.70;446.87;458.05;469.22;480.39;491.56;502.73;513.90;525.08;536.25;547.42;558.59;569.76;580.94;592.11;603.28;614.45;625.62;636.79;647.97;659.14;670.31;681.48;692.65;703.83;715.00;726.17;737.34;748.51;759.69;770.86;782.03;793.20;804.37;815.54;826.72;837.89;849.06;860.23;871.40;882.58;893.75;904.92;916.09;927.26;938.43;949.61;960.78;971.95;983.12;994.29;
Segment 1;-0.14;0.09;0.81;1.03;0.61;0.13;-0.36;-0.53;-0.65;-0.71;-0.66;-0.60;-0.48;-0.38;-0.26;-0.19;-0.17;-0.16;-0.16;-0.09;-0.07;-0.04;-0.05;-0.09;-0.12;-0.34;-0.46;-0.40;-0.11;0.64;1.55;2.10;2.18;1.77;1.05;0.48;0.24;0.20;-0.05;-0.13;-0.02;-0.13;-0.03;-0.02;-0.09;-0.08;-0.09;-0.07;-0.07;-0.04;-0.07;-0.11;-0.07;-0.05;0.01;0.12;0.14;0.12;0.05;-0.15;-0.27;-0.28;-0.31;-0.15;-0.04;-0.05;0.01;-0.04;-0.07;-0.03;0.04;0.13;0.21;0.32;0.30;0.32;0.41;0.34;0.27;0.13;-0.12;-0.23;-0.14;0.05;0.49;0.58;0.20;-0.69;-1.99;-2.79;
Segment 2;-1.46;-1.61;-1.63;-1.24;-0.79;-0.26;0.18;0.13;0.14;0.01;-0.24;-0.38;-0.55;-0.63;-0.66;-0.61;-0.55;-0.49;-0.46;-0.45;-0.39;-0.31;-0.21;-0.05;0.02;0.12;0.24;0.43;0.64;0.88;0.92;0.83;0.44;0.10;0.07;0.40;0.92;1.43;1.90;1.88;1.34;0.67;0.34;0.08;0.23;0.39;0.44;0.44;0.39;0.33;0.26;0.13;0.09;0.08;-0.04;0.04;0.00;-0.03;0.07;0.09;0.12;0.12;0.17;0.16;0.21;0.25;0.21;0.22;0.17;0.12;0.11;0.06;0.03;0.00;-0.03;0.03;0.05;0.07;0.10;0.05;-0.01;-0.07;0.01;0.15;0.54;0.69;0.29;-0.74;-2.39;-3.53;
Segment 3;0.31;0.31;0.30;0.30;0.29;0.33;0.36;0.27;0.11;-0.00;-0.06;-0.12;-0.19;-0.29;-0.33;-0.24;-0.15;-0.16;-0.21;-0.24;-0.25;-0.26;-0.23;-0.16;-0.14;-0.19;-0.24;-0.24;-0.23;-0.23;-0.24;-0.25;-0.17;0.01;0.08;-0.04;-0.15;-0.11;-0.00;0.06;0.12;0.19;0.08;-0.11;-0.27;-0.50;-0.73;-0.86;-1.07;-1.07;-0.53;0.02;0.03;-0.25;-0.27;0.12;0.50;0.57;0.47;0.52;0.94;1.34;1.11;0.51;0.21;0.26;0.32;0.18;-0.04;-0.17;-0.18;-0.18;-0.17;-0.10;-0.08;-0.16;-0.24;-0.15;0.03;0.15;0.29;0.43;0.36;0.16;0.07;0.05;0.04;0.09;0.19;0.24;
Segment 4;0.36;0.66;0.90;0.81;0.64;0.46;0.29;0.16;-0.03;-0.29;-0.38;-0.45;-0.55;-0.69;-0.74;-0.68;-0.55;-0.30;-0.11;-0.09;-0.10;-0.35;-0.54;-0.74;-0.83;-0.89;-1.01;-0.85;-0.78;-0.73;-0.79;-0.53;-0.19;0.23;1.15;1.48;1.57;1.64;0.65;0.15;0.06;-0.27;-0.23;-0.30;-0.21;-0.08;0.33;0.78;0.92;1.05;0.86;0.56;0.43;0.33;0.28;0.25;0.23;0.21;0.18;0.19;0.18;0.17;0.17;0.21;0.25;0.23;0.23;0.16;0.09;0.12;0.13;0.00;-0.15;-0.19;-0.21;-0.11;0.07;0.09;0.03;-0.03;-0.09;-0.09;0.03;0.19;0.54;0.61;0.31;-0.46;-1.89;-2.66;
Segment 5;0.90;1.18;1.31;0.85;0.18;-0.37;-0.87;-0.84;-1.37;-1.85;-1.58;-1.70;-1.20;-0.85;-0.70;-0.66;-0.33;-0.00;-0.10;-0.03;-0.25;-0.40;-0.38;-0.33;-0.17;-0.01;0.05;0.19;0.32;0.44;0.63;0.62;0.34;0.15;0.17;0.52;1.02;1.43;1.79;1.61;1.69;1.70;1.25;1.17;0.54;-0.00;-0.04;-0.24;-0.01;0.14;0.16;0.06;-0.13;-0.20;-0.39;-0.13;-0.02;0.16;0.42;0.43;0.53;0.53;0.48;0.40;0.25;0.14;0.02;0.03;-0.02;-0.06;-0.02;-0.07;-0.11;-0.17;-0.14;-0.10;0.04;0.17;0.18;0.13;-0.04;-0.17;-0.14;0.02;0.41;0.59;0.27;-0.73;-2.55;-3.75;
Segment 6;0.19;0.19;0.22;0.30;0.31;0.20;0.09;0.05;0.04;-0.02;-0.15;-0.28;-0.34;-0.39;-0.44;-0.46;-0.48;-0.51;-0.56;-0.57;-0.50;-0.43;-0.44;-0.51;-0.50;-0.29;-0.09;-0.13;-0.31;-0.37;-0.25;-0.13;-0.17;-0.31;-0.36;-0.29;-0.23;-0.21;-0.22;-0.20;-0.10;-0.00;0.01;0.01;-0.02;-0.16;-0.30;-0.35;-0.41;-0.41;-0.21;-0.01;0.06;0.11;0.15;0.05;-0.05;0.13;0.49;0.68;0.66;0.63;0.65;0.68;0.66;0.60;0.52;0.37;0.13;0.00;0.05;0.11;0.16;0.28;0.32;0.24;0.16;0.12;0.04;0.02;0.13;0.25;0.28;0.28;0.29;0.30;0.30;0.27;0.21;0.17;
Segment 7;-0.43;-0.17;-0.16;-0.25;-0.26;-0.43;-0.51;-0.65;-0.61;-0.46;-0.39;-0.34;-0.32;-0.39;-0.43;-0.46;-0.60;-0.84;-1.01;-0.96;-0.75;-0.27;0.15;0.27;0.18;-0.47;-1.17;-1.40;-1.30;-1.11;-0.80;-0.35;0.16;0.81;1.41;1.84;2.02;1.98;1.89;1.71;1.53;1.38;1.11;0.88;0.74;0.62;0.41;0.20;0.14;0.09;0.11;0.17;0.21;0.25;0.28;0.31;0.31;0.30;0.25;0.19;0.14;0.09;0.07;0.04;0.02;0.02;0.03;0.08;0.13;0.14;0.14;0.14;0.13;0.13;0.11;0.05;-0.04;-0.09;-0.11;-0.15;-0.15;-0.14;-0.10;0.01;0.06;0.04;-0.31;-0.74;-1.51;-2.07;
Segment 8;4.30;2.54;0.13;-0.72;-0.99;-0.94;-0.78;-0.61;-0.58;-0.54;-0.50;-0.50;-0.82;-1.17;-1.10;-1.20;-0.99;-0.75;-0.78;-0.57;-0.50;-0.38;-0.20;-0.06;-0.10;-0.16;0.02;0.17;0.25;0.31;0.48;0.63;0.91;1.13;1.16;0.93;0.42;0.04;0.01;0.18;0.48;0.80;0.99;1.20;1.32;1.42;1.40;1.39;0.65;-0.13;-0.20;-0.28;-0.17;-0.04;0.02;-0.00;-0.04;-0.10;-0.15;-0.15;-0.16;-0.16;-0.14;-0.12;-0.14;-0.16;-0.18;-0.23;-0.20;-0.18;-0.21;-0.22;-0.16;-0.10;-0.08;-0.06;-0.07;-0.09;-0.09;-0.11;-0.19;-0.25;-0.24;-0.18;-0.07;0.02;-0.12;-0.29;-0.53;-0.31;
Segment 9;-0.12;-0.11;0.03;0.33;0.47;0.40;0.32;0.26;0.21;0.12;-0.12;-0.36;-0.42;-0.41;-0.42;-0.36;-0.30;-0.31;-0.35;-0.37;-0.35;-0.34;-0.35;-0.39;-0.39;-0.34;-0.28;-0.27;-0.29;-0.29;-0.25;-0.21;-0.21;-0.25;-0.25;-0.19;-0.13;-0.09;-0.04;0.00;-0.01;-0.03;0.03;0.15;0.19;0.05;-0.10;-0.06;0.07;0.14;0.09;0.04;0.24;0.66;0.82;0.62;0.42;0.20;-0.11;-0.30;-0.37;-0.44;-0.22;0.23;0.47;0.48;0.48;0.43;0.33;0.26;0.16;0.06;0.05;0.08;0.09;0.08;0.08;0.06;0.03;0.02;0.05;0.07;0.09;0.12;0.14;0.18;0.23;0.15;-0.02;-0.10;
Segment 10;0.99;0.97;0.86;0.56;0.16;-0.26;-0.66;-0.78;-0.87;-0.98;-0.87;-0.77;-0.71;-0.66;-0.64;-0.67;-0.70;-0.78;-0.83;-0.79;-0.76;-0.53;-0.32;-0.22;-0.09;0.35;0.87;1.05;1.13;0.96;0.70;0.55;0.51;0.25;-0.26;-0.44;-0.32;-0.06;0.41;0.73;0.84;0.81;0.78;0.73;0.63;0.55;0.35;0.17;0.09;0.11;0.16;0.20;0.24;0.24;0.24;0.26;0.27;0.28;0.30;0.33;0.35;0.32;0.29;0.20;0.14;0.07;0.06;-0.05;-0.09;-0.02;0.13;0.44;0.68;0.87;0.80;0.62;0.39;0.13;-0.02;-0.16;-0.26;-0.27;-0.20;0.00;0.30;0.33;-0.21;-1.16;-2.72;-3.52;
Segment 11;2.53;1.13;-0.52;-1.00;-0.90;-0.57;-0.41;-0.30;0.02;0.32;0.24;0.15;-0.39;-0.90;-1.11;-1.29;-1.55;-1.73;-1.63;-1.40;-0.83;-0.29;-0.09;-0.01;-0.18;-0.45;-0.64;-1.08;-1.97;-2.69;-2.57;-1.72;0.33;2.47;3.38;3.48;2.13;0.55;-0.09;-0.30;-0.11;0.18;0.31;0.30;0.41;0.47;0.42;0.34;0.12;0.01;0.01;0.33;0.97;1.55;1.86;1.67;1.10;0.40;0.13;0.02;0.05;0.13;0.10;0.08;-0.01;-0.07;-0.14;-0.13;-0.14;-0.10;-0.06;0.01;0.15;0.28;0.34;0.32;0.26;0.16;0.07;-0.02;-0.13;-0.19;-0.13;0.03;0.33;0.47;0.31;-0.18;-0.58;-0.44;
Segment 12;-0.39;-0.38;-0.20;0.16;0.35;0.39;0.41;0.33;0.18;0.04;-0.20;-0.44;-0.53;-0.57;-0.60;-0.55;-0.50;-0.44;-0.35;-0.31;-0.36;-0.41;-0.40;-0.38;-0.37;-0.38;-0.39;-0.38;-0.36;-0.36;-0.40;-0.43;-0.41;-0.36;-0.34;-0.34;-0.34;-0.32;-0.31;-0.28;-0.19;-0.10;-0.06;0.01;0.01;-0.14;-0.29;-0.28;-0.25;-0.17;0.05;0.28;0.50;0.81;0.98;0.91;0.83;0.76;0.63;0.54;0.53;0.52;0.41;0.24;0.15;0.15;0.16;0.15;0.15;0.14;0.14;0.14;0.15;0.18;0.20;0.16;0.12;0.15;0.21;0.24;0.26;0.28;0.24;0.16;0.13;0.17;0.21;0.16;0.04;-0.01;
Segment 13;-0.30;-0.11;0.31;0.52;0.31;-0.11;-0.53;-0.91;-1.39;-1.89;-2.12;-2.09;-1.84;-1.39;-1.07;-0.98;-0.97;-1.02;-0.99;-0.82;-0.50;-0.13;0.23;0.54;0.68;0.82;0.95;0.90;0.84;0.88;0.99;1.07;1.00;0.74;0.40;0.18;0.08;0.01;-0.14;-0.19;-0.05;0.21;0.42;0.62;0.77;0.72;0.58;0.40;0.28;0.21;0.24;0.33;0.35;0.35;0.35;0.34;0.33;0.30;0.27;0.25;0.23;0.22;0.21;0.17;0.13;0.12;0.08;0.10;0.08;0.03;-0.08;-0.08;-0.02;-0.09;-0.02;-0.01;-0.08;-0.03;-0.02;-0.08;-0.13;-0.10;0.07;0.38;0.69;0.81;0.53;-0.12;-0.70;-1.08;
Segment 14;3.33;1.89;-0.36;-1.36;-1.80;-1.90;-1.91;-1.77;-1.19;-0.58;-0.30;-0.15;-0.53;-0.97;-0.81;-0.76;-0.57;-0.45;-0.43;-0.38;-0.38;-0.31;-0.16;0.22;0.24;0.33;0.75;0.93;1.14;1.28;1.32;1.18;0.44;-0.37;-0.73;-1.03;-1.08;-0.98;-0.87;-0.67;-0.40;-0.08;0.22;0.64;0.65;0.57;0.76;0.53;0.51;0.41;0.16;0.13;-0.05;-0.16;-0.12;-0.11;0.01;0.16;0.12;0.12;0.12;0.13;0.14;0.15;0.15;0.12;0.12;0.08;0.11;0.14;0.12;0.11;0.09;0.09;0.11;0.11;0.13;0.15;0.14;0.13;0.14;0.16;0.15;0.18;0.12;0.10;0.12;0.30;0.84;1.70;
Segment 15;-0.23;-0.23;-0.17;-0.05;0.00;-0.05;-0.11;-0.15;-0.20;-0.26;-0.32;-0.39;-0.44;-0.50;-0.54;-0.51;-0.48;-0.48;-0.50;-0.51;-0.51;-0.51;-0.50;-0.47;-0.46;-0.48;-0.50;-0.47;-0.40;-0.37;-0.39;-0.42;-0.38;-0.31;-0.27;-0.27;-0.27;-0.24;-0.21;-0.15;-0.01;0.14;0.22;0.29;0.35;0.34;0.33;0.36;0.38;0.45;0.66;0.87;0.90;0.85;0.81;0.77;0.73;0.47;0.01;-0.22;-0.07;0.08;0.01;-0.17;-0.21;-0.04;0.12;0.24;0.38;0.47;0.48;0.48;0.46;0.41;0.36;0.28;0.20;0.17;0.14;0.12;0.09;0.07;0.06;0.05;0.06;0.11;0.17;0.16;0.11;0.10;
Segment 16;-1.74;-0.18;1.58;1.86;0.63;-1.12;-1.76;-2.19;-2.04;-1.47;-1.26;-1.17;-1.03;-0.96;-0.89;-0.81;-0.81;-0.91;-0.94;-0.81;-0.64;-0.39;-0.11;0.08;0.31;0.09;-0.29;-0.20;-0.16;0.25;0.81;0.76;0.43;0.14;-0.01;-0.16;-0.23;-0.09;0.10;0.45;0.87;1.26;1.30;1.28;1.37;1.21;1.00;0.74;0.57;0.50;0.53;0.62;0.63;0.63;0.61;0.56;0.54;0.52;0.48;0.42;0.38;0.37;0.38;0.41;0.42;0.42;0.38;0.42;0.45;0.44;0.39;0.19;0.05;-0.01;0.14;0.31;0.42;0.49;0.38;0.19;-0.02;-0.07;0.12;0.57;1.50;1.84;1.14;-0.15;-3.70;-6.33;
Segment 17;1.19;1.31;1.38;1.15;0.80;0.47;0.22;0.02;-0.48;-0.94;-1.03;-1.01;-0.91;-0.83;-0.86;-0.96;-1.06;-1.14;-1.15;-1.19;-1.26;-1.24;-1.07;-0.64;0.04;0.63;0.92;0.89;0.79;0.70;0.60;0.82;0.96;1.32;1.90;2.13;1.55;0.63;0.13;-0.09;-0.08;0.07;0.29;0.38;0.40;0.35;0.29;0.21;0.11;0.07;0.04;0.25;0.21;0.13;0.31;0.12;0.21;0.27;0.04;-0.00;-0.01;0.03;0.04;0.03;0.01;-0.02;-0.02;-0.02;0.01;0.05;0.06;0.09;0.04;-0.01;0.02;0.02;0.08;0.11;0.05;-0.03;-0.18;-0.28;-0.21;-0.02;0.42;0.68;0.35;-0.52;-2.54;-3.96;
Segment 18;-0.37;-0.37;-0.28;-0.11;-0.02;0.01;0.04;0.02;-0.03;-0.08;-0.16;-0.24;-0.30;-0.39;-0.43;-0.38;-0.32;-0.31;-0.30;-0.30;-0.33;-0.35;-0.36;-0.37;-0.38;-0.39;-0.41;-0.42;-0.44;-0.45;-0.47;-0.48;-0.45;-0.37;-0.33;-0.32;-0.31;-0.26;-0.20;-0.14;-0.06;0.02;0.09;0.19;0.24;0.14;0.04;0.10;0.20;0.30;0.47;0.64;0.70;0.69;0.72;0.88;1.03;0.82;0.36;0.13;0.25;0.38;0.30;0.16;0.08;0.07;0.05;0.07;0.11;0.13;0.12;0.11;0.14;0.22;0.24;0.15;0.07;0.08;0.13;0.15;0.13;0.12;0.11;0.09;0.08;0.06;0.04;0.03;0.02;0.01;

----------------------------------------------------------


Curves
==========================================================
Global Strain A2C
Unit [%]
Time [ms];0.00;11.17;22.34;33.52;44.69;55.86;67.03;78.20;89.37;100.55;111.72;122.89;134.06;145.23;156.41;167.58;178.75;189.92;201.09;212.26;223.44;234.61;245.78;256.95;268.12;279.30;290.47;301.64;312.81;323.98;335.16;346.33;357.50;368.67;379.84;391.01;402.19;413.36;424.53;435.70;446.87;458.05;469.22;480.39;491.56;502.73;513.90;525.08;536.25;547.42;558.59;569.76;580.94;592.11;603.28;614.45;625.62;636.79;647.97;659.14;670.31;681.48;692.65;703.83;715.00;726.17;737.34;748.51;759.69;770.86;782.03;793.20;804.37;815.54;826.72;837.89;849.06;860.23;871.40;882.58;893.75;904.92;916.09;927.26;938.43;949.61;960.78;971.95;983.12;994.29;
Total;0.00;-0.16;0.43;1.25;1.94;1.98;1.53;0.73;-0.25;-1.34;-2.44;-3.51;-4.51;-5.40;-6.20;-6.92;-7.62;-8.34;-9.10;-9.81;-10.40;-10.83;-11.00;-11.04;-11.01;-10.98;-11.14;-11.33;-11.45;-11.42;-11.06;-10.44;-9.63;-8.82;-8.07;-7.39;-6.79;-6.15;-5.52;-5.08;-4.51;-3.95;-3.32;-2.73;-2.14;-1.56;-1.06;-0.61;-0.25;0.09;0.43;0.75;1.07;1.39;1.71;2.05;2.39;2.71;3.01;3.26;3.45;3.61;3.76;3.89;4.06;4.21;4.35;4.48;4.59;4.71;4.84;4.97;5.12;5.28;5.47;5.66;5.87;6.06;6.20;6.25;6.16;5.99;5.87;5.95;6.36;7.20;7.79;7.72;6.42;3.34;

----------------------------------------------------------


Curves
==========================================================
Global Strain Rate A2C
Unit [1/s]
Time [ms];0.00;11.17;22.34;33.52;44.69;55.86;67.03;78.20;89.37;100.55;111.72;122.89;134.06;145.23;156.41;167.58;178.75;189.92;201.09;212.26;223.44;234.61;245.78;256.95;268.12;279.30;290.47;301.64;312.81;323.98;335.16;346.33;357.50;368.67;379.84;391.01;402.19;413.36;424.53;435.70;446.87;458.05;469.22;480.39;491.56;502.73;513.90;525.08;536.25;547.42;558.59;569.76;580.94;592.11;603.28;614.45;625.62;636.79;647.97;659.14;670.31;681.48;692.65;703.83;715.00;726.17;737.34;748.51;759.69;770.86;782.03;793.20;804.37;815.54;826.72;837.89;849.06;860.23;871.40;882.58;893.75;904.92;916.09;927.26;938.43;949.61;960.78;971.95;983.12;994.29;
Total;-0.25;0.18;0.69;0.73;0.35;-0.21;-0.58;-0.81;-0.94;-0.99;-0.98;-0.93;-0.85;-0.76;-0.67;-0.63;-0.63;-0.67;-0.67;-0.59;-0.46;-0.27;-0.08;0.00;0.05;-0.06;-0.17;-0.15;-0.06;0.17;0.45;0.65;0.74;0.70;0.64;0.57;0.55;0.59;0.46;0.44;0.52;0.53;0.55;0.53;0.53;0.49;0.42;0.36;0.31;0.31;0.29;0.29;0.29;0.28;0.29;0.30;0.30;0.28;0.25;0.20;0.15;0.13;0.12;0.14;0.14;0.13;0.13;0.11;0.10;0.11;0.12;0.13;0.14;0.16;0.17;0.18;0.19;0.15;0.09;-0.01;-0.13;-0.15;-0.04;0.20;0.60;0.71;0.28;-0.53;-2.03;-3.00;

----------------------------------------------------------


Curves
==========================================================
Global Strain A3C
Unit [%]
Time [ms];0.00;11.17;22.34;33.52;44.69;55.86;67.03;78.20;89.37;100.55;111.72;122.89;134.06;145.23;156.41;167.58;178.75;189.92;201.09;212.26;223.44;234.61;245.78;256.95;268.12;279.30;290.47;301.64;312.81;323.98;335.16;346.33;357.50;368.67;379.84;391.01;402.19;413.36;424.53;435.70;446.87;458.05;469.22;480.39;491.56;502.73;513.90;525.08;536.25;547.42;558.59;569.76;580.94;592.11;603.28;614.45;625.62;636.79;647.97;659.14;670.31;681.48;692.65;703.83;715.00;726.17;737.34;748.51;759.69;770.86;782.03;793.20;804.37;815.54;826.72;837.89;849.06;860.23;871.40;882.58;893.75;904.92;916.09;927.26;938.43;949.61;960.78;971.95;983.12;994.29;
Total;0.00;1.77;2.37;2.29;1.86;1.26;0.68;0.02;-0.55;-1.29;-1.93;-2.65;-3.37;-4.32;-5.30;-6.28;-7.31;-8.18;-9.09;-9.90;-10.65;-11.30;-11.79;-12.13;-12.20;-12.20;-12.00;-11.74;-11.51;-11.42;-11.31;-11.08;-10.58;-9.83;-8.71;-7.47;-6.17;-5.44;-4.81;-4.28;-3.79;-3.17;-2.53;-1.88;-1.17;-0.63;-0.07;0.43;0.79;1.00;1.09;1.20;1.36;1.60;1.94;2.28;2.60;2.81;2.96;3.08;3.18;3.35;3.50;3.67;3.78;3.85;3.86;3.84;3.84;3.81;3.81;3.81;3.82;3.83;3.86;3.91;3.98;4.10;4.20;4.27;4.25;4.11;3.96;3.91;4.06;4.55;4.96;4.93;4.00;1.99;

----------------------------------------------------------


Curves
==========================================================
Global Strain Rate A3C
Unit [1/s]
Time [ms];0.00;11.17;22.34;33.52;44.69;55.86;67.03;78.20;89.37;100.55;111.72;122.89;134.06;145.23;156.41;167.58;178.75;189.92;201.09;212.26;223.44;234.61;245.78;256.95;268.12;279.30;290.47;301.64;312.81;323.98;335.16;346.33;357.50;368.67;379.84;391.01;402.19;413.36;424.53;435.70;446.87;458.05;469.22;480.39;491.56;502.73;513.90;525.08;536.25;547.42;558.59;569.76;580.94;592.11;603.28;614.45;625.62;636.79;647.97;659.14;670.31;681.48;692.65;703.83;715.00;726.17;737.34;748.51;759.69;770.86;782.03;793.20;804.37;815.54;826.72;837.89;849.06;860.23;871.40;882.58;893.75;904.92;916.09;927.26;938.43;949.61;960.78;971.95;983.12;994.29;
Total;1.75;1.10;0.17;-0.26;-0.48;-0.53;-0.56;-0.54;-0.59;-0.63;-0.60;-0.63;-0.75;-0.88;-0.87;-0.91;-0.85;-0.79;-0.78;-0.70;-0.63;-0.51;-0.38;-0.17;-0.03;0.09;0.22;0.23;0.14;0.07;0.14;0.32;0.55;0.85;1.07;1.18;0.92;0.57;0.51;0.44;0.50;0.57;0.57;0.62;0.56;0.49;0.48;0.38;0.26;0.13;0.07;0.12;0.18;0.26;0.31;0.30;0.24;0.16;0.12;0.09;0.12;0.15;0.14;0.13;0.08;0.04;-0.00;-0.01;-0.02;-0.01;-0.00;-0.00;0.01;0.02;0.04;0.06;0.09;0.10;0.08;0.03;-0.08;-0.15;-0.10;0.03;0.31;0.45;0.22;-0.38;-1.38;-1.86;

----------------------------------------------------------


Curves
==========================================================
Global Strain A4C
Unit [%]
Time [ms];0.00;11.17;22.34;33.52;44.69;55.86;67.03;78.20;89.37;100.55;111.72;122.89;134.06;145.23;156.41;167.58;178.75;189.92;201.09;212.26;223.44;234.61;245.78;256.95;268.12;279.30;290.47;301.64;312.81;323.98;335.16;346.33;357.50;368.67;379.84;391.01;402.19;413.36;424.53;435.70;446.87;458.05;469.22;480.39;491.56;502.73;513.90;525.08;536.25;547.42;558.59;569.76;580.94;592.11;603.28;614.45;625.62;636.79;647.97;659.14;670.31;681.48;692.65;703.83;715.00;726.17;737.34;748.51;759.69;770.86;782.03;793.20;804.37;815.54;826.72;837.89;849.06;860.23;871.40;882.58;893.75;904.92;916.09;927.26;938.43;949.61;960.78;971.95;983.12;994.29;
Total;0.00;-0.12;-0.22;-0.15;0.08;0.33;0.54;0.72;0.81;0.83;0.72;0.45;0.07;-0.37;-0.88;-1.38;-1.82;-2.24;-2.66;-3.09;-3.52;-3.96;-4.39;-4.82;-5.25;-5.66;-6.03;-6.37;-6.74;-7.14;-7.52;-7.89;-8.25;-8.57;-8.87;-9.15;-9.43;-9.69;-9.90;-10.07;-10.18;-10.18;-10.13;-10.06;-9.94;-9.90;-10.04;-10.26;-10.44;-10.63;-10.66;-10.43;-10.02;-9.53;-8.95;-8.33;-7.70;-7.07;-6.60;-6.31;-5.98;-5.53;-5.06;-4.68;-4.40;-4.13;-3.84;-3.55;-3.32;-3.16;-3.01;-2.88;-2.74;-2.56;-2.34;-2.14;-2.04;-1.96;-1.86;-1.74;-1.59;-1.38;-1.14;-0.95;-0.80;-0.65;-0.47;-0.29;-0.16;-0.08;

----------------------------------------------------------


Curves
==========================================================
Global Strain Rate A4C
Unit [1/s]
Time [ms];0.00;11.17;22.34;33.52;44.69;55.86;67.03;78.20;89.37;100.55;111.72;122.89;134.06;145.23;156.41;167.58;178.75;189.92;201.09;212.26;223.44;234.61;245.78;256.95;268.12;279.30;290.47;301.64;312.81;323.98;335.16;346.33;357.50;368.67;379.84;391.01;402.19;413.36;424.53;435.70;446.87;458.05;469.22;480.39;491.56;502.73;513.90;525.08;536.25;547.42;558.59;569.76;580.94;592.11;603.28;614.45;625.62;636.79;647.97;659.14;670.31;681.48;692.65;703.83;715.00;726.17;737.34;748.51;759.69;770.86;782.03;793.20;804.37;815.54;826.72;837.89;849.06;860.23;871.40;882.58;893.75;904.92;916.09;927.26;938.43;949.61;960.78;971.95;983.12;994.29;
Total;-0.11;-0.11;-0.02;0.15;0.23;0.20;0.18;0.13;0.05;-0.03;-0.17;-0.30;-0.37;-0.43;-0.46;-0.42;-0.38;-0.37;-0.38;-0.39;-0.39;-0.39;-0.38;-0.39;-0.38;-0.35;-0.31;-0.32;-0.34;-0.35;-0.34;-0.33;-0.31;-0.28;-0.25;-0.25;-0.25;-0.21;-0.17;-0.13;-0.05;0.03;0.06;0.09;0.08;-0.05;-0.18;-0.18;-0.17;-0.12;0.09;0.30;0.40;0.48;0.55;0.56;0.57;0.50;0.33;0.26;0.35;0.43;0.39;0.29;0.24;0.25;0.27;0.24;0.17;0.13;0.13;0.12;0.14;0.18;0.20;0.13;0.07;0.08;0.10;0.12;0.16;0.21;0.19;0.15;0.13;0.15;0.17;0.14;0.09;0.07;

----------------------------------------------------------


