PatientInformation
==========================================================
PatientID;No patientID
Name;,,
Date of Birth;
Sex;
Version;AutoStrainCap2 2.1.0.491925

Results
==========================================================
Global
----------------------------------------------------------
RVFWSL;-33.07;%
RV4CSL;-23.96;%
ED;0.00;ms
ES;383.44;ms

Curves
==========================================================
Longitudinal Strain
Unit [%]
Time [ms];0.00;10.36;20.73;31.09;41.45;51.82;62.18;72.54;82.91;93.27;103.63;114.00;124.36;134.72;145.08;155.45;165.81;176.17;186.54;196.90;207.26;217.63;227.99;238.35;248.72;259.08;269.44;279.81;290.17;300.53;310.90;321.26;331.62;341.99;352.35;362.71;373.08;383.44;393.80;404.16;414.53;424.89;435.25;445.62;455.98;466.34;476.71;487.07;497.43;507.80;518.16;528.52;538.89;549.25;559.61;569.98;580.34;590.70;601.07;611.43;621.79;632.16;642.52;652.88;663.24;673.61;683.97;694.33;704.70;715.06;725.42;735.79;746.15;756.51;766.88;777.24;
Basal;0.00;0.07;0.48;1.16;2.20;3.10;3.21;2.01;0.02;-1.91;-3.28;-4.39;-5.93;-8.22;-10.85;-13.23;-15.47;-17.30;-18.95;-20.66;-22.34;-23.89;-25.07;-26.05;-26.76;-27.40;-27.87;-28.34;-28.80;-29.19;-29.43;-29.41;-29.44;-29.83;-30.59;-31.42;-31.73;-31.51;-30.71;-29.81;-29.12;-28.33;-27.18;-26.05;-24.86;-23.81;-23.02;-21.99;-20.19;-17.26;-13.67;-10.07;-7.34;-5.34;-4.11;-3.49;-3.30;-3.33;-3.32;-3.25;-3.10;-2.85;-2.66;-2.59;-2.88;-3.21;-3.49;-3.48;-3.38;-3.30;-3.44;-3.53;-3.33;-2.58;-1.52;-0.42;
Mid;0.00;0.19;0.08;-0.04;0.46;0.97;1.02;0.09;-1.39;-2.85;-4.12;-5.25;-6.68;-8.53;-10.60;-12.56;-14.29;-15.75;-17.02;-18.13;-19.23;-20.26;-21.37;-22.35;-23.22;-24.03;-24.77;-25.49;-26.22;-26.87;-27.35;-27.53;-27.80;-28.60;-30.42;-32.53;-34.15;-35.02;-35.27;-35.30;-35.22;-34.69;-33.53;-32.14;-30.43;-28.57;-26.43;-24.02;-21.03;-17.35;-13.19;-8.95;-5.44;-2.57;-0.64;0.06;0.02;-0.42;-0.68;-0.91;-1.02;-0.98;-0.87;-0.81;-0.90;-1.01;-1.01;-0.88;-0.64;-0.42;-0.24;-0.10;-0.01;-0.22;-0.36;-0.19;
Apical;0.00;0.12;-0.24;-0.76;-0.59;-0.37;-0.50;-1.59;-3.17;-4.58;-5.57;-6.21;-7.04;-8.44;-10.06;-11.60;-12.90;-14.07;-15.25;-16.64;-18.10;-19.47;-20.64;-21.65;-22.53;-23.36;-24.12;-24.87;-25.62;-26.27;-26.73;-26.89;-27.05;-27.63;-28.69;-29.93;-30.75;-31.27;-31.21;-30.78;-29.95;-28.64;-26.77;-25.10;-23.19;-21.26;-19.35;-17.27;-14.83;-11.83;-8.56;-5.13;-2.03;0.58;2.32;3.04;2.98;2.49;1.98;1.42;0.83;0.23;-0.35;-0.78;-1.07;-1.21;-1.24;-1.24;-1.17;-1.08;-1.00;-0.97;-0.98;-1.04;-0.97;-0.47;

----------------------------------------------------------


