PatientInformation
==========================================================
PatientID;No patientID
Name;,,
Date of Birth;
Sex;
Version;AutoStrainCap2 2.1.0.491925

Results
==========================================================
Global
----------------------------------------------------------
LaSr_ED;20.32;%
LaScd_ED;-15.01;%
LaSct_ED;-5.32;%
LaSr_AC;19.31;%
LaScd_AC;-14.26;%
LaSct_AC;-5.05;%
ED;0.00;ms
ES;316.65;ms
PreA;700.71;ms

Curves
==========================================================
Longitudinal Strain
Unit [%]
Time [ms];0.00;20.43;40.86;61.29;81.72;102.14;122.57;143.00;163.43;183.86;204.29;224.72;245.15;265.57;286.00;306.43;326.86;347.29;367.72;388.15;408.58;429.01;449.43;469.86;490.29;510.72;531.15;551.58;572.01;592.44;612.86;633.29;653.72;674.15;694.58;715.01;735.44;755.87;776.29;796.72;817.15;837.58;858.01;878.44;898.87;919.30;939.73;960.15;980.58;1001.01;1021.44;1041.87;1062.30;
LAS_ED;0.00;-0.64;-1.23;0.02;2.14;3.50;5.18;7.77;10.57;13.02;15.27;17.07;18.50;19.54;20.22;20.32;20.30;20.06;19.64;19.13;18.81;19.22;18.94;16.57;13.28;10.14;7.53;6.04;5.42;5.61;6.01;5.71;5.26;5.12;5.25;5.49;5.78;5.96;6.13;6.25;6.38;6.50;6.67;6.75;6.95;7.62;7.77;6.14;3.66;0.80;-1.69;-2.61;-2.25;
LAS_AC;-4.99;-5.60;-6.16;-4.97;-2.96;-1.67;-0.07;2.39;5.05;7.37;9.52;11.22;12.59;13.58;14.22;14.31;14.29;14.07;13.67;13.18;12.88;13.27;13.00;10.75;7.63;4.65;2.16;0.75;0.16;0.34;0.72;0.43;0.00;-0.13;0.00;0.23;0.50;0.67;0.83;0.95;1.07;1.19;1.34;1.42;1.62;2.25;2.39;0.84;-1.52;-4.23;-6.60;-7.47;-7.13;

----------------------------------------------------------


