PatientInformation
==========================================================
PatientID;No patientID
Name;,,
Date of Birth;
Sex;
Version;AutoStrainCap2 2.1.0.491925

Results
==========================================================
Global
----------------------------------------------------------
GLS(3P);-14.85;%
GLS(4Ch);-16.50;%
GLS(2Ch);-15.02;%
GLS(3Ch);-13.04;%
ED;0.00;ms
ES;304.36;ms

Results
==========================================================
Longitudinal Strain
T2P
Minimum
----------------------------------------------------------
Segment 0 [mean];331.55;ms
----------------------------------------------------------
Segment 1 [ant];305.97;ms
Segment 2 [ant/sept];362.33;ms
Segment 3 [inf/sept];438.02;ms
Segment 4 [inf];293.08;ms
Segment 5 [inf/lat];473.44;ms
Segment 6 [ant/lat];425.13;ms
----------------------------------------------------------
Segment 7 [ant];230.28;ms
Segment 8 [ant/sept];322.07;ms
Segment 9 [inf/sept];347.84;ms
Segment 10 [inf];262.49;ms
Segment 11 [inf/lat];400.98;ms
Segment 12 [ant/lat];354.28;ms
----------------------------------------------------------
Segment 13 [ant];239.94;ms
Segment 14 [ant/sept];299.53;ms
Segment 15 [inf/sept];330.12;ms
Segment 16 [inf];233.50;ms
Segment 17 [inf/lat];314.02;ms
Segment 18 [ant/lat];334.95;ms
----------------------------------------------------------


Results
==========================================================
Longitudinal Strain
End-systolic

----------------------------------------------------------
Segment 0 [mean];-13.73;%
----------------------------------------------------------
Segment 1 [ant];-12.73;%
Segment 2 [ant/sept];-3.97;%
Segment 3 [inf/sept];-1.98;%
Segment 4 [inf];-3.77;%
Segment 5 [inf/lat];-5.59;%
Segment 6 [ant/lat];-20.36;%
----------------------------------------------------------
Segment 7 [ant];-15.18;%
Segment 8 [ant/sept];-13.38;%
Segment 9 [inf/sept];-12.10;%
Segment 10 [inf];-14.37;%
Segment 11 [inf/lat];-15.79;%
Segment 12 [ant/lat];-18.45;%
----------------------------------------------------------
Segment 13 [ant];-12.05;%
Segment 14 [ant/sept];-20.58;%
Segment 15 [inf/sept];-20.77;%
Segment 16 [inf];-21.27;%
Segment 17 [inf/lat];-17.56;%
Segment 18 [ant/lat];-17.31;%
----------------------------------------------------------


Results
==========================================================
Longitudinal Strain
Peak-systolic

----------------------------------------------------------
Segment 0 [mean];-14.71;%
----------------------------------------------------------
Segment 1 [ant];-12.73;%
Segment 2 [ant/sept];-3.97;%
Segment 3 [inf/sept];-1.98;%
Segment 4 [inf];-4.15;%
Segment 5 [inf/lat];-5.59;%
Segment 6 [ant/lat];-20.36;%
----------------------------------------------------------
Segment 7 [ant];-18.60;%
Segment 8 [ant/sept];-13.38;%
Segment 9 [inf/sept];-12.10;%
Segment 10 [inf];-16.70;%
Segment 11 [inf/lat];-15.79;%
Segment 12 [ant/lat];-18.45;%
----------------------------------------------------------
Segment 13 [ant];-18.09;%
Segment 14 [ant/sept];-20.60;%
Segment 15 [inf/sept];-20.77;%
Segment 16 [inf];-26.58;%
Segment 17 [inf/lat];-17.56;%
Segment 18 [ant/lat];-17.31;%
----------------------------------------------------------


Curves
==========================================================
Longitudinal Strain
Unit [%]
Time [ms];0.00;16.10;32.21;48.31;64.41;80.52;96.62;112.72;128.83;144.93;161.04;177.14;193.24;209.35;225.45;241.55;257.66;273.76;289.86;305.97;322.07;338.17;354.28;370.38;386.49;402.59;418.69;434.80;450.90;467.00;483.11;499.21;515.31;531.42;547.52;563.62;579.73;595.83;611.93;628.04;644.14;660.25;676.35;692.45;708.56;724.66;740.76;756.87;772.97;789.07;805.18;821.28;837.38;853.49;869.59;885.70;901.80;917.90;934.01;950.11;966.21;
Total;0.00;0.06;0.04;-0.10;-0.65;-1.56;-2.68;-4.06;-5.45;-6.79;-8.00;-9.11;-10.14;-11.14;-11.99;-12.64;-13.21;-13.61;-13.84;-13.88;-13.62;-12.94;-11.77;-10.40;-9.13;-8.32;-7.94;-7.64;-7.18;-6.44;-5.45;-4.20;-2.81;-1.49;-0.50;0.07;0.36;0.58;0.73;0.84;0.92;1.03;1.18;1.30;1.38;1.45;1.61;1.79;1.91;1.88;1.75;1.52;1.24;0.99;0.88;0.95;1.15;1.46;1.76;1.81;1.22;
Segment 1;0.00;1.06;1.34;1.39;1.06;0.13;-0.84;-2.01;-2.98;-4.14;-5.23;-6.36;-7.14;-7.82;-8.15;-8.72;-9.76;-11.13;-12.10;-12.75;-12.10;-10.16;-5.17;0.08;4.56;5.19;4.43;3.12;2.71;2.85;3.42;4.27;4.96;5.30;4.69;3.91;3.17;3.39;3.83;4.43;4.40;4.25;3.83;3.36;2.87;2.61;2.84;3.17;3.32;2.95;2.38;1.80;1.57;1.50;1.61;1.89;2.13;2.30;1.91;1.40;0.41;
Segment 2;0.00;0.44;1.22;2.11;2.52;2.57;2.17;1.28;0.25;-0.54;-1.02;-1.45;-1.95;-2.41;-2.64;-2.94;-3.11;-3.15;-3.57;-4.01;-4.44;-4.92;-5.27;-5.23;-4.57;-3.89;-3.60;-3.74;-3.75;-3.85;-3.80;-3.18;-2.76;-2.30;-1.53;0.49;2.58;4.27;5.14;5.64;5.80;5.62;5.41;5.13;4.74;4.16;3.73;3.42;3.09;2.85;2.69;2.60;2.68;2.78;2.84;2.75;2.62;2.51;2.50;2.05;1.19;
Segment 3;0.00;0.75;1.59;2.47;2.65;2.50;2.19;2.07;2.03;1.99;1.73;1.31;0.93;0.54;0.14;-0.20;-0.65;-1.25;-1.67;-2.01;-2.37;-2.85;-3.71;-5.45;-7.27;-8.87;-9.57;-9.81;-9.74;-9.44;-9.09;-8.85;-8.84;-8.75;-8.28;-6.68;-4.20;-1.50;0.23;0.81;1.17;1.39;1.58;1.88;2.17;2.29;2.44;2.58;2.70;2.74;2.68;2.53;2.29;1.95;1.64;1.34;1.07;0.91;0.79;0.59;0.32;
Segment 4;0.00;-0.13;1.60;2.96;3.63;3.31;3.33;3.31;3.73;3.85;3.33;2.51;1.83;1.54;1.18;0.53;-1.29;-2.97;-4.12;-3.68;-2.47;-0.54;0.32;1.27;1.53;2.92;3.92;5.08;5.36;5.50;5.44;5.36;5.29;5.06;4.95;4.66;4.28;3.81;3.33;3.17;3.17;3.49;3.59;3.66;3.50;3.51;3.56;3.80;4.00;4.47;4.71;4.89;4.23;3.69;3.15;3.58;4.14;5.02;5.56;5.60;4.14;
Segment 5;0.00;1.20;2.81;4.47;5.34;5.56;4.99;3.59;2.04;0.84;0.09;-0.48;-1.11;-1.81;-2.60;-3.51;-4.35;-5.02;-5.38;-5.61;-5.87;-6.39;-6.90;-7.24;-7.29;-7.35;-7.78;-8.61;-9.44;-9.92;-9.80;-8.80;-6.80;-4.44;-2.32;-1.36;-1.04;-1.01;-0.73;-0.53;-0.44;-0.49;-0.55;-0.59;-0.56;-0.41;-0.17;0.11;0.36;0.45;0.46;0.46;0.55;0.67;0.75;0.70;0.63;0.69;0.99;0.99;0.64;
Segment 6;0.00;-0.53;-0.98;-1.34;-1.90;-2.64;-3.55;-5.12;-7.03;-8.93;-10.73;-12.39;-13.91;-15.01;-15.69;-16.29;-17.14;-18.39;-19.53;-20.43;-20.90;-21.40;-21.95;-22.49;-22.99;-23.41;-23.75;-23.72;-23.19;-22.16;-20.47;-18.02;-14.09;-9.45;-4.98;-2.09;-0.65;0.06;0.09;-0.40;-0.75;-0.69;-0.02;0.77;1.45;1.72;1.78;1.66;1.45;1.07;0.53;-0.17;-0.87;-1.47;-1.48;-1.14;-0.64;0.03;0.69;1.16;0.88;
Segment 7;0.00;-1.47;-0.97;-1.03;-2.65;-5.13;-7.51;-9.30;-10.79;-12.42;-14.26;-16.04;-17.32;-18.19;-18.59;-18.56;-18.55;-17.94;-16.79;-14.96;-12.37;-9.12;-5.99;-3.23;-1.46;-0.81;-1.09;-1.43;-1.24;-0.46;0.43;1.68;2.57;3.10;2.65;1.98;1.36;1.09;1.17;1.48;2.21;2.87;3.37;3.18;3.00;3.04;3.79;4.69;5.32;5.02;4.38;3.73;3.57;3.59;3.83;3.75;3.76;3.62;3.84;3.66;3.02;
Segment 8;0.00;-1.39;-2.82;-3.75;-3.12;-2.53;-2.62;-3.84;-5.29;-6.51;-7.40;-8.17;-9.01;-9.86;-10.61;-11.26;-11.83;-12.34;-12.94;-13.41;-13.63;-13.37;-12.87;-11.99;-10.60;-9.28;-8.32;-7.75;-7.05;-6.07;-4.69;-2.76;-0.88;0.81;2.14;2.50;2.39;2.10;1.99;1.81;1.51;1.08;0.73;0.41;0.14;0.05;0.29;0.72;1.14;1.32;1.30;1.15;0.96;0.79;0.70;0.78;0.95;1.12;1.24;1.42;1.06;
Segment 9;0.00;0.03;0.21;0.59;1.11;1.46;1.43;0.27;-1.46;-3.18;-4.58;-5.74;-6.83;-7.79;-8.63;-9.46;-10.24;-10.98;-11.61;-12.15;-12.61;-12.94;-12.99;-12.41;-11.72;-11.12;-11.15;-11.21;-11.01;-9.95;-8.44;-6.74;-5.08;-3.58;-2.38;-1.77;-1.67;-1.83;-1.83;-1.60;-1.39;-1.18;-0.98;-0.63;-0.17;0.43;1.08;1.65;1.87;1.95;1.95;1.98;1.98;1.95;1.81;1.65;1.52;1.67;1.88;1.84;1.17;
Segment 10;0.00;2.56;2.23;0.65;-0.72;-2.60;-4.38;-6.46;-8.27;-10.05;-11.71;-13.23;-14.59;-15.31;-15.91;-16.21;-16.66;-16.56;-15.82;-14.16;-11.78;-9.25;-6.08;-3.30;-0.98;-0.04;0.29;0.38;0.35;0.36;0.51;1.03;1.57;1.92;1.60;1.12;0.56;0.47;0.48;0.70;0.80;0.97;1.04;0.98;0.88;0.81;1.08;1.33;1.58;1.37;1.08;0.68;0.46;0.28;0.18;0.08;0.12;0.40;0.94;1.01;0.38;
Segment 11;0.00;-1.10;-1.69;-1.80;-1.72;-1.79;-2.36;-3.67;-5.15;-6.49;-7.62;-8.62;-9.64;-10.66;-11.67;-12.53;-13.34;-14.16;-15.04;-15.86;-16.49;-16.64;-16.78;-17.07;-17.61;-17.87;-17.29;-15.80;-13.91;-12.33;-10.93;-9.32;-7.14;-4.92;-3.16;-2.73;-2.89;-3.27;-3.38;-3.33;-3.18;-2.97;-2.73;-2.49;-2.24;-2.04;-1.79;-1.51;-1.26;-1.09;-0.96;-0.86;-0.71;-0.52;-0.26;0.14;0.66;1.39;2.37;2.87;2.12;
Segment 12;0.00;-0.07;-0.02;0.12;-0.21;-0.86;-1.77;-2.90;-4.18;-5.51;-6.71;-7.84;-9.02;-10.58;-12.50;-14.33;-15.84;-16.86;-17.76;-18.52;-19.19;-19.68;-19.91;-19.63;-19.13;-18.54;-18.29;-17.87;-17.09;-15.72;-13.83;-11.44;-8.90;-6.45;-4.32;-2.76;-1.79;-1.37;-1.42;-1.83;-2.18;-2.13;-1.43;-0.51;0.57;1.75;2.75;3.48;3.71;3.59;3.16;2.40;1.57;0.82;0.44;0.36;0.55;0.86;1.15;1.25;0.83;
Segment 13;0.00;4.36;4.16;3.20;1.15;-1.09;-3.68;-6.00;-8.28;-10.14;-11.48;-12.47;-13.46;-15.64;-17.43;-18.09;-17.26;-15.35;-13.09;-11.96;-10.85;-8.95;-5.07;-0.96;2.18;3.11;2.92;2.33;2.19;2.14;2.32;2.23;2.21;1.89;1.07;0.08;-0.68;-0.85;-0.76;-0.70;-0.84;-1.07;-1.35;-1.54;-1.82;-2.16;-2.62;-3.02;-3.22;-3.27;-3.26;-3.41;-3.78;-4.19;-4.37;-3.90;-3.21;-2.64;-2.74;-2.99;-3.25;
Segment 14;0.00;0.24;-0.07;-0.89;-1.95;-3.13;-4.55;-6.27;-8.18;-10.15;-12.09;-13.97;-15.77;-17.41;-18.80;-19.49;-19.84;-20.08;-20.51;-20.56;-20.06;-18.92;-17.10;-14.75;-12.08;-9.32;-6.95;-5.14;-3.78;-3.09;-2.75;-2.30;-1.41;-0.52;0.07;0.41;0.52;0.45;0.34;0.23;-0.06;-0.70;-1.38;-1.88;-2.11;-2.14;-1.95;-1.63;-1.29;-1.15;-1.21;-1.49;-2.05;-2.64;-3.09;-3.16;-3.03;-2.85;-2.75;-2.18;-1.23;
Segment 15;0.00;-0.88;-1.61;-2.24;-3.44;-5.00;-6.81;-8.70;-10.58;-12.38;-13.82;-14.94;-15.84;-16.70;-17.56;-18.29;-18.98;-19.66;-20.27;-20.83;-21.41;-21.39;-20.73;-19.29;-17.51;-15.64;-14.48;-13.46;-12.32;-10.31;-7.84;-5.14;-2.43;0.02;1.89;3.13;3.78;3.93;3.92;3.88;3.89;3.83;3.63;3.46;3.25;2.89;2.56;2.30;2.17;2.10;2.08;2.21;2.41;2.62;2.76;2.88;3.04;3.21;3.21;2.77;1.65;
Segment 16;0.00;-2.20;-2.66;-3.39;-6.10;-9.19;-12.35;-15.21;-17.71;-20.01;-21.57;-22.87;-24.05;-25.48;-26.45;-26.48;-25.71;-24.21;-22.52;-21.15;-19.85;-18.03;-14.75;-11.31;-8.31;-6.97;-6.48;-6.63;-6.68;-6.73;-6.43;-6.07;-5.45;-4.76;-4.12;-3.42;-2.92;-2.52;-2.23;-1.80;-1.20;-0.51;0.10;0.63;0.99;1.25;1.54;1.90;2.37;3.06;3.77;4.31;4.22;3.98;3.87;4.36;5.17;6.19;7.28;7.70;6.44;
Segment 17;0.00;-1.01;-2.00;-2.87;-3.49;-4.01;-4.59;-5.32;-6.15;-7.22;-8.51;-9.89;-11.31;-12.68;-13.89;-14.87;-15.72;-16.47;-17.17;-17.59;-17.59;-16.98;-16.23;-15.39;-14.48;-13.40;-12.16;-10.79;-9.38;-7.71;-5.91;-4.22;-2.68;-1.37;-0.42;-0.22;-0.31;-0.41;-0.12;0.37;1.06;1.93;2.70;3.07;2.96;2.65;2.19;1.66;1.13;0.78;0.51;0.27;-0.01;-0.22;-0.35;-0.40;-0.25;0.16;0.84;1.34;1.10;
Segment 18;0.00;-0.91;-1.76;-2.55;-3.70;-5.05;-6.54;-7.84;-8.99;-10.01;-11.00;-11.92;-12.75;-13.44;-14.00;-14.47;-15.06;-15.87;-16.65;-17.38;-18.11;-18.29;-17.73;-15.98;-13.75;-11.44;-10.31;-9.34;-8.16;-6.04;-3.51;-0.88;1.29;2.96;4.07;4.69;4.87;4.65;4.33;4.01;3.77;3.82;4.29;4.88;5.44;5.79;6.03;6.16;6.25;6.14;5.77;4.97;4.05;3.14;2.54;2.21;2.12;2.26;2.39;2.24;1.39;

----------------------------------------------------------


Curves
==========================================================
Longitudinal Strain Rate
Unit [1/s]
Time [ms];0.00;16.10;32.21;48.31;64.41;80.52;96.62;112.72;128.83;144.93;161.04;177.14;193.24;209.35;225.45;241.55;257.66;273.76;289.86;305.97;322.07;338.17;354.28;370.38;386.49;402.59;418.69;434.80;450.90;467.00;483.11;499.21;515.31;531.42;547.52;563.62;579.73;595.83;611.93;628.04;644.14;660.25;676.35;692.45;708.56;724.66;740.76;756.87;772.97;789.07;805.18;821.28;837.38;853.49;869.59;885.70;901.80;917.90;934.01;950.11;966.21;
Segment 1;0.75;0.42;0.07;-0.06;-0.41;-0.61;-0.67;-0.66;-0.66;-0.71;-0.70;-0.60;-0.45;-0.30;-0.24;-0.49;-0.79;-0.76;-0.54;-0.04;0.71;2.20;3.37;3.23;1.62;-0.21;-0.75;-0.59;-0.05;0.23;0.47;0.51;0.36;-0.09;-0.48;-0.53;-0.17;0.25;0.36;0.19;-0.08;-0.18;-0.29;-0.31;-0.26;-0.00;0.21;0.18;-0.07;-0.31;-0.38;-0.26;-0.08;0.01;0.13;0.17;0.15;-0.07;-0.28;-0.50;-0.46;
Segment 2;0.24;0.37;0.56;0.43;0.14;-0.10;-0.42;-0.63;-0.59;-0.39;-0.26;-0.29;-0.31;-0.21;-0.16;-0.16;-0.04;-0.13;-0.29;-0.26;-0.28;-0.28;-0.12;0.24;0.47;0.32;0.02;-0.06;-0.03;-0.06;0.23;0.36;0.25;0.32;0.88;1.36;1.22;0.79;0.40;0.21;-0.03;-0.14;-0.15;-0.20;-0.31;-0.33;-0.22;-0.20;-0.18;-0.12;-0.08;0.00;0.07;0.06;-0.01;-0.08;-0.08;-0.01;-0.12;-0.41;-0.66;
Segment 3;0.46;0.49;0.57;0.35;-0.02;-0.17;-0.15;-0.04;-0.01;-0.09;-0.22;-0.25;-0.24;-0.25;-0.23;-0.23;-0.34;-0.33;-0.23;-0.21;-0.25;-0.37;-0.82;-1.16;-1.11;-0.72;-0.26;-0.05;0.13;0.22;0.19;0.07;0.00;0.12;0.62;1.31;1.70;1.45;0.68;0.24;0.17;0.11;0.15;0.20;0.13;0.07;0.09;0.09;0.05;-0.01;-0.06;-0.12;-0.19;-0.21;-0.19;-0.18;-0.13;-0.07;-0.09;-0.15;-0.19;
Segment 4;-0.29;0.52;1.10;0.66;0.05;-0.14;-0.00;0.13;0.23;-0.13;-0.46;-0.50;-0.29;-0.17;-0.25;-0.79;-1.17;-0.95;-0.23;0.55;1.07;0.89;0.54;0.32;0.50;0.80;0.69;0.46;0.09;0.03;-0.06;-0.04;-0.10;-0.10;-0.11;-0.21;-0.26;-0.32;-0.21;-0.05;0.12;0.15;0.05;-0.04;-0.06;0.02;0.10;0.13;0.22;0.24;0.16;-0.16;-0.41;-0.38;-0.04;0.34;0.46;0.48;0.23;-0.32;-1.81;
Segment 5;0.70;0.87;1.08;0.82;0.33;-0.09;-0.64;-0.98;-0.88;-0.60;-0.38;-0.36;-0.41;-0.46;-0.53;-0.56;-0.48;-0.32;-0.17;-0.13;-0.24;-0.34;-0.28;-0.11;-0.00;-0.13;-0.41;-0.55;-0.43;-0.14;0.32;0.96;1.41;1.47;0.97;0.35;0.07;0.09;0.17;0.09;0.01;-0.04;-0.04;-0.01;0.06;0.13;0.16;0.17;0.11;0.02;-0.01;0.03;0.07;0.07;0.01;-0.05;-0.02;0.13;0.12;-0.11;-0.32;
Segment 6;-0.34;-0.31;-0.24;-0.27;-0.41;-0.48;-0.76;-1.12;-1.20;-1.15;-1.07;-1.00;-0.83;-0.53;-0.37;-0.43;-0.67;-0.78;-0.65;-0.41;-0.28;-0.33;-0.34;-0.33;-0.28;-0.25;-0.12;0.17;0.48;0.84;1.24;1.98;2.74;2.94;2.35;1.30;0.63;0.22;-0.18;-0.30;-0.12;0.24;0.49;0.48;0.30;0.09;-0.02;-0.10;-0.18;-0.28;-0.39;-0.45;-0.44;-0.20;0.13;0.26;0.37;0.43;0.39;0.08;-0.40;
Segment 7;-1.14;-0.27;0.33;-0.52;-1.36;-1.58;-1.30;-0.98;-0.95;-1.09;-1.16;-0.97;-0.67;-0.40;-0.09;0.00;0.16;0.55;0.91;1.37;1.86;2.03;1.87;1.44;0.75;0.06;-0.27;-0.08;0.33;0.52;0.68;0.70;0.47;0.02;-0.40;-0.43;-0.29;-0.05;0.11;0.34;0.46;0.39;0.09;-0.16;-0.08;0.25;0.56;0.53;0.11;-0.34;-0.44;-0.26;-0.03;0.11;0.05;-0.03;-0.06;0.04;0.05;-0.15;-1.15;
Segment 8;-0.86;-0.90;-0.82;-0.07;0.50;0.21;-0.43;-0.90;-0.86;-0.65;-0.49;-0.49;-0.53;-0.50;-0.44;-0.37;-0.33;-0.35;-0.35;-0.23;0.02;0.24;0.41;0.73;0.89;0.72;0.45;0.36;0.51;0.72;1.05;1.22;1.12;0.98;0.53;0.04;-0.16;-0.13;-0.07;-0.15;-0.24;-0.25;-0.20;-0.19;-0.13;0.05;0.22;0.29;0.19;0.04;-0.06;-0.11;-0.11;-0.09;-0.00;0.08;0.11;0.08;0.11;-0.01;-0.47;
Segment 9;0.00;0.05;0.17;0.30;0.29;0.15;-0.36;-0.96;-1.11;-0.98;-0.78;-0.69;-0.64;-0.56;-0.52;-0.50;-0.47;-0.43;-0.36;-0.31;-0.25;-0.14;0.18;0.43;0.44;0.17;-0.07;-0.00;0.38;0.83;1.02;1.06;0.99;0.86;0.57;0.20;-0.05;-0.08;0.08;0.15;0.13;0.12;0.16;0.25;0.33;0.40;0.40;0.25;0.08;0.02;0.00;0.01;-0.00;-0.05;-0.10;-0.11;0.01;0.14;0.09;-0.21;-0.60;
Segment 10;1.90;0.75;-0.77;-0.94;-1.00;-1.15;-1.20;-1.23;-1.11;-1.07;-0.99;-0.93;-0.64;-0.39;-0.27;-0.25;-0.15;0.25;0.74;1.30;1.53;1.79;1.90;1.63;1.02;0.33;0.11;0.01;-0.02;0.04;0.21;0.36;0.31;0.01;-0.28;-0.35;-0.21;-0.01;0.08;0.11;0.08;0.09;0.00;-0.06;-0.07;0.06;0.18;0.18;0.02;-0.17;-0.22;-0.20;-0.12;-0.09;-0.07;-0.03;0.09;0.29;0.24;-0.21;-0.35;
Segment 11;-0.74;-0.55;-0.20;0.02;0.04;-0.17;-0.60;-0.91;-0.89;-0.77;-0.65;-0.62;-0.63;-0.64;-0.58;-0.51;-0.50;-0.53;-0.54;-0.47;-0.23;-0.06;-0.12;-0.28;-0.30;0.07;0.66;1.11;1.10;0.90;0.90;1.19;1.41;1.31;0.69;0.02;-0.21;-0.17;-0.01;0.06;0.12;0.14;0.15;0.15;0.14;0.14;0.17;0.17;0.13;0.09;0.07;0.08;0.11;0.13;0.20;0.29;0.38;0.56;0.54;-0.03;-0.95;
Segment 12;-0.06;-0.01;0.09;-0.04;-0.32;-0.49;-0.64;-0.76;-0.82;-0.79;-0.72;-0.70;-0.83;-1.11;-1.20;-1.05;-0.77;-0.58;-0.52;-0.44;-0.37;-0.24;0.02;0.26;0.37;0.26;0.17;0.35;0.66;1.01;1.35;1.56;1.57;1.45;1.16;0.78;0.43;0.11;-0.17;-0.27;-0.12;0.24;0.53;0.62;0.72;0.70;0.55;0.30;0.03;-0.17;-0.38;-0.51;-0.51;-0.36;-0.14;0.04;0.17;0.20;0.15;-0.09;-0.41;
Segment 13;3.21;1.31;-0.55;-0.95;-1.37;-1.52;-1.55;-1.43;-1.31;-0.99;-0.70;-0.53;-1.00;-1.36;-0.81;0.06;0.90;1.41;1.07;0.60;0.83;1.82;2.63;2.37;1.27;0.14;-0.32;-0.25;-0.04;0.06;0.03;-0.04;-0.07;-0.36;-0.60;-0.58;-0.29;0.01;0.07;-0.02;-0.13;-0.17;-0.14;-0.14;-0.19;-0.25;-0.28;-0.19;-0.07;0.00;-0.03;-0.17;-0.26;-0.22;0.09;0.40;0.44;0.15;-0.13;-0.36;0.91;
Segment 14;0.20;0.00;-0.37;-0.60;-0.70;-0.80;-0.98;-1.14;-1.21;-1.22;-1.19;-1.15;-1.08;-0.97;-0.65;-0.29;-0.15;-0.22;-0.19;0.13;0.50;0.92;1.31;1.57;1.72;1.63;1.30;0.99;0.64;0.28;0.20;0.42;0.59;0.47;0.29;0.14;0.00;-0.06;-0.06;-0.10;-0.29;-0.43;-0.38;-0.23;-0.08;0.05;0.17;0.22;0.16;0.02;-0.10;-0.27;-0.38;-0.35;-0.16;0.04;0.11;0.07;0.19;0.48;0.69;
Segment 15;-0.56;-0.51;-0.38;-0.55;-0.88;-1.06;-1.16;-1.18;-1.16;-1.02;-0.79;-0.61;-0.53;-0.54;-0.50;-0.43;-0.43;-0.40;-0.36;-0.38;-0.21;0.20;0.67;1.03;1.19;0.95;0.64;0.62;0.96;1.43;1.62;1.70;1.63;1.36;0.96;0.58;0.23;0.02;-0.02;-0.01;-0.00;-0.09;-0.12;-0.11;-0.18;-0.22;-0.19;-0.12;-0.06;-0.03;0.04;0.11;0.13;0.11;0.07;0.09;0.11;0.07;-0.11;-0.48;-0.89;
Segment 16;-1.56;-0.81;-0.16;-1.07;-1.91;-1.97;-1.89;-1.66;-1.51;-1.20;-0.85;-0.74;-0.83;-0.81;-0.32;0.24;0.73;1.04;0.97;0.79;0.88;1.60;2.18;2.09;1.36;0.52;0.06;-0.09;-0.04;0.07;0.21;0.30;0.42;0.41;0.42;0.38;0.28;0.20;0.21;0.32;0.41;0.41;0.36;0.28;0.18;0.16;0.19;0.25;0.37;0.45;0.42;0.14;-0.14;-0.15;0.11;0.43;0.58;0.70;0.54;-0.01;-2.45;
Segment 17;-0.63;-0.63;-0.59;-0.46;-0.34;-0.33;-0.40;-0.48;-0.58;-0.74;-0.84;-0.88;-0.87;-0.81;-0.68;-0.56;-0.49;-0.46;-0.36;-0.15;0.20;0.45;0.49;0.54;0.61;0.72;0.82;0.86;0.95;1.10;1.09;1.01;0.89;0.73;0.36;-0.00;-0.09;0.05;0.26;0.37;0.50;0.53;0.37;0.07;-0.14;-0.24;-0.32;-0.34;-0.28;-0.19;-0.15;-0.16;-0.16;-0.11;-0.06;0.02;0.17;0.36;0.42;0.12;-0.45;
Segment 18;-0.58;-0.55;-0.49;-0.59;-0.79;-0.90;-0.88;-0.76;-0.67;-0.62;-0.60;-0.55;-0.47;-0.39;-0.31;-0.31;-0.45;-0.51;-0.46;-0.48;-0.32;0.08;0.73;1.29;1.49;1.08;0.58;0.62;1.01;1.49;1.64;1.52;1.19;0.86;0.53;0.25;-0.03;-0.19;-0.21;-0.19;-0.08;0.17;0.35;0.37;0.29;0.18;0.11;0.08;0.00;-0.14;-0.37;-0.55;-0.59;-0.48;-0.29;-0.13;0.03;0.11;0.03;-0.30;-0.73;

----------------------------------------------------------


Curves
==========================================================
Global Strain A2C
Unit [%]
Time [ms];0.00;16.10;32.21;48.31;64.41;80.52;96.62;112.72;128.83;144.93;161.04;177.14;193.24;209.35;225.45;241.55;257.66;273.76;289.86;305.97;322.07;338.17;354.28;370.38;386.49;402.59;418.69;434.80;450.90;467.00;483.11;499.21;515.31;531.42;547.52;563.62;579.73;595.83;611.93;628.04;644.14;660.25;676.35;692.45;708.56;724.66;740.76;756.87;772.97;789.07;805.18;821.28;837.38;853.49;869.59;885.70;901.80;917.90;934.01;950.11;966.21;
Total;0.00;0.73;0.96;0.63;-0.63;-2.46;-4.29;-6.01;-7.47;-8.93;-10.26;-11.52;-12.56;-13.61;-14.38;-14.75;-15.01;-14.82;-14.18;-13.24;-11.72;-9.51;-6.25;-2.98;-0.43;0.54;0.63;0.42;0.39;0.55;0.89;1.36;1.80;2.03;1.76;1.34;0.92;0.86;0.94;1.19;1.39;1.64;1.73;1.68;1.53;1.47;1.65;1.93;2.18;2.21;2.13;1.95;1.66;1.42;1.32;1.58;1.97;2.43;2.73;2.66;1.78;

----------------------------------------------------------


Curves
==========================================================
Global Strain Rate A2C
Unit [1/s]
Time [ms];0.00;16.10;32.21;48.31;64.41;80.52;96.62;112.72;128.83;144.93;161.04;177.14;193.24;209.35;225.45;241.55;257.66;273.76;289.86;305.97;322.07;338.17;354.28;370.38;386.49;402.59;418.69;434.80;450.90;467.00;483.11;499.21;515.31;531.42;547.52;563.62;579.73;595.83;611.93;628.04;644.14;660.25;676.35;692.45;708.56;724.66;740.76;756.87;772.97;789.07;805.18;821.28;837.38;853.49;869.59;885.70;901.80;917.90;934.01;950.11;966.21;
Total;0.50;0.32;-0.01;-0.49;-1.01;-1.17;-1.11;-0.98;-0.90;-0.87;-0.81;-0.71;-0.65;-0.58;-0.34;-0.20;-0.04;0.27;0.48;0.75;1.13;1.73;2.11;1.88;1.10;0.27;-0.09;-0.10;0.04;0.16;0.26;0.30;0.23;-0.02;-0.24;-0.29;-0.15;0.02;0.11;0.15;0.14;0.11;0.01;-0.07;-0.08;0.04;0.16;0.18;0.09;-0.02;-0.08;-0.15;-0.17;-0.12;0.05;0.21;0.28;0.26;0.10;-0.27;-0.86;

----------------------------------------------------------


Curves
==========================================================
Global Strain A3C
Unit [%]
Time [ms];0.00;16.10;32.21;48.31;64.41;80.52;96.62;112.72;128.83;144.93;161.04;177.14;193.24;209.35;225.45;241.55;257.66;273.76;289.86;305.97;322.07;338.17;354.28;370.38;386.49;402.59;418.69;434.80;450.90;467.00;483.11;499.21;515.31;531.42;547.52;563.62;579.73;595.83;611.93;628.04;644.14;660.25;676.35;692.45;708.56;724.66;740.76;756.87;772.97;789.07;805.18;821.28;837.38;853.49;869.59;885.70;901.80;917.90;934.01;950.11;966.21;
Total;0.00;-0.25;-0.36;-0.34;-0.30;-0.46;-1.08;-2.28;-3.65;-4.91;-5.99;-7.01;-8.05;-9.06;-9.98;-10.73;-11.36;-11.89;-12.45;-12.87;-13.04;-12.91;-12.60;-12.07;-11.29;-10.44;-9.64;-8.93;-8.17;-7.45;-6.59;-5.38;-3.85;-2.32;-1.02;-0.32;0.00;0.13;0.31;0.49;0.60;0.61;0.60;0.54;0.44;0.34;0.34;0.41;0.46;0.46;0.39;0.29;0.19;0.11;0.08;0.12;0.25;0.50;0.90;1.13;0.84;

----------------------------------------------------------


Curves
==========================================================
Global Strain Rate A3C
Unit [1/s]
Time [ms];0.00;16.10;32.21;48.31;64.41;80.52;96.62;112.72;128.83;144.93;161.04;177.14;193.24;209.35;225.45;241.55;257.66;273.76;289.86;305.97;322.07;338.17;354.28;370.38;386.49;402.59;418.69;434.80;450.90;467.00;483.11;499.21;515.31;531.42;547.52;563.62;579.73;595.83;611.93;628.04;644.14;660.25;676.35;692.45;708.56;724.66;740.76;756.87;772.97;789.07;805.18;821.28;837.38;853.49;869.59;885.70;901.80;917.90;934.01;950.11;966.21;
Total;-0.17;-0.12;-0.03;0.03;-0.01;-0.22;-0.58;-0.83;-0.83;-0.73;-0.64;-0.63;-0.64;-0.61;-0.52;-0.42;-0.35;-0.34;-0.32;-0.19;-0.01;0.14;0.26;0.41;0.52;0.52;0.46;0.46;0.45;0.47;0.63;0.87;0.98;0.91;0.63;0.30;0.12;0.09;0.12;0.09;0.03;-0.00;-0.02;-0.05;-0.07;-0.03;0.03;0.04;0.02;-0.02;-0.05;-0.07;-0.06;-0.04;-0.00;0.05;0.12;0.21;0.23;0.00;-0.38;

----------------------------------------------------------


Curves
==========================================================
Global Strain A4C
Unit [%]
Time [ms];0.00;16.10;32.21;48.31;64.41;80.52;96.62;112.72;128.83;144.93;161.04;177.14;193.24;209.35;225.45;241.55;257.66;273.76;289.86;305.97;322.07;338.17;354.28;370.38;386.49;402.59;418.69;434.80;450.90;467.00;483.11;499.21;515.31;531.42;547.52;563.62;579.73;595.83;611.93;628.04;644.14;660.25;676.35;692.45;708.56;724.66;740.76;756.87;772.97;789.07;805.18;821.28;837.38;853.49;869.59;885.70;901.80;917.90;934.01;950.11;966.21;
Total;0.00;-0.30;-0.48;-0.58;-1.04;-1.75;-2.68;-3.89;-5.23;-6.54;-7.73;-8.81;-9.81;-10.74;-11.63;-12.43;-13.25;-14.12;-14.88;-15.53;-16.08;-16.41;-16.48;-16.17;-15.65;-15.06;-14.80;-14.42;-13.75;-12.42;-10.65;-8.59;-6.38;-4.17;-2.25;-0.80;0.17;0.75;0.96;0.86;0.78;0.86;1.21;1.69;2.18;2.54;2.83;3.03;3.08;2.97;2.72;2.32;1.88;1.45;1.23;1.16;1.23;1.46;1.66;1.64;1.04;

----------------------------------------------------------


Curves
==========================================================
Global Strain Rate A4C
Unit [1/s]
Time [ms];0.00;16.10;32.21;48.31;64.41;80.52;96.62;112.72;128.83;144.93;161.04;177.14;193.24;209.35;225.45;241.55;257.66;273.76;289.86;305.97;322.07;338.17;354.28;370.38;386.49;402.59;418.69;434.80;450.90;467.00;483.11;499.21;515.31;531.42;547.52;563.62;579.73;595.83;611.93;628.04;644.14;660.25;676.35;692.45;708.56;724.66;740.76;756.87;772.97;789.07;805.18;821.28;837.38;853.49;869.59;885.70;901.80;917.90;934.01;950.11;966.21;
Total;-0.19;-0.16;-0.06;-0.15;-0.37;-0.51;-0.67;-0.81;-0.83;-0.78;-0.70;-0.64;-0.60;-0.57;-0.52;-0.50;-0.53;-0.51;-0.44;-0.38;-0.28;-0.13;0.08;0.27;0.37;0.26;0.17;0.30;0.62;0.98;1.20;1.34;1.39;1.30;1.06;0.74;0.47;0.24;0.02;-0.08;-0.01;0.14;0.27;0.31;0.27;0.20;0.15;0.08;-0.02;-0.11;-0.21;-0.27;-0.28;-0.21;-0.08;0.00;0.10;0.15;0.08;-0.18;-0.54;

----------------------------------------------------------


