PatientInformation
==========================================================
PatientID;No patientID
Name;,,
Date of Birth;
Sex;
Version;AutoStrainCap2 2.1.0.491925

Results
==========================================================
Global
----------------------------------------------------------
RVFWSL;-26.77;%
RV4CSL;-21.00;%
ED;0.00;ms
ES;347.29;ms

Curves
==========================================================
Longitudinal Strain
Unit [%]
Time [ms];0.00;20.43;40.86;61.29;81.72;102.14;122.57;143.00;163.43;183.86;204.29;224.72;245.15;265.57;286.00;306.43;326.86;347.29;367.72;388.15;408.58;429.01;449.43;469.86;490.29;510.72;531.15;551.58;572.01;592.44;612.86;633.29;653.72;674.15;694.58;715.01;735.44;755.87;776.29;796.72;817.15;837.58;858.01;878.44;898.87;919.30;939.73;960.15;980.58;1001.01;1021.44;1041.87;1062.30;
Basal;0.00;0.88;0.59;-0.63;-2.32;-3.98;-5.57;-7.04;-8.81;-11.05;-13.16;-14.51;-15.48;-16.48;-17.55;-18.74;-19.64;-19.81;-18.78;-17.45;-15.51;-14.10;-12.96;-11.74;-9.97;-7.15;-4.16;-1.82;-0.30;0.32;0.57;0.88;0.82;-0.12;-1.34;-2.23;-2.94;-3.52;-4.08;-4.74;-5.35;-5.82;-6.21;-6.59;-6.42;-5.15;-3.31;-1.32;0.28;0.83;0.62;-0.30;-0.91;
Mid;0.00;0.45;-0.12;-1.42;-3.16;-5.06;-6.96;-8.74;-10.83;-13.39;-15.86;-17.64;-19.05;-20.42;-21.82;-23.33;-24.49;-24.82;-24.00;-22.54;-20.55;-19.09;-17.92;-16.69;-14.94;-12.09;-9.10;-6.89;-5.47;-4.73;-4.38;-4.28;-4.50;-5.18;-6.02;-6.63;-7.08;-7.44;-7.76;-8.12;-8.44;-8.71;-8.96;-9.22;-8.96;-7.66;-5.70;-3.47;-1.52;-0.40;-0.07;-0.58;-0.93;
Apical;0.00;-0.25;-1.48;-3.34;-5.50;-7.49;-9.46;-11.54;-14.13;-17.20;-20.21;-22.56;-24.53;-26.51;-28.48;-30.51;-32.16;-33.11;-32.99;-31.54;-29.57;-28.09;-26.78;-25.17;-23.06;-20.07;-16.96;-14.37;-12.51;-11.50;-10.88;-10.41;-10.25;-10.67;-11.28;-11.57;-11.71;-11.73;-11.72;-11.76;-11.77;-11.73;-11.67;-11.66;-11.17;-9.75;-7.69;-5.27;-3.08;-1.71;-1.02;-1.13;-1.17;

----------------------------------------------------------


