PatientInformation
==========================================================
PatientID;No patientID
Name;,,
Date of Birth;
Sex;
Version;AutoStrainCap2 2.1.0.491925

Results
==========================================================
Global
----------------------------------------------------------
LaSr_ED;36.36;%
LaScd_ED;-25.50;%
LaSct_ED;-10.86;%
LaSr_AC;32.82;%
LaScd_AC;-23.02;%
LaSct_AC;-9.80;%
ED;0.00;ms
ES;353.08;ms
PreA;791.99;ms

Curves
==========================================================
Longitudinal Strain
Unit [%]
Time [ms];0.00;19.51;39.01;58.52;78.03;97.54;117.04;136.55;156.06;175.56;195.07;214.58;234.09;253.59;273.10;292.61;312.12;331.62;351.13;370.64;390.14;409.65;429.16;448.67;468.17;487.68;507.19;526.69;546.20;565.71;585.22;604.72;624.23;643.74;663.24;682.75;702.26;721.77;741.27;760.78;780.29;799.79;819.30;838.81;858.32;877.82;897.33;916.84;936.35;955.85;975.36;994.87;1014.37;1033.88;1053.39;1072.90;1092.40;1111.91;1131.42;1150.92;1170.43;1189.94;1209.45;
LAS_ED;0.00;-1.26;-1.82;0.88;4.33;7.81;11.47;14.82;18.13;21.29;23.80;26.12;28.19;30.23;32.03;33.70;35.00;35.96;36.36;36.11;35.62;35.29;35.81;35.86;34.73;30.72;25.41;19.75;15.76;12.71;11.58;10.70;11.18;11.63;11.79;11.71;11.79;11.56;11.41;11.18;10.98;10.80;10.74;10.75;10.84;10.97;10.90;10.88;10.83;10.93;10.98;11.17;11.32;11.24;10.31;8.22;5.34;2.29;-0.47;-2.65;-3.68;-3.54;-2.16;
LAS_AC;-9.75;-10.88;-11.39;-8.95;-5.84;-2.70;0.61;3.63;6.62;9.47;11.73;13.83;15.70;17.53;19.17;20.67;21.85;22.71;23.07;22.84;22.40;22.11;22.57;22.62;21.60;17.98;13.19;8.08;4.48;1.73;0.70;-0.09;0.35;0.76;0.89;0.82;0.89;0.69;0.56;0.34;0.16;0.00;-0.05;-0.04;0.04;0.15;0.09;0.07;0.03;0.12;0.17;0.33;0.47;0.40;-0.44;-2.32;-4.92;-7.68;-10.17;-12.14;-13.06;-12.94;-11.69;

----------------------------------------------------------


