PatientInformation
==========================================================
PatientID;No patientID
Name;,,
Date of Birth;
Sex;
Version;AutoStrainCap2 2.1.0.491925

Results
==========================================================
Global
----------------------------------------------------------
RVFWSL;-28.34;%
RV4CSL;-26.85;%
ED;0.00;ms
ES;378.65;ms

Curves
==========================================================
Longitudinal Strain
Unit [%]
Time [ms];0.00;12.50;24.99;37.49;49.99;62.48;74.98;87.48;99.97;112.47;124.97;137.46;149.96;162.46;174.96;187.45;199.95;212.45;224.94;237.44;249.94;262.43;274.93;287.43;299.92;312.42;324.92;337.41;349.91;362.41;374.90;387.40;399.90;412.39;424.89;437.39;449.88;462.38;474.88;487.38;499.87;512.37;524.87;537.36;549.86;562.36;574.85;587.35;599.85;612.34;624.84;637.34;649.83;662.33;674.83;687.32;699.82;712.32;724.81;737.31;749.81;762.30;774.80;787.30;799.80;812.29;824.79;837.29;849.78;862.28;874.78;887.27;899.77;912.27;924.76;937.26;949.76;962.25;974.75;987.25;999.74;1012.24;1024.74;1037.23;1049.73;1062.23;1074.72;1087.22;1099.72;1112.22;1124.71;1137.21;1149.71;1162.20;1174.70;1187.20;1199.69;1212.19;1224.69;1237.18;1249.68;
Basal;0.00;1.24;3.09;5.06;5.97;6.66;6.11;5.62;4.86;3.90;2.55;0.67;-1.53;-3.83;-6.11;-8.29;-10.29;-12.23;-14.26;-16.58;-19.40;-22.32;-24.68;-26.61;-28.47;-30.23;-31.80;-33.12;-34.08;-34.57;-34.42;-33.53;-32.07;-30.22;-28.54;-26.72;-24.78;-22.65;-20.15;-17.20;-13.95;-10.78;-7.58;-4.53;-1.60;1.01;3.37;5.32;6.95;8.22;9.18;9.77;10.10;10.17;10.04;9.69;9.23;8.64;8.01;7.40;6.88;6.46;6.16;5.93;5.73;5.52;5.34;5.12;4.90;4.69;4.50;4.36;4.23;4.13;4.04;3.96;3.84;3.73;3.60;3.46;3.30;3.14;2.98;2.86;2.78;2.83;2.93;3.31;4.02;5.16;6.84;9.25;11.94;14.37;16.19;16.69;15.44;12.82;9.56;5.99;2.64;
Mid;0.00;1.54;3.49;5.29;5.21;4.57;3.02;1.42;-0.42;-2.29;-4.21;-6.00;-7.74;-9.36;-10.86;-12.21;-13.46;-14.64;-15.81;-16.99;-17.95;-18.81;-19.73;-20.78;-21.77;-22.68;-23.37;-23.90;-24.20;-24.26;-24.09;-23.64;-22.97;-22.08;-21.26;-20.33;-19.21;-17.97;-16.52;-14.80;-12.69;-10.26;-7.62;-4.93;-2.36;-0.03;1.86;3.39;4.56;5.47;6.10;6.67;7.03;7.23;7.23;7.08;6.77;6.35;5.89;5.43;5.02;4.62;4.31;4.05;3.84;3.65;3.48;3.31;3.14;2.98;2.82;2.69;2.57;2.45;2.35;2.26;2.16;2.08;2.00;1.90;1.80;1.70;1.59;1.48;1.38;1.26;1.00;0.88;1.04;1.57;2.61;4.05;5.75;7.29;8.37;8.61;8.21;6.96;5.17;3.16;1.23;
Apical;0.00;1.00;2.65;4.27;4.06;3.43;2.15;0.81;-0.74;-2.34;-3.95;-5.63;-7.21;-8.71;-10.10;-11.38;-12.62;-13.78;-14.84;-15.84;-16.75;-18.06;-19.29;-20.51;-21.64;-22.74;-23.72;-24.65;-25.44;-26.11;-26.66;-26.85;-26.91;-26.80;-26.38;-25.88;-25.14;-24.28;-23.18;-21.89;-20.33;-18.67;-16.81;-14.87;-12.92;-11.02;-9.30;-7.73;-6.40;-5.29;-4.47;-3.88;-3.57;-3.46;-3.55;-3.77;-4.04;-4.37;-4.74;-5.09;-5.38;-5.59;-5.71;-5.76;-5.77;-5.74;-5.71;-5.66;-5.61;-5.55;-5.50;-5.46;-5.43;-5.40;-5.37;-5.33;-5.29;-5.24;-5.18;-5.11;-5.05;-4.96;-4.88;-4.82;-4.79;-4.76;-4.72;-4.53;-4.06;-3.22;-1.84;0.19;2.57;4.90;6.90;8.09;8.17;7.31;5.82;3.91;1.73;

----------------------------------------------------------


