PatientInformation
==========================================================
PatientID;No patientID
Name;,,
Date of Birth;
Sex;
Version;AutoStrainCap2 2.1.0.491925

Results
==========================================================
Global
----------------------------------------------------------
LaSr_ED;15.97;%
LaScd_ED;-19.67;%
LaSct_ED;3.71;%
LaSr_AC;16.57;%
LaScd_AC;-20.42;%
LaSct_AC;3.85;%
ED;0.00;ms
ES;282.04;ms
PreA;548.74;ms

Curves
==========================================================
Longitudinal Strain
Unit [%]
Time [ms];0.00;11.80;23.60;35.40;47.20;59.00;70.80;82.61;94.41;106.21;118.01;129.81;141.61;153.41;165.21;177.01;188.81;200.61;212.41;224.22;236.02;247.82;259.62;271.42;283.22;295.02;306.82;318.62;330.42;342.22;354.02;365.83;377.63;389.43;401.23;413.03;424.83;436.63;448.43;460.23;472.03;483.83;495.63;507.43;519.24;531.04;542.84;554.64;566.44;578.24;590.04;601.84;613.64;625.44;637.24;649.04;660.85;672.65;684.45;696.25;708.05;719.85;731.65;743.45;755.25;767.05;778.85;790.65;802.46;
LAS_ED;0.00;-1.57;-2.63;-2.51;-2.55;-2.60;-2.18;-1.19;0.31;1.83;3.27;4.52;5.79;7.05;8.31;9.43;10.20;10.86;11.51;12.27;13.09;13.97;14.92;15.68;15.96;15.57;14.81;14.01;13.48;12.95;12.24;11.06;9.81;8.16;6.20;3.98;1.75;-0.35;-2.12;-3.42;-3.93;-4.05;-3.89;-3.96;-3.95;-3.91;-3.77;-3.66;-3.65;-3.99;-4.43;-4.92;-5.19;-5.30;-5.06;-4.53;-3.95;-3.69;-4.32;-5.10;-5.66;-5.31;-4.66;-4.18;-4.32;-4.54;-4.12;-2.66;-0.92;
LAS_AC;3.80;2.17;1.07;1.19;1.15;1.10;1.53;2.57;4.11;5.70;7.19;8.49;9.81;11.12;12.43;13.58;14.39;15.07;15.74;16.53;17.38;18.30;19.28;20.07;20.37;19.96;19.17;18.34;17.78;17.23;16.50;15.27;13.98;12.27;10.23;7.93;5.62;3.43;1.60;0.24;-0.29;-0.41;-0.24;-0.32;-0.31;-0.26;-0.11;0.00;0.01;-0.35;-0.80;-1.31;-1.59;-1.71;-1.46;-0.90;-0.30;-0.04;-0.69;-1.50;-2.07;-1.71;-1.04;-0.55;-0.68;-0.91;-0.48;1.03;2.84;

----------------------------------------------------------


