PatientInformation
==========================================================
PatientID;No patientID
Name;,,
Date of Birth;
Sex;
Version;AutoStrainCap2 2.1.0.491925

Results
==========================================================
Global
----------------------------------------------------------
RVFWSL;-16.55;%
RV4CSL;-15.83;%
ED;0.00;ms
ES;318.57;ms

Curves
==========================================================
Longitudinal Strain
Unit [%]
Time [ms];0.00;11.71;23.42;35.14;46.85;58.56;70.27;81.98;93.70;105.41;117.12;128.83;140.54;152.26;163.97;175.68;187.39;199.10;210.82;222.53;234.24;245.95;257.66;269.38;281.09;292.80;304.51;316.22;327.94;339.65;351.36;363.07;374.78;386.50;398.21;409.92;421.63;433.34;445.06;456.77;468.48;480.19;491.90;503.62;515.33;527.04;538.75;550.46;562.18;573.89;585.60;597.31;609.02;620.74;632.45;644.16;655.87;
Basal;0.00;-1.42;-2.99;-2.71;-1.93;-2.13;-2.61;-3.14;-3.62;-4.20;-5.10;-6.34;-7.57;-8.54;-9.31;-10.14;-10.88;-11.33;-11.65;-12.04;-12.38;-12.58;-12.88;-13.36;-13.87;-14.31;-14.61;-14.87;-14.89;-14.63;-14.22;-13.74;-13.07;-11.87;-10.17;-7.91;-5.82;-4.80;-4.43;-4.72;-5.16;-5.18;-4.95;-4.47;-3.91;-3.50;-3.07;-2.52;-2.00;-1.75;-1.68;-1.70;-1.79;-1.80;-1.74;-1.53;-1.03;
Mid;0.00;-1.13;-2.09;-1.94;-1.63;-2.37;-3.36;-4.18;-4.93;-5.83;-7.04;-8.50;-9.87;-11.04;-12.06;-13.26;-14.45;-15.37;-16.07;-16.59;-16.91;-17.01;-17.14;-17.33;-17.46;-17.36;-17.01;-16.68;-16.06;-15.16;-14.07;-13.02;-12.10;-11.15;-10.08;-8.49;-7.09;-6.40;-6.14;-6.28;-6.40;-6.23;-5.85;-5.27;-4.57;-3.95;-3.32;-2.75;-2.24;-1.90;-1.67;-1.34;-1.04;-0.79;-0.48;0.01;0.34;
Apical;0.00;-1.04;-1.99;-2.00;-1.83;-2.10;-2.51;-3.28;-4.16;-5.36;-6.80;-8.10;-9.23;-10.43;-11.42;-12.39;-13.16;-13.57;-13.90;-14.35;-14.90;-15.41;-16.02;-16.51;-16.87;-17.12;-17.09;-16.97;-16.61;-16.08;-15.61;-15.40;-15.16;-14.26;-12.98;-10.78;-8.99;-8.40;-8.27;-8.52;-8.75;-8.58;-8.18;-7.46;-6.60;-5.88;-5.17;-4.54;-3.96;-3.51;-3.16;-2.77;-2.42;-2.09;-1.57;-0.71;0.02;

----------------------------------------------------------


