PatientInformation
==========================================================
PatientID;No patientID
Name;,,
Date of Birth;
Sex;
Version;AutoStrainCap2 2.1.0.491925

Results
==========================================================
Global
----------------------------------------------------------
LaSr_ED;23.97;%
LaScd_ED;-11.20;%
LaSct_ED;-12.77;%
LaSr_AC;21.28;%
LaScd_AC;-9.94;%
LaSct_AC;-11.34;%
ED;0.00;ms
ES;397.12;ms
PreA;732.32;ms

Curves
==========================================================
Longitudinal Strain
Unit [%]
Time [ms];0.00;21.35;42.70;64.05;85.40;106.75;128.10;149.45;170.80;192.15;213.50;234.85;256.20;277.56;298.91;320.26;341.61;362.96;384.31;405.66;427.01;448.36;469.71;491.06;512.41;533.76;555.11;576.46;597.81;619.16;640.51;661.86;683.21;704.56;725.91;747.26;768.61;789.96;811.32;832.67;854.02;875.37;896.72;918.07;939.42;960.77;982.12;1003.47;1024.82;1046.17;
LAS_ED;0.00;1.87;0.62;1.59;3.66;7.99;11.83;13.86;15.24;16.15;17.10;18.95;20.82;21.87;22.71;23.61;23.95;23.66;23.89;23.94;23.39;21.79;18.93;14.99;11.22;9.88;9.57;8.74;8.47;9.38;10.78;11.29;11.84;12.27;12.62;13.16;13.63;13.72;13.94;14.32;14.61;15.11;15.49;16.13;16.40;15.50;13.21;8.52;3.57;1.27;
LAS_AC;-11.21;-9.55;-10.66;-9.79;-7.96;-4.12;-0.71;1.10;2.32;3.13;3.97;5.62;7.28;8.21;8.96;9.75;10.06;9.79;10.01;10.04;9.56;8.14;5.60;2.10;-1.24;-2.44;-2.72;-3.45;-3.69;-2.88;-1.64;-1.18;-0.70;-0.32;0.00;0.48;0.89;0.98;1.17;1.50;1.76;2.21;2.55;3.11;3.36;2.55;0.52;-3.65;-8.04;-10.08;

----------------------------------------------------------


