PatientInformation
==========================================================
PatientID;No patientID
Name;,,
Date of Birth;
Sex;
Version;AutoStrainCap2 2.1.0.491925

Results
==========================================================
Global
----------------------------------------------------------
LaSr_ED;24.71;%
LaScd_ED;-13.91;%
LaSct_ED;-10.80;%
LaSr_AC;22.28;%
LaScd_AC;-12.54;%
LaSct_AC;-9.74;%
ED;0.00;ms
ES;456.47;ms
PreA;715.91;ms

Curves
==========================================================
Longitudinal Strain
Unit [%]
Time [ms];0.00;19.51;39.01;58.52;78.03;97.54;117.04;136.55;156.06;175.56;195.07;214.58;234.09;253.59;273.10;292.61;312.12;331.62;351.13;370.64;390.14;409.65;429.16;448.67;468.17;487.68;507.19;526.69;546.20;565.71;585.22;604.72;624.23;643.74;663.24;682.75;702.26;721.77;741.27;760.78;780.29;799.80;819.30;838.81;858.32;877.82;897.33;916.84;936.35;955.85;
LAS_ED;0.00;-0.88;-0.71;0.71;2.41;4.38;6.40;7.90;9.70;11.95;14.45;16.89;18.85;20.11;21.01;21.84;22.54;22.85;23.04;23.12;23.22;23.74;24.23;24.66;24.55;23.45;21.85;19.36;17.05;14.85;13.35;12.54;12.05;11.74;11.32;10.97;10.69;10.89;11.09;10.92;10.40;9.52;8.36;6.84;4.87;2.68;0.64;-0.23;-0.39;0.14;
LAS_AC;-9.82;-10.61;-10.46;-9.18;-7.65;-5.87;-4.04;-2.69;-1.07;0.96;3.22;5.41;7.18;8.31;9.13;9.87;10.51;10.79;10.96;11.03;11.12;11.59;12.03;12.42;12.32;11.33;9.88;7.64;5.55;3.57;2.22;1.49;1.05;0.77;0.39;0.08;-0.18;0.00;0.18;0.03;-0.44;-1.23;-2.28;-3.65;-5.43;-7.40;-9.24;-10.03;-10.17;-9.69;

----------------------------------------------------------


