PatientInformation
==========================================================
PatientID;No patientID
Name;,,
Date of Birth;
Sex;
Version;AutoStrainCap2 2.1.0.491925

Results
==========================================================
Global
----------------------------------------------------------
RVFWSL;-33.98;%
RV4CSL;-26.84;%
ED;0.00;ms
ES;363.48;ms

Curves
==========================================================
Longitudinal Strain
Unit [%]
Time [ms];0.00;17.82;35.64;53.45;71.27;89.09;106.91;124.72;142.54;160.36;178.18;195.99;213.81;231.63;249.45;267.26;285.08;302.90;320.72;338.53;356.35;374.17;391.99;409.81;427.62;445.44;463.26;481.08;498.89;516.71;534.53;552.35;570.16;587.98;605.80;623.62;641.43;659.25;677.07;694.89;712.70;730.52;748.34;766.16;783.98;801.79;819.61;837.43;855.25;873.06;890.88;908.70;926.52;944.33;962.15;979.97;997.79;
Basal;0.00;-1.04;-2.03;-3.62;-5.65;-8.12;-10.46;-12.26;-14.37;-18.00;-21.29;-23.00;-23.95;-24.97;-26.65;-29.72;-32.64;-33.75;-33.96;-34.10;-33.95;-33.28;-31.97;-29.60;-26.76;-23.80;-20.79;-18.06;-15.54;-13.44;-11.60;-10.41;-9.28;-7.53;-5.83;-4.86;-4.52;-5.02;-5.66;-6.06;-6.24;-6.25;-6.24;-6.28;-6.05;-5.29;-5.41;-7.42;-8.95;-7.38;-4.24;-1.38;0.71;1.32;1.44;1.66;1.38;
Mid;0.00;-0.76;-1.34;-3.47;-6.34;-9.32;-11.92;-13.88;-16.09;-19.33;-22.35;-24.32;-25.66;-26.68;-28.23;-31.19;-33.97;-35.10;-35.40;-35.68;-35.72;-35.50;-34.50;-31.94;-28.63;-25.12;-21.68;-19.01;-16.55;-14.33;-12.14;-10.06;-7.91;-5.34;-3.15;-2.43;-2.59;-3.15;-3.85;-4.40;-4.85;-5.54;-6.14;-6.37;-6.23;-5.66;-5.65;-7.08;-7.61;-4.85;-0.94;1.68;3.03;3.07;2.78;3.05;2.49;
Apical;0.00;0.20;0.30;-1.51;-4.07;-6.38;-8.18;-9.75;-11.77;-15.29;-18.60;-20.48;-21.72;-22.98;-24.57;-26.91;-29.04;-29.99;-30.41;-30.90;-31.22;-31.29;-30.90;-29.41;-27.47;-25.34;-23.05;-21.17;-18.94;-16.28;-13.60;-11.98;-10.53;-8.28;-6.16;-4.96;-4.58;-4.92;-5.63;-6.28;-6.72;-6.93;-7.04;-7.24;-7.24;-6.88;-6.92;-7.98;-8.15;-5.71;-2.22;0.48;2.00;2.20;2.00;2.26;1.86;

----------------------------------------------------------


