PatientInformation
==========================================================
PatientID;No patientID
Name;,,
Date of Birth;
Sex;
Version;AutoStrainCap2 2.1.0.491925

Results
==========================================================
Global
----------------------------------------------------------
LaSr_ED;13.50;%
LaScd_ED;-13.16;%
LaSct_ED;-0.34;%
LaSr_AC;13.46;%
LaScd_AC;-13.12;%
LaSct_AC;-0.34;%
ED;0.00;ms
ES;292.61;ms
PreA;468.17;ms

Curves
==========================================================
Longitudinal Strain
Unit [%]
Time [ms];0.00;19.51;39.01;58.52;78.03;97.54;117.04;136.55;156.06;175.56;195.07;214.58;234.09;253.59;273.10;292.61;312.11;331.62;351.13;370.64;390.14;409.65;429.16;448.67;468.17;487.68;507.19;526.69;546.20;565.71;585.22;604.72;624.23;
LAS_ED;0.00;0.55;0.31;0.48;1.25;2.78;4.29;5.34;5.76;6.64;8.34;9.67;11.39;11.80;13.06;13.50;13.14;12.60;11.84;11.73;11.54;8.71;6.17;2.85;0.34;-1.98;-2.21;-2.33;-2.16;-2.68;-1.91;-0.68;-0.10;
LAS_AC;-0.34;0.20;-0.03;0.14;0.90;2.42;3.93;4.98;5.39;6.28;7.97;9.30;11.01;11.42;12.68;13.12;12.75;12.21;11.46;11.35;11.16;8.34;5.81;2.50;0.00;-2.32;-2.54;-2.66;-2.49;-3.01;-2.24;-1.02;-0.44;

----------------------------------------------------------


