PatientInformation
==========================================================
PatientID;No patientID
Name;,,
Date of Birth;
Sex;
Version;AutoStrainCap2 2.1.0.491925

Results
==========================================================
Global
----------------------------------------------------------
RVFWSL;-40.50;%
RV4CSL;-31.12;%
ED;0.00;ms
ES;303.81;ms

Curves
==========================================================
Longitudinal Strain
Unit [%]
Time [ms];0.00;11.09;22.18;33.26;44.35;55.44;66.53;77.62;88.70;99.79;110.88;121.97;133.06;144.14;155.23;166.32;177.41;188.50;199.58;210.67;221.76;232.85;243.94;255.02;266.11;277.20;288.29;299.38;310.46;321.55;332.64;343.73;354.82;365.90;376.99;388.08;399.17;410.26;421.34;432.43;443.52;454.61;465.70;476.78;487.87;498.96;510.05;521.14;532.22;543.31;554.40;565.49;576.58;587.66;598.75;609.84;620.93;632.02;643.10;654.19;665.28;676.37;
Basal;0.00;-1.12;-3.28;-4.91;-5.58;-5.48;-5.65;-6.43;-7.82;-9.14;-10.14;-10.76;-11.20;-11.56;-12.00;-12.65;-13.66;-15.06;-16.92;-19.25;-21.95;-24.86;-27.86;-30.78;-33.47;-35.76;-37.46;-38.34;-38.36;-37.23;-34.89;-31.01;-26.86;-23.34;-21.72;-21.05;-20.82;-20.07;-18.78;-16.49;-13.16;-9.24;-5.63;-3.07;-1.28;0.22;1.55;2.87;3.99;4.91;5.58;6.00;6.27;6.05;5.27;3.61;1.66;-0.21;-1.53;-2.24;-1.94;-1.20;
Mid;0.00;-0.66;-2.16;-3.20;-3.23;-2.59;-2.39;-3.22;-4.78;-6.35;-7.60;-8.55;-9.37;-10.21;-11.17;-12.38;-13.94;-15.86;-18.11;-20.70;-23.48;-26.32;-29.08;-31.67;-34.03;-36.06;-37.60;-38.46;-38.61;-37.75;-35.80;-32.58;-29.10;-26.20;-24.85;-24.31;-23.87;-22.56;-20.51;-17.60;-14.26;-10.64;-7.56;-5.79;-4.75;-3.67;-1.90;0.23;2.13;3.65;4.67;5.32;5.60;5.39;4.61;3.10;1.28;-0.50;-1.93;-2.72;-2.54;-1.46;
Apical;0.00;-1.20;-3.38;-5.29;-6.17;-6.48;-7.05;-8.27;-10.01;-11.74;-13.28;-14.54;-15.67;-16.77;-17.99;-19.46;-21.28;-23.38;-25.71;-28.17;-30.68;-33.17;-35.59;-37.86;-39.93;-41.72;-43.14;-44.09;-44.24;-43.53;-41.70;-38.53;-34.97;-31.89;-30.14;-29.15;-28.35;-26.82;-24.75;-21.99;-18.70;-15.13;-11.88;-9.49;-7.60;-5.72;-3.51;-1.18;0.85;2.14;2.88;3.22;3.45;3.26;2.60;1.34;-0.18;-1.67;-2.83;-3.39;-2.94;-1.66;

----------------------------------------------------------


