PatientInformation
==========================================================
PatientID;No patientID
Name;,,
Date of Birth;
Sex;
Version;AutoStrainCap2 2.1.0.491925

Results
==========================================================
Global
----------------------------------------------------------
LaSr_ED;26.54;%
LaScd_ED;-10.75;%
LaSct_ED;-15.79;%
LaSr_AC;22.83;%
LaScd_AC;-9.24;%
LaSct_AC;-13.59;%
ED;0.00;ms
ES;382.10;ms
PreA;599.51;ms

Curves
==========================================================
Longitudinal Strain
Unit [%]
Time [ms];0.00;13.18;26.35;39.53;52.70;65.88;79.06;92.23;105.41;118.58;131.76;144.94;158.11;171.29;184.46;197.64;210.82;223.99;237.17;250.34;263.52;276.70;289.87;303.05;316.22;329.40;342.58;355.75;368.93;382.10;395.28;408.46;421.63;434.81;447.98;461.16;474.34;487.51;500.69;513.86;527.04;540.22;553.39;566.57;579.74;592.92;606.10;619.27;632.45;645.62;658.80;671.98;685.15;698.33;711.50;724.68;737.86;751.03;764.21;777.38;790.56;803.74;
LAS_ED;0.00;-2.51;-3.34;-2.48;-1.58;-0.37;0.67;1.61;2.50;3.69;5.28;7.31;9.34;11.32;12.96;14.76;16.34;18.10;19.67;21.22;22.54;23.82;24.81;25.65;26.02;25.99;25.73;25.74;26.11;26.54;26.17;26.10;24.77;23.08;20.20;17.48;15.23;13.05;12.01;11.30;11.88;12.49;13.43;13.97;14.65;15.34;16.26;17.06;17.88;18.01;18.03;17.12;16.05;14.18;12.53;10.70;9.58;9.49;9.95;10.36;9.17;4.92;
LAS_AC;-13.99;-16.14;-16.86;-16.12;-15.35;-14.31;-13.41;-12.60;-11.83;-10.81;-9.44;-7.70;-5.95;-4.25;-2.84;-1.29;0.07;1.58;2.94;4.27;5.40;6.50;7.35;8.07;8.39;8.37;8.15;8.15;8.48;8.84;8.52;8.46;7.32;5.86;3.39;1.05;-0.89;-2.76;-3.65;-4.27;-3.77;-3.24;-2.43;-1.97;-1.39;-0.79;0.00;0.69;1.40;1.51;1.52;0.74;-0.18;-1.79;-3.21;-4.79;-5.75;-5.82;-5.43;-5.07;-6.10;-9.76;

----------------------------------------------------------


