PatientInformation
==========================================================
PatientID;No patientID
Name;,,
Date of Birth;
Sex;
Version;AutoStrainCap2 2.1.0.491925

Results
==========================================================
Global
----------------------------------------------------------
RVFWSL;-33.56;%
RV4CSL;-24.31;%
ED;0.00;ms
ES;288.58;ms

Curves
==========================================================
Longitudinal Strain
Unit [%]
Time [ms];0.00;18.74;37.48;56.22;74.96;93.70;112.44;131.17;149.91;168.65;187.39;206.13;224.87;243.61;262.35;281.09;299.83;318.57;337.31;356.05;374.78;393.52;412.26;431.00;449.74;468.48;487.22;505.96;524.70;543.44;562.18;580.92;599.66;618.39;637.13;655.87;674.61;693.35;712.09;730.83;749.57;
Basal;0.00;-2.06;-3.61;-5.85;-8.66;-12.02;-15.59;-19.00;-22.44;-26.18;-29.96;-33.36;-36.39;-38.91;-40.62;-41.29;-41.04;-39.89;-38.11;-35.71;-32.80;-29.25;-25.58;-22.31;-19.33;-16.29;-13.77;-12.18;-9.95;-5.88;-2.36;-1.81;-1.50;1.41;4.21;4.62;4.43;5.42;6.42;5.86;3.77;
Mid;0.00;-1.67;-2.92;-4.83;-7.24;-10.03;-13.00;-15.93;-18.96;-22.20;-25.39;-28.00;-30.21;-32.10;-33.36;-33.91;-33.63;-32.41;-30.62;-28.44;-25.95;-23.15;-20.48;-18.34;-16.44;-14.29;-12.50;-11.44;-9.65;-6.05;-2.92;-2.55;-2.32;0.50;3.21;3.39;3.02;4.04;5.17;4.83;3.13;
Apical;0.00;-0.85;-1.66;-3.03;-4.72;-6.71;-8.84;-10.89;-13.09;-15.45;-17.82;-19.71;-21.34;-22.83;-23.79;-24.09;-23.71;-22.56;-20.96;-19.26;-17.25;-14.74;-12.43;-11.01;-9.96;-8.47;-7.32;-6.91;-5.78;-3.09;-0.80;-0.99;-1.24;0.98;2.93;2.71;2.09;2.70;3.59;3.21;1.93;

----------------------------------------------------------


