PatientInformation
==========================================================
PatientID;No patientID
Name;,,
Date of Birth;
Sex;
Version;AutoStrainCap2 2.1.0.491925

Results
==========================================================
Global
----------------------------------------------------------
LaSr_ED;10.08;%
LaScd_ED;-9.77;%
LaSct_ED;-0.31;%
LaSr_AC;10.04;%
LaScd_AC;-9.73;%
LaSct_AC;-0.31;%
ED;0.00;ms
ES;349.47;ms
PreA;727.70;ms

Curves
==========================================================
Longitudinal Strain
Unit [%]
Time [ms];0.00;22.12;44.24;66.36;88.47;110.59;132.71;154.83;176.95;199.07;221.18;243.30;265.42;287.54;309.66;331.78;353.89;376.01;398.13;420.25;442.37;464.49;486.60;508.72;530.84;552.96;575.08;597.20;619.32;641.43;663.55;685.67;707.79;729.91;752.03;774.14;796.26;818.38;840.50;862.62;884.74;906.85;928.97;951.09;973.21;995.33;1017.45;1039.56;1061.68;1083.80;
LAS_ED;0.00;-1.04;-0.13;0.97;2.39;3.96;5.48;6.71;7.75;8.69;9.40;9.60;9.58;9.60;9.76;9.99;10.08;9.73;8.76;6.57;3.64;0.79;-1.48;-2.79;-3.43;-3.79;-3.78;-3.43;-2.84;-2.32;-1.84;-1.28;-0.60;0.42;1.27;1.38;1.16;0.81;0.61;0.65;0.79;0.69;0.46;-0.01;-0.36;-0.13;0.16;0.10;0.08;0.28;
LAS_AC;-0.42;-1.45;-0.54;0.55;1.96;3.52;5.04;6.27;7.30;8.24;8.95;9.15;9.12;9.14;9.31;9.53;9.62;9.28;8.31;6.13;3.21;0.37;-1.89;-3.19;-3.83;-4.19;-4.18;-3.83;-3.24;-2.73;-2.25;-1.69;-1.01;0.00;0.85;0.96;0.74;0.39;0.20;0.23;0.37;0.27;0.05;-0.43;-0.77;-0.55;-0.26;-0.32;-0.34;-0.14;

----------------------------------------------------------


