PatientInformation
==========================================================
PatientID;No patientID
Name;,,
Date of Birth;
Sex;
Version;AutoStrainCap2 2.1.0.491925

Results
==========================================================
Global
----------------------------------------------------------
GLS(3P);--.--;%
GLS(4Ch);-10.35;%
GLS(2Ch);--.--;%
GLS(3Ch);--.--;%
ED;0.00;ms
ES;338.41;ms

Results
==========================================================
Longitudinal Strain
T2P
Minimum
----------------------------------------------------------
Segment 0 [mean];153.23;ms
----------------------------------------------------------
Segment 1 [ant];0.00;ms
Segment 2 [ant/sept];0.00;ms
Segment 3 [inf/sept];1061.68;ms
Segment 4 [inf];0.00;ms
Segment 5 [inf/lat];0.00;ms
Segment 6 [ant/lat];356.11;ms
----------------------------------------------------------
Segment 7 [ant];0.00;ms
Segment 8 [ant/sept];0.00;ms
Segment 9 [inf/sept];358.32;ms
Segment 10 [inf];0.00;ms
Segment 11 [inf/lat];0.00;ms
Segment 12 [ant/lat];369.38;ms
----------------------------------------------------------
Segment 13 [ant];0.00;ms
Segment 14 [ant/sept];0.00;ms
Segment 15 [inf/sept];305.23;ms
Segment 16 [inf];0.00;ms
Segment 17 [inf/lat];0.00;ms
Segment 18 [ant/lat];307.45;ms
----------------------------------------------------------


Results
==========================================================
Longitudinal Strain
End-systolic

----------------------------------------------------------
Segment 0 [mean];-3.40;%
----------------------------------------------------------
Segment 1 [ant];0.00;%
Segment 2 [ant/sept];0.00;%
Segment 3 [inf/sept];1.33;%
Segment 4 [inf];0.00;%
Segment 5 [inf/lat];0.00;%
Segment 6 [ant/lat];-16.70;%
----------------------------------------------------------
Segment 7 [ant];0.00;%
Segment 8 [ant/sept];0.00;%
Segment 9 [inf/sept];-11.71;%
Segment 10 [inf];0.00;%
Segment 11 [inf/lat];0.00;%
Segment 12 [ant/lat];-8.71;%
----------------------------------------------------------
Segment 13 [ant];0.00;%
Segment 14 [ant/sept];0.00;%
Segment 15 [inf/sept];-16.32;%
Segment 16 [inf];0.00;%
Segment 17 [inf/lat];0.00;%
Segment 18 [ant/lat];-9.10;%
----------------------------------------------------------


Results
==========================================================
Longitudinal Strain
Peak-systolic

----------------------------------------------------------
Segment 0 [mean];-3.57;%
----------------------------------------------------------
Segment 1 [ant];0.00;%
Segment 2 [ant/sept];0.00;%
Segment 3 [inf/sept];0.00;%
Segment 4 [inf];0.00;%
Segment 5 [inf/lat];0.00;%
Segment 6 [ant/lat];-16.70;%
----------------------------------------------------------
Segment 7 [ant];0.00;%
Segment 8 [ant/sept];0.00;%
Segment 9 [inf/sept];-11.71;%
Segment 10 [inf];0.00;%
Segment 11 [inf/lat];0.00;%
Segment 12 [ant/lat];-8.71;%
----------------------------------------------------------
Segment 13 [ant];0.00;%
Segment 14 [ant/sept];0.00;%
Segment 15 [inf/sept];-17.10;%
Segment 16 [inf];0.00;%
Segment 17 [inf/lat];0.00;%
Segment 18 [ant/lat];-10.03;%
----------------------------------------------------------


Curves
==========================================================
Longitudinal Strain
Unit [%]
Time [ms];0.00;22.12;44.24;66.36;88.47;110.59;132.71;154.83;176.95;199.07;221.18;243.30;265.42;287.54;309.66;331.78;353.89;376.01;398.13;420.25;442.37;464.49;486.60;508.72;530.84;552.96;575.08;597.20;619.32;641.43;663.55;685.67;707.79;729.91;752.03;774.14;796.26;818.38;840.50;862.62;884.74;906.85;928.97;951.09;973.21;995.33;1017.45;1039.56;1061.68;1083.80;
Total;0.00;-0.56;-0.56;-0.69;-1.05;-1.76;-2.62;-3.63;-4.69;-5.89;-7.10;-8.09;-8.90;-9.54;-10.00;-10.33;-10.22;-9.58;-8.39;-6.88;-5.19;-3.46;-2.04;-1.04;-0.45;-0.22;-0.17;-0.22;-0.29;-0.36;-0.38;-0.25;-0.14;-0.23;-0.29;-0.24;-0.11;0.04;0.08;-0.04;-0.18;-0.13;0.00;0.15;0.24;0.17;0.06;-0.03;-0.02;0.24;
Segment 1;0.00;0.00;0.00;0.00;0.00;0.00;0.00;0.00;0.00;0.00;0.00;0.00;0.00;0.00;0.00;0.00;0.00;0.00;0.00;0.00;0.00;0.00;0.00;0.00;0.00;0.00;0.00;0.00;0.00;0.00;0.00;0.00;0.00;0.00;0.00;0.00;0.00;0.00;0.00;0.00;0.00;0.00;0.00;0.00;0.00;0.00;0.00;0.00;0.00;0.00;
Segment 2;0.00;0.00;0.00;0.00;0.00;0.00;0.00;0.00;0.00;0.00;0.00;0.00;0.00;0.00;0.00;0.00;0.00;0.00;0.00;0.00;0.00;0.00;0.00;0.00;0.00;0.00;0.00;0.00;0.00;0.00;0.00;0.00;0.00;0.00;0.00;0.00;0.00;0.00;0.00;0.00;0.00;0.00;0.00;0.00;0.00;0.00;0.00;0.00;0.00;0.00;
Segment 3;0.00;1.49;2.86;3.85;4.79;6.37;7.87;8.33;8.11;7.16;5.89;4.83;4.05;3.73;3.22;1.76;0.71;1.38;2.46;2.68;2.36;1.23;0.53;0.92;1.63;1.90;1.93;1.83;1.50;0.74;0.16;0.46;0.99;1.28;1.34;0.95;0.65;0.75;0.85;0.52;0.08;-0.17;-0.28;-0.29;-0.18;0.03;0.13;-0.23;-0.51;-0.30;
Segment 4;0.00;0.00;0.00;0.00;0.00;0.00;0.00;0.00;0.00;0.00;0.00;0.00;0.00;0.00;0.00;0.00;0.00;0.00;0.00;0.00;0.00;0.00;0.00;0.00;0.00;0.00;0.00;0.00;0.00;0.00;0.00;0.00;0.00;0.00;0.00;0.00;0.00;0.00;0.00;0.00;0.00;0.00;0.00;0.00;0.00;0.00;0.00;0.00;0.00;0.00;
Segment 5;0.00;0.00;0.00;0.00;0.00;0.00;0.00;0.00;0.00;0.00;0.00;0.00;0.00;0.00;0.00;0.00;0.00;0.00;0.00;0.00;0.00;0.00;0.00;0.00;0.00;0.00;0.00;0.00;0.00;0.00;0.00;0.00;0.00;0.00;0.00;0.00;0.00;0.00;0.00;0.00;0.00;0.00;0.00;0.00;0.00;0.00;0.00;0.00;0.00;0.00;
Segment 6;0.00;-1.93;-1.96;-2.10;-2.49;-3.52;-4.74;-6.34;-8.40;-10.28;-12.08;-13.02;-13.55;-14.41;-15.36;-16.44;-17.05;-16.49;-14.80;-12.23;-9.20;-5.94;-3.65;-2.74;-2.57;-2.06;-1.54;-1.72;-1.69;-1.32;-0.70;-0.11;0.30;0.24;0.11;0.21;0.35;0.59;0.52;0.00;-0.53;-0.36;0.02;0.24;0.43;0.12;-0.27;-0.43;-0.40;0.40;
Segment 7;0.00;0.00;0.00;0.00;0.00;0.00;0.00;0.00;0.00;0.00;0.00;0.00;0.00;0.00;0.00;0.00;0.00;0.00;0.00;0.00;0.00;0.00;0.00;0.00;0.00;0.00;0.00;0.00;0.00;0.00;0.00;0.00;0.00;0.00;0.00;0.00;0.00;0.00;0.00;0.00;0.00;0.00;0.00;0.00;0.00;0.00;0.00;0.00;0.00;0.00;
Segment 8;0.00;0.00;0.00;0.00;0.00;0.00;0.00;0.00;0.00;0.00;0.00;0.00;0.00;0.00;0.00;0.00;0.00;0.00;0.00;0.00;0.00;0.00;0.00;0.00;0.00;0.00;0.00;0.00;0.00;0.00;0.00;0.00;0.00;0.00;0.00;0.00;0.00;0.00;0.00;0.00;0.00;0.00;0.00;0.00;0.00;0.00;0.00;0.00;0.00;0.00;
Segment 9;0.00;-0.33;0.30;0.59;0.47;-0.44;-1.75;-3.10;-4.64;-6.11;-7.58;-8.89;-9.98;-10.75;-11.27;-11.65;-11.76;-11.65;-10.89;-8.90;-6.39;-3.52;-1.26;-0.50;-0.38;-0.46;-0.52;-0.55;-0.60;-0.78;-0.82;-0.61;-0.29;-0.23;-0.24;-0.08;0.16;0.34;0.44;0.45;0.38;0.32;0.35;0.47;0.61;0.63;0.60;0.61;0.63;0.56;
Segment 10;0.00;0.00;0.00;0.00;0.00;0.00;0.00;0.00;0.00;0.00;0.00;0.00;0.00;0.00;0.00;0.00;0.00;0.00;0.00;0.00;0.00;0.00;0.00;0.00;0.00;0.00;0.00;0.00;0.00;0.00;0.00;0.00;0.00;0.00;0.00;0.00;0.00;0.00;0.00;0.00;0.00;0.00;0.00;0.00;0.00;0.00;0.00;0.00;0.00;0.00;
Segment 11;0.00;0.00;0.00;0.00;0.00;0.00;0.00;0.00;0.00;0.00;0.00;0.00;0.00;0.00;0.00;0.00;0.00;0.00;0.00;0.00;0.00;0.00;0.00;0.00;0.00;0.00;0.00;0.00;0.00;0.00;0.00;0.00;0.00;0.00;0.00;0.00;0.00;0.00;0.00;0.00;0.00;0.00;0.00;0.00;0.00;0.00;0.00;0.00;0.00;0.00;
Segment 12;0.00;-1.14;-0.97;-0.91;-1.17;-1.92;-2.95;-4.03;-5.11;-6.09;-6.89;-7.55;-7.97;-8.26;-8.43;-8.68;-8.73;-8.78;-8.10;-6.23;-4.00;-2.36;-1.36;-1.07;-1.20;-1.23;-1.30;-1.30;-1.21;-0.99;-0.68;-0.38;-0.18;-0.17;-0.19;-0.15;-0.06;0.01;-0.06;-0.26;-0.45;-0.43;-0.28;-0.09;-0.01;-0.09;-0.23;-0.37;-0.23;0.30;
Segment 13;0.00;0.00;0.00;0.00;0.00;0.00;0.00;0.00;0.00;0.00;0.00;0.00;0.00;0.00;0.00;0.00;0.00;0.00;0.00;0.00;0.00;0.00;0.00;0.00;0.00;0.00;0.00;0.00;0.00;0.00;0.00;0.00;0.00;0.00;0.00;0.00;0.00;0.00;0.00;0.00;0.00;0.00;0.00;0.00;0.00;0.00;0.00;0.00;0.00;0.00;
Segment 14;0.00;0.00;0.00;0.00;0.00;0.00;0.00;0.00;0.00;0.00;0.00;0.00;0.00;0.00;0.00;0.00;0.00;0.00;0.00;0.00;0.00;0.00;0.00;0.00;0.00;0.00;0.00;0.00;0.00;0.00;0.00;0.00;0.00;0.00;0.00;0.00;0.00;0.00;0.00;0.00;0.00;0.00;0.00;0.00;0.00;0.00;0.00;0.00;0.00;0.00;
Segment 15;0.00;-0.41;-1.86;-3.23;-4.92;-7.16;-9.41;-11.05;-12.08;-13.22;-14.29;-15.31;-16.31;-16.94;-17.08;-16.60;-15.51;-14.21;-12.69;-11.51;-9.90;-7.34;-4.99;-3.36;-2.39;-2.00;-1.86;-1.77;-1.76;-1.91;-2.19;-2.45;-2.77;-3.11;-3.17;-2.85;-2.39;-2.08;-1.86;-1.56;-1.18;-0.82;-0.50;-0.22;-0.11;-0.15;-0.14;0.03;0.14;0.17;
Segment 16;0.00;0.00;0.00;0.00;0.00;0.00;0.00;0.00;0.00;0.00;0.00;0.00;0.00;0.00;0.00;0.00;0.00;0.00;0.00;0.00;0.00;0.00;0.00;0.00;0.00;0.00;0.00;0.00;0.00;0.00;0.00;0.00;0.00;0.00;0.00;0.00;0.00;0.00;0.00;0.00;0.00;0.00;0.00;0.00;0.00;0.00;0.00;0.00;0.00;0.00;
Segment 17;0.00;0.00;0.00;0.00;0.00;0.00;0.00;0.00;0.00;0.00;0.00;0.00;0.00;0.00;0.00;0.00;0.00;0.00;0.00;0.00;0.00;0.00;0.00;0.00;0.00;0.00;0.00;0.00;0.00;0.00;0.00;0.00;0.00;0.00;0.00;0.00;0.00;0.00;0.00;0.00;0.00;0.00;0.00;0.00;0.00;0.00;0.00;0.00;0.00;0.00;
Segment 18;0.00;-0.72;-1.23;-1.69;-2.25;-3.01;-3.77;-4.52;-4.97;-5.74;-6.60;-7.59;-8.67;-9.63;-10.02;-9.43;-8.19;-6.97;-5.62;-4.55;-3.52;-2.43;-1.18;0.68;2.29;2.56;2.25;2.17;2.02;1.97;1.77;1.43;1.01;0.59;0.41;0.44;0.59;0.63;0.61;0.60;0.66;0.68;0.68;0.73;0.65;0.49;0.36;0.29;0.31;0.33;

----------------------------------------------------------


Curves
==========================================================
Longitudinal Strain Rate
Unit [1/s]
Time [ms];0.00;22.12;44.24;66.36;88.47;110.59;132.71;154.83;176.95;199.07;221.18;243.30;265.42;287.54;309.66;331.78;353.89;376.01;398.13;420.25;442.37;464.49;486.60;508.72;530.84;552.96;575.08;597.20;619.32;641.43;663.55;685.67;707.79;729.91;752.03;774.14;796.26;818.38;840.50;862.62;884.74;906.85;928.97;951.09;973.21;995.33;1017.45;1039.56;1061.68;1083.80;
Segment 1;0.00;0.00;0.00;0.00;0.00;0.00;0.00;0.00;0.00;0.00;0.00;0.00;0.00;0.00;0.00;0.00;0.00;0.00;0.00;0.00;0.00;0.00;0.00;0.00;0.00;0.00;0.00;0.00;0.00;0.00;0.00;0.00;0.00;0.00;0.00;0.00;0.00;0.00;0.00;0.00;0.00;0.00;0.00;0.00;0.00;0.00;0.00;0.00;0.00;0.00;
Segment 2;0.00;0.00;0.00;0.00;0.00;0.00;0.00;0.00;0.00;0.00;0.00;0.00;0.00;0.00;0.00;0.00;0.00;0.00;0.00;0.00;0.00;0.00;0.00;0.00;0.00;0.00;0.00;0.00;0.00;0.00;0.00;0.00;0.00;0.00;0.00;0.00;0.00;0.00;0.00;0.00;0.00;0.00;0.00;0.00;0.00;0.00;0.00;0.00;0.00;0.00;
Segment 3;0.68;0.66;0.53;0.40;0.57;0.76;0.46;0.04;-0.28;-0.54;-0.55;-0.43;-0.23;-0.13;-0.47;-0.68;-0.08;0.50;0.32;-0.02;-0.36;-0.49;-0.06;0.31;0.24;0.05;-0.01;-0.08;-0.26;-0.36;-0.07;0.23;0.20;0.09;-0.09;-0.19;-0.04;0.08;-0.05;-0.20;-0.17;-0.08;-0.03;0.02;0.08;0.09;-0.07;-0.18;-0.01;0.13;
Segment 4;0.00;0.00;0.00;0.00;0.00;0.00;0.00;0.00;0.00;0.00;0.00;0.00;0.00;0.00;0.00;0.00;0.00;0.00;0.00;0.00;0.00;0.00;0.00;0.00;0.00;0.00;0.00;0.00;0.00;0.00;0.00;0.00;0.00;0.00;0.00;0.00;0.00;0.00;0.00;0.00;0.00;0.00;0.00;0.00;0.00;0.00;0.00;0.00;0.00;0.00;
Segment 5;0.00;0.00;0.00;0.00;0.00;0.00;0.00;0.00;0.00;0.00;0.00;0.00;0.00;0.00;0.00;0.00;0.00;0.00;0.00;0.00;0.00;0.00;0.00;0.00;0.00;0.00;0.00;0.00;0.00;0.00;0.00;0.00;0.00;0.00;0.00;0.00;0.00;0.00;0.00;0.00;0.00;0.00;0.00;0.00;0.00;0.00;0.00;0.00;0.00;0.00;
Segment 6;-1.03;-0.43;0.05;-0.11;-0.32;-0.52;-0.62;-0.85;-0.91;-0.86;-0.63;-0.29;-0.29;-0.42;-0.48;-0.43;-0.04;0.52;0.99;1.29;1.47;1.32;0.71;0.18;0.13;0.28;0.07;-0.08;0.09;0.24;0.29;0.24;0.07;-0.07;-0.01;0.06;0.10;0.06;-0.14;-0.28;-0.09;0.16;0.14;0.11;-0.03;-0.19;-0.13;-0.05;0.25;0.12;
Segment 7;0.00;0.00;0.00;0.00;0.00;0.00;0.00;0.00;0.00;0.00;0.00;0.00;0.00;0.00;0.00;0.00;0.00;0.00;0.00;0.00;0.00;0.00;0.00;0.00;0.00;0.00;0.00;0.00;0.00;0.00;0.00;0.00;0.00;0.00;0.00;0.00;0.00;0.00;0.00;0.00;0.00;0.00;0.00;0.00;0.00;0.00;0.00;0.00;0.00;0.00;
Segment 8;0.00;0.00;0.00;0.00;0.00;0.00;0.00;0.00;0.00;0.00;0.00;0.00;0.00;0.00;0.00;0.00;0.00;0.00;0.00;0.00;0.00;0.00;0.00;0.00;0.00;0.00;0.00;0.00;0.00;0.00;0.00;0.00;0.00;0.00;0.00;0.00;0.00;0.00;0.00;0.00;0.00;0.00;0.00;0.00;0.00;0.00;0.00;0.00;0.00;0.00;
Segment 9;-0.23;0.08;0.26;0.05;-0.23;-0.53;-0.61;-0.66;-0.69;-0.67;-0.64;-0.55;-0.42;-0.28;-0.20;-0.11;-0.01;0.15;0.63;1.05;1.25;1.23;0.68;0.15;-0.01;-0.04;-0.02;-0.01;-0.06;-0.07;0.04;0.14;0.09;-0.01;0.03;0.10;0.10;0.07;0.03;-0.02;-0.04;-0.01;0.04;0.07;0.04;-0.01;-0.01;0.01;0.01;-0.14;
Segment 10;0.00;0.00;0.00;0.00;0.00;0.00;0.00;0.00;0.00;0.00;0.00;0.00;0.00;0.00;0.00;0.00;0.00;0.00;0.00;0.00;0.00;0.00;0.00;0.00;0.00;0.00;0.00;0.00;0.00;0.00;0.00;0.00;0.00;0.00;0.00;0.00;0.00;0.00;0.00;0.00;0.00;0.00;0.00;0.00;0.00;0.00;0.00;0.00;0.00;0.00;
Segment 11;0.00;0.00;0.00;0.00;0.00;0.00;0.00;0.00;0.00;0.00;0.00;0.00;0.00;0.00;0.00;0.00;0.00;0.00;0.00;0.00;0.00;0.00;0.00;0.00;0.00;0.00;0.00;0.00;0.00;0.00;0.00;0.00;0.00;0.00;0.00;0.00;0.00;0.00;0.00;0.00;0.00;0.00;0.00;0.00;0.00;0.00;0.00;0.00;0.00;0.00;
Segment 12;-0.63;-0.21;0.12;-0.03;-0.23;-0.42;-0.49;-0.49;-0.47;-0.40;-0.33;-0.24;-0.16;-0.10;-0.10;-0.07;-0.04;0.09;0.59;1.00;0.91;0.60;0.28;0.01;-0.05;-0.02;-0.02;0.02;0.07;0.12;0.15;0.12;0.04;-0.01;0.00;0.03;0.04;0.00;-0.07;-0.10;-0.04;0.05;0.09;0.07;-0.00;-0.06;-0.08;-0.02;0.20;0.07;
Segment 13;0.00;0.00;0.00;0.00;0.00;0.00;0.00;0.00;0.00;0.00;0.00;0.00;0.00;0.00;0.00;0.00;0.00;0.00;0.00;0.00;0.00;0.00;0.00;0.00;0.00;0.00;0.00;0.00;0.00;0.00;0.00;0.00;0.00;0.00;0.00;0.00;0.00;0.00;0.00;0.00;0.00;0.00;0.00;0.00;0.00;0.00;0.00;0.00;0.00;0.00;
Segment 14;0.00;0.00;0.00;0.00;0.00;0.00;0.00;0.00;0.00;0.00;0.00;0.00;0.00;0.00;0.00;0.00;0.00;0.00;0.00;0.00;0.00;0.00;0.00;0.00;0.00;0.00;0.00;0.00;0.00;0.00;0.00;0.00;0.00;0.00;0.00;0.00;0.00;0.00;0.00;0.00;0.00;0.00;0.00;0.00;0.00;0.00;0.00;0.00;0.00;0.00;
Segment 15;-0.10;-0.43;-0.67;-0.66;-0.90;-1.06;-0.90;-0.57;-0.47;-0.51;-0.47;-0.47;-0.39;-0.18;0.07;0.37;0.55;0.66;0.61;0.58;0.97;1.18;0.92;0.58;0.29;0.10;0.05;0.03;-0.03;-0.10;-0.12;-0.13;-0.16;-0.11;0.06;0.20;0.18;0.11;0.11;0.16;0.17;0.15;0.14;0.09;0.01;-0.02;0.04;0.07;0.04;-0.03;
Segment 16;0.00;0.00;0.00;0.00;0.00;0.00;0.00;0.00;0.00;0.00;0.00;0.00;0.00;0.00;0.00;0.00;0.00;0.00;0.00;0.00;0.00;0.00;0.00;0.00;0.00;0.00;0.00;0.00;0.00;0.00;0.00;0.00;0.00;0.00;0.00;0.00;0.00;0.00;0.00;0.00;0.00;0.00;0.00;0.00;0.00;0.00;0.00;0.00;0.00;0.00;
Segment 17;0.00;0.00;0.00;0.00;0.00;0.00;0.00;0.00;0.00;0.00;0.00;0.00;0.00;0.00;0.00;0.00;0.00;0.00;0.00;0.00;0.00;0.00;0.00;0.00;0.00;0.00;0.00;0.00;0.00;0.00;0.00;0.00;0.00;0.00;0.00;0.00;0.00;0.00;0.00;0.00;0.00;0.00;0.00;0.00;0.00;0.00;0.00;0.00;0.00;0.00;
Segment 18;-0.34;-0.28;-0.21;-0.22;-0.30;-0.35;-0.35;-0.26;-0.26;-0.38;-0.42;-0.48;-0.48;-0.34;0.04;0.46;0.57;0.59;0.56;0.46;0.47;0.51;0.72;0.86;0.44;-0.07;-0.10;-0.04;-0.04;-0.05;-0.13;-0.18;-0.20;-0.14;-0.03;0.06;0.05;-0.00;-0.01;0.01;0.02;0.00;0.02;-0.00;-0.06;-0.07;-0.05;-0.01;0.03;-0.07;

----------------------------------------------------------


Curves
==========================================================
Global Strain A2C
Unit [%]
Time [ms];0.00;22.12;44.24;66.36;88.47;110.59;132.71;154.83;176.95;199.07;221.18;243.30;265.42;287.54;309.66;331.78;353.89;376.01;398.13;420.25;442.37;464.49;486.60;508.72;530.84;552.96;575.08;597.20;619.32;641.43;663.55;685.67;707.79;729.91;752.03;774.14;796.26;818.38;840.50;862.62;884.74;906.85;928.97;951.09;973.21;995.33;1017.45;1039.56;1061.68;1083.80;
Total;

----------------------------------------------------------


Curves
==========================================================
Global Strain Rate A2C
Unit [1/s]
Time [ms];0.00;22.12;44.24;66.36;88.47;110.59;132.71;154.83;176.95;199.07;221.18;243.30;265.42;287.54;309.66;331.78;353.89;376.01;398.13;420.25;442.37;464.49;486.60;508.72;530.84;552.96;575.08;597.20;619.32;641.43;663.55;685.67;707.79;729.91;752.03;774.14;796.26;818.38;840.50;862.62;884.74;906.85;928.97;951.09;973.21;995.33;1017.45;1039.56;1061.68;1083.80;
Total;

----------------------------------------------------------


Curves
==========================================================
Global Strain A3C
Unit [%]
Time [ms];0.00;22.12;44.24;66.36;88.47;110.59;132.71;154.83;176.95;199.07;221.18;243.30;265.42;287.54;309.66;331.78;353.89;376.01;398.13;420.25;442.37;464.49;486.60;508.72;530.84;552.96;575.08;597.20;619.32;641.43;663.55;685.67;707.79;729.91;752.03;774.14;796.26;818.38;840.50;862.62;884.74;906.85;928.97;951.09;973.21;995.33;1017.45;1039.56;1061.68;1083.80;
Total;

----------------------------------------------------------


Curves
==========================================================
Global Strain Rate A3C
Unit [1/s]
Time [ms];0.00;22.12;44.24;66.36;88.47;110.59;132.71;154.83;176.95;199.07;221.18;243.30;265.42;287.54;309.66;331.78;353.89;376.01;398.13;420.25;442.37;464.49;486.60;508.72;530.84;552.96;575.08;597.20;619.32;641.43;663.55;685.67;707.79;729.91;752.03;774.14;796.26;818.38;840.50;862.62;884.74;906.85;928.97;951.09;973.21;995.33;1017.45;1039.56;1061.68;1083.80;
Total;

----------------------------------------------------------


Curves
==========================================================
Global Strain A4C
Unit [%]
Time [ms];0.00;22.12;44.24;66.36;88.47;110.59;132.71;154.83;176.95;199.07;221.18;243.30;265.42;287.54;309.66;331.78;353.89;376.01;398.13;420.25;442.37;464.49;486.60;508.72;530.84;552.96;575.08;597.20;619.32;641.43;663.55;685.67;707.79;729.91;752.03;774.14;796.26;818.38;840.50;862.62;884.74;906.85;928.97;951.09;973.21;995.33;1017.45;1039.56;1061.68;1083.80;
Total;0.00;-0.56;-0.56;-0.69;-1.05;-1.76;-2.62;-3.63;-4.69;-5.89;-7.10;-8.09;-8.90;-9.54;-10.00;-10.33;-10.22;-9.58;-8.39;-6.88;-5.19;-3.46;-2.04;-1.04;-0.45;-0.22;-0.17;-0.22;-0.29;-0.36;-0.38;-0.25;-0.14;-0.23;-0.29;-0.24;-0.11;0.04;0.08;-0.04;-0.18;-0.13;0.00;0.15;0.24;0.17;0.06;-0.03;-0.02;0.24;

----------------------------------------------------------


Curves
==========================================================
Global Strain Rate A4C
Unit [1/s]
Time [ms];0.00;22.12;44.24;66.36;88.47;110.59;132.71;154.83;176.95;199.07;221.18;243.30;265.42;287.54;309.66;331.78;353.89;376.01;398.13;420.25;442.37;464.49;486.60;508.72;530.84;552.96;575.08;597.20;619.32;641.43;663.55;685.67;707.79;729.91;752.03;774.14;796.26;818.38;840.50;862.62;884.74;906.85;928.97;951.09;973.21;995.33;1017.45;1039.56;1061.68;1083.80;
Total;-0.30;-0.12;0.00;-0.10;-0.25;-0.36;-0.42;-0.47;-0.51;-0.56;-0.50;-0.40;-0.33;-0.25;-0.19;-0.07;0.17;0.42;0.62;0.73;0.79;0.73;0.55;0.36;0.18;0.05;-0.01;-0.03;-0.03;-0.03;0.03;0.07;0.00;-0.05;-0.00;0.04;0.07;0.05;-0.02;-0.07;-0.02;0.05;0.07;0.06;0.00;-0.05;-0.05;-0.03;0.09;0.02;

----------------------------------------------------------


