PatientInformation
==========================================================
PatientID;No patientID
Name;,,
Date of Birth;
Sex;
Version;AutoStrainCap2 2.1.0.491925

Results
==========================================================
Global
----------------------------------------------------------
RVFWSL;-16.00;%
RV4CSL;-11.46;%
ED;0.00;ms
ES;239.86;ms

Curves
==========================================================
Longitudinal Strain
Unit [%]
Time [ms];0.00;18.74;37.48;56.22;74.96;93.70;112.44;131.17;149.91;168.65;187.39;206.13;224.87;243.61;262.35;281.09;299.83;318.57;337.31;356.04;374.78;393.52;412.26;431.00;449.74;468.48;487.22;505.96;524.70;543.44;562.18;580.92;599.65;618.39;637.13;655.87;674.61;693.35;712.09;730.83;749.57;768.31;787.05;805.79;824.52;843.26;862.00;880.74;899.48;918.22;
Basal;0.00;-1.77;-4.36;-6.35;-7.89;-9.42;-10.80;-12.23;-13.79;-15.31;-16.54;-17.05;-17.01;-16.49;-15.39;-13.81;-12.02;-10.27;-8.74;-7.31;-5.63;-3.42;-1.34;-0.18;0.71;1.65;2.65;3.76;4.64;4.96;4.84;4.32;3.59;2.89;2.27;1.83;1.56;1.46;1.43;1.35;1.28;1.23;1.23;1.31;1.32;1.11;0.83;0.62;0.48;0.39;
Mid;0.00;-2.04;-4.63;-6.40;-7.57;-8.72;-9.72;-10.81;-12.10;-13.55;-14.76;-15.28;-15.26;-14.87;-14.05;-12.97;-11.76;-10.58;-9.44;-8.12;-6.51;-4.46;-2.59;-1.64;-0.89;0.05;1.11;2.31;3.27;3.70;3.67;3.24;2.61;2.00;1.44;1.00;0.72;0.62;0.58;0.45;0.36;0.37;0.45;0.58;0.67;0.61;0.47;0.37;0.33;0.34;
Apical;0.00;-1.87;-4.64;-6.53;-7.68;-8.82;-9.70;-10.72;-11.89;-13.09;-14.08;-14.48;-14.49;-14.24;-13.54;-12.50;-11.21;-9.76;-8.41;-7.04;-5.45;-3.32;-1.14;0.25;1.37;2.30;3.13;4.13;4.86;5.03;4.80;4.30;3.65;3.04;2.47;1.98;1.67;1.60;1.61;1.54;1.47;1.45;1.43;1.44;1.39;1.22;0.99;0.76;0.58;0.42;

----------------------------------------------------------


