PatientInformation
==========================================================
PatientID;No patientID
Name;,,
Date of Birth;
Sex;
Version;AutoStrainCap2 2.1.0.491925

Results
==========================================================
Global
----------------------------------------------------------
LaSr_ED;13.25;%
LaScd_ED;-17.34;%
LaSct_ED;4.09;%
LaSr_AC;13.84;%
LaScd_AC;-18.11;%
LaSct_AC;4.27;%
ED;0.00;ms
ES;299.89;ms
PreA;588.11;ms

Curves
==========================================================
Longitudinal Strain
Unit [%]
Time [ms];0.00;11.67;23.34;35.01;46.68;58.34;70.01;81.68;93.35;105.02;116.69;128.36;140.03;151.69;163.36;175.03;186.70;198.37;210.04;221.71;233.38;245.04;256.71;268.38;280.05;291.72;303.39;315.06;326.73;338.40;350.06;361.73;373.40;385.07;396.74;408.41;420.08;431.75;443.41;455.08;466.75;478.42;490.09;501.76;513.43;525.10;536.76;548.43;560.10;571.77;583.44;595.11;606.78;618.45;630.12;641.78;653.45;665.12;676.79;688.46;700.13;711.80;723.47;735.13;746.80;758.47;770.14;781.81;793.48;805.15;816.82;828.48;840.15;851.82;863.49;
LAS_ED;0.00;-1.46;-0.56;4.25;5.00;4.18;2.80;2.65;3.05;3.80;4.46;5.08;5.70;6.16;6.66;7.15;7.61;7.95;8.14;8.07;8.13;8.57;9.87;11.36;12.73;13.17;13.22;12.89;12.53;12.15;12.14;12.50;13.05;13.16;12.84;12.08;11.49;11.29;11.19;10.73;9.28;7.37;5.13;2.95;0.86;-0.96;-2.63;-3.85;-4.58;-4.58;-4.26;-3.84;-3.55;-3.43;-3.42;-3.36;-3.24;-2.95;-2.68;-2.27;-1.92;-1.55;-1.34;-1.17;-1.13;-1.13;-1.12;-1.08;-0.97;-0.85;-0.85;-0.68;-0.22;0.58;0.92;
LAS_AC;4.45;2.92;3.86;8.89;9.67;8.81;7.37;7.21;7.63;8.41;9.10;9.76;10.40;10.88;11.40;11.92;12.40;12.75;12.95;12.87;12.93;13.40;14.75;16.31;17.74;18.21;18.26;17.91;17.53;17.14;17.12;17.51;18.07;18.20;17.86;17.06;16.45;16.23;16.13;15.65;14.14;12.14;9.80;7.53;5.34;3.44;1.69;0.43;-0.34;-0.33;0.00;0.44;0.74;0.86;0.87;0.93;1.06;1.37;1.64;2.07;2.44;2.82;3.05;3.22;3.27;3.26;3.28;3.31;3.43;3.56;3.56;3.74;4.22;5.05;5.41;

----------------------------------------------------------


