PatientInformation
==========================================================
PatientID;No patientID
Name;,,
Date of Birth;
Sex;
Version;AutoStrainCap2 2.1.0.491925

Results
==========================================================
Global
----------------------------------------------------------
GLS(3P);-5.47;%
GLS(4Ch);-3.38;%
GLS(2Ch);-7.59;%
GLS(3Ch);-5.44;%
ED;0.00;ms
ES;358.06;ms

Results
==========================================================
Longitudinal Strain
T2P
Minimum
----------------------------------------------------------
Segment 0 [mean];340.73;ms
----------------------------------------------------------
Segment 1 [ant];387.33;ms
Segment 2 [ant/sept];465.03;ms
Segment 3 [inf/sept];338.92;ms
Segment 4 [inf];298.38;ms
Segment 5 [inf/lat];442.51;ms
Segment 6 [ant/lat];351.30;ms
----------------------------------------------------------
Segment 7 [ant];383.96;ms
Segment 8 [ant/sept];472.91;ms
Segment 9 [inf/sept];359.19;ms
Segment 10 [inf];314.15;ms
Segment 11 [inf/lat];433.50;ms
Segment 12 [ant/lat];19.14;ms
----------------------------------------------------------
Segment 13 [ant];390.71;ms
Segment 14 [ant/sept];511.19;ms
Segment 15 [inf/sept];9.01;ms
Segment 16 [inf];315.27;ms
Segment 17 [inf/lat];326.53;ms
Segment 18 [ant/lat];314.15;ms
----------------------------------------------------------


Results
==========================================================
Longitudinal Strain
End-systolic

----------------------------------------------------------
Segment 0 [mean];-4.88;%
----------------------------------------------------------
Segment 1 [ant];-10.93;%
Segment 2 [ant/sept];-6.19;%
Segment 3 [inf/sept];-9.29;%
Segment 4 [inf];-9.47;%
Segment 5 [inf/lat];-4.62;%
Segment 6 [ant/lat];-7.89;%
----------------------------------------------------------
Segment 7 [ant];-7.05;%
Segment 8 [ant/sept];-3.16;%
Segment 9 [inf/sept];-3.80;%
Segment 10 [inf];-7.35;%
Segment 11 [inf/lat];-5.10;%
Segment 12 [ant/lat];0.05;%
----------------------------------------------------------
Segment 13 [ant];-4.04;%
Segment 14 [ant/sept];-0.04;%
Segment 15 [inf/sept];0.32;%
Segment 16 [inf];-6.22;%
Segment 17 [inf/lat];-3.80;%
Segment 18 [ant/lat];0.82;%
----------------------------------------------------------


Results
==========================================================
Longitudinal Strain
Peak-systolic

----------------------------------------------------------
Segment 0 [mean];-5.37;%
----------------------------------------------------------
Segment 1 [ant];-10.93;%
Segment 2 [ant/sept];-6.19;%
Segment 3 [inf/sept];-9.59;%
Segment 4 [inf];-10.57;%
Segment 5 [inf/lat];-4.62;%
Segment 6 [ant/lat];-7.98;%
----------------------------------------------------------
Segment 7 [ant];-7.05;%
Segment 8 [ant/sept];-3.16;%
Segment 9 [inf/sept];-3.80;%
Segment 10 [inf];-7.44;%
Segment 11 [inf/lat];-5.10;%
Segment 12 [ant/lat];-0.79;%
----------------------------------------------------------
Segment 13 [ant];-4.04;%
Segment 14 [ant/sept];-1.69;%
Segment 15 [inf/sept];-0.32;%
Segment 16 [inf];-7.50;%
Segment 17 [inf/lat];-4.75;%
Segment 18 [ant/lat];-1.13;%
----------------------------------------------------------


Curves
==========================================================
Longitudinal Strain
Unit [%]
Time [ms];0.00;11.26;22.52;33.78;45.04;56.30;67.56;78.82;90.08;101.34;112.60;123.86;135.12;146.38;157.64;168.90;180.16;191.42;202.68;213.94;225.19;236.45;247.71;258.97;270.23;281.49;292.75;304.01;315.27;326.53;337.79;349.05;360.31;371.57;382.83;394.09;405.35;416.61;427.87;439.13;450.39;461.65;472.91;484.17;495.43;506.69;517.95;529.21;540.47;551.73;562.99;574.25;585.51;596.77;608.03;619.29;630.55;641.81;653.06;664.32;675.58;686.84;698.10;709.36;720.62;731.88;
Total;0.00;-0.11;0.03;0.29;0.66;1.00;1.30;1.54;1.71;1.73;1.55;1.20;0.76;0.28;-0.19;-0.64;-1.03;-1.40;-1.75;-2.10;-2.42;-2.73;-3.01;-3.30;-3.58;-3.84;-4.12;-4.35;-4.55;-4.66;-4.77;-4.85;-4.88;-4.73;-4.45;-4.04;-3.55;-2.97;-2.37;-1.75;-1.14;-0.57;-0.11;0.20;0.45;0.72;1.00;1.30;1.61;1.89;2.21;2.46;2.63;2.68;2.70;2.68;2.65;2.61;2.55;2.48;2.48;2.59;2.75;2.65;2.10;1.02;
Segment 1;0.00;1.10;1.44;1.65;2.93;4.58;6.46;7.84;8.99;9.46;9.47;8.71;7.80;6.04;4.40;2.45;0.96;-0.67;-2.03;-3.52;-4.80;-6.01;-7.00;-7.81;-8.59;-9.16;-9.81;-9.94;-10.27;-10.18;-10.59;-10.58;-11.00;-11.06;-11.63;-11.62;-11.22;-9.93;-8.20;-5.96;-3.38;-0.78;1.24;2.18;2.57;2.92;3.80;4.66;5.28;5.04;4.56;3.56;3.14;2.45;2.16;1.53;1.31;1.18;1.42;1.65;1.87;1.79;1.57;0.90;0.18;-0.48;
Segment 2;0.00;-0.29;-0.11;0.21;0.51;0.75;0.93;0.97;0.79;0.47;0.10;-0.22;-0.56;-1.00;-1.42;-1.66;-1.64;-1.58;-1.70;-1.90;-2.12;-2.33;-2.54;-2.75;-3.02;-3.44;-3.98;-4.51;-4.96;-5.33;-5.62;-5.92;-6.25;-6.53;-6.84;-7.26;-7.85;-8.69;-9.80;-10.90;-11.68;-12.08;-11.96;-11.33;-10.38;-9.16;-7.66;-5.87;-3.90;-1.99;-0.39;0.89;1.76;2.23;2.32;2.09;1.74;1.50;1.34;1.22;1.10;0.98;0.82;0.63;0.45;0.25;
Segment 3;0.00;-0.72;-0.36;0.34;0.73;0.83;0.87;0.95;1.09;1.06;0.70;-0.02;-1.02;-2.06;-3.12;-4.12;-5.04;-5.94;-6.67;-7.31;-7.69;-7.98;-8.11;-8.20;-8.24;-8.35;-8.60;-8.92;-9.26;-9.47;-9.59;-9.50;-9.22;-8.68;-7.86;-6.72;-5.30;-3.65;-1.91;-0.17;1.48;2.93;4.06;4.83;5.33;5.66;5.86;5.95;5.85;5.66;5.41;5.24;5.30;5.46;5.71;5.85;5.93;5.96;5.96;5.98;6.06;6.36;6.78;6.69;5.46;2.94;
Segment 4;0.00;0.46;0.58;0.27;-0.06;-0.36;-0.59;-0.42;-0.29;-0.24;-0.63;-1.17;-1.83;-2.46;-3.09;-3.69;-4.21;-4.78;-5.40;-6.29;-7.22;-8.16;-8.91;-9.55;-10.03;-10.39;-10.55;-10.54;-10.27;-9.93;-9.67;-9.55;-9.44;-9.16;-8.63;-7.78;-6.67;-5.44;-4.06;-2.66;-1.16;0.27;1.43;2.41;3.01;3.51;3.73;3.93;4.05;4.12;4.18;4.10;4.09;3.92;3.81;3.48;3.24;2.97;2.78;2.67;2.65;2.93;3.01;2.77;1.60;0.50;
Segment 5;0.00;0.37;0.73;1.15;1.62;2.06;2.44;2.69;2.74;2.64;2.45;2.18;1.89;1.54;1.21;0.93;0.73;0.59;0.52;0.44;0.31;0.08;-0.22;-0.60;-1.04;-1.52;-2.02;-2.52;-3.00;-3.44;-3.84;-4.24;-4.73;-5.36;-6.07;-6.79;-7.51;-8.10;-8.44;-8.60;-8.56;-8.28;-7.79;-7.16;-6.45;-5.71;-4.99;-4.42;-3.97;-3.55;-3.12;-2.74;-2.51;-2.37;-2.25;-2.08;-1.87;-1.65;-1.45;-1.32;-1.26;-1.20;-1.09;-0.92;-0.69;-0.38;
Segment 6;0.00;-0.76;-1.03;-0.97;-0.37;0.50;1.57;2.67;3.72;4.58;5.14;5.35;5.09;4.32;2.95;1.48;0.25;-0.39;-0.74;-0.98;-1.53;-2.17;-2.85;-3.29;-3.62;-3.98;-4.59;-5.47;-6.32;-7.08;-7.72;-7.98;-7.80;-6.86;-5.70;-4.41;-3.25;-2.12;-1.09;0.31;1.86;3.52;4.92;5.92;6.73;7.08;7.00;6.61;6.17;5.81;5.55;5.31;5.21;5.13;5.12;5.13;5.14;5.05;4.76;4.30;3.82;3.48;3.34;3.10;2.52;1.35;
Segment 7;0.00;0.46;0.22;-0.49;-0.58;-0.22;0.21;0.63;0.82;0.87;0.65;0.24;-0.41;-1.16;-2.00;-2.69;-3.15;-3.44;-3.71;-3.95;-4.19;-4.42;-4.64;-4.82;-4.88;-4.86;-4.80;-4.85;-5.20;-5.75;-6.35;-6.76;-7.11;-7.30;-7.52;-7.32;-6.58;-4.86;-2.82;-0.93;-0.18;0.15;0.38;1.19;2.10;2.89;3.23;3.32;3.35;3.33;3.31;3.10;2.84;2.50;2.25;2.14;2.13;2.19;2.22;2.25;2.30;2.38;2.29;1.86;0.93;0.09;
Segment 8;0.00;0.04;0.27;0.65;1.10;1.49;1.74;1.81;1.68;1.45;1.25;1.17;1.08;0.87;0.62;0.46;0.47;0.43;0.12;-0.27;-0.57;-0.73;-0.86;-1.07;-1.33;-1.67;-2.03;-2.34;-2.49;-2.59;-2.69;-2.90;-3.22;-3.46;-3.65;-3.83;-4.02;-4.35;-4.92;-5.59;-6.25;-6.77;-6.97;-6.77;-6.29;-5.66;-4.71;-3.29;-1.56;0.15;1.56;2.63;3.25;3.49;3.42;3.07;2.66;2.35;2.12;1.97;1.88;1.80;1.64;1.40;1.05;0.57;
Segment 9;0.00;-1.15;-0.89;0.18;0.67;0.90;0.94;1.11;1.35;1.50;1.49;1.26;0.89;0.47;0.10;-0.29;-0.76;-1.28;-1.78;-2.17;-2.47;-2.65;-2.72;-2.68;-2.56;-2.38;-2.16;-1.95;-1.87;-2.11;-2.82;-3.50;-3.80;-3.21;-2.15;-0.80;0.63;2.11;3.65;5.29;6.97;8.57;9.89;10.89;11.65;12.08;12.13;11.96;11.72;11.48;11.26;11.08;10.91;10.86;10.84;11.06;11.27;11.46;11.38;11.12;11.00;11.23;11.93;11.80;10.11;5.28;
Segment 10;0.00;0.06;-0.15;-0.45;-0.67;-0.89;-0.88;-0.73;-0.43;-0.28;-0.23;-0.37;-0.56;-0.86;-1.21;-1.76;-2.32;-3.03;-3.62;-4.35;-4.90;-5.40;-5.79;-6.17;-6.51;-6.86;-7.17;-7.36;-7.43;-7.32;-7.25;-7.29;-7.35;-7.27;-6.91;-6.34;-5.64;-4.92;-4.12;-3.27;-2.43;-1.71;-1.04;-0.68;-0.37;-0.29;-0.11;-0.06;-0.00;0.06;0.07;0.15;0.14;0.26;0.23;0.29;0.24;0.25;0.26;0.32;0.53;0.82;1.14;1.09;0.67;0.12;
Segment 11;0.00;0.44;0.63;0.79;1.02;1.22;1.35;1.33;1.16;0.86;0.48;0.06;-0.36;-0.77;-1.12;-1.39;-1.55;-1.63;-1.64;-1.67;-1.75;-1.92;-2.19;-2.52;-2.90;-3.31;-3.71;-4.10;-4.47;-4.76;-4.95;-5.05;-5.11;-5.17;-5.24;-5.35;-5.51;-5.65;-5.72;-5.72;-5.58;-5.33;-5.00;-4.65;-4.25;-3.87;-3.51;-3.20;-2.90;-2.57;-2.21;-1.87;-1.60;-1.42;-1.28;-1.14;-1.02;-0.92;-0.85;-0.86;-0.96;-1.04;-1.03;-0.94;-0.76;-0.45;
Segment 12;0.00;-0.66;-0.77;-0.50;-0.14;0.26;0.65;0.98;1.22;1.37;1.43;1.42;1.29;1.10;0.91;0.75;0.67;0.68;0.77;0.85;0.85;0.77;0.66;0.62;0.63;0.64;0.63;0.57;0.49;0.35;0.14;0.02;0.07;0.25;0.59;1.00;1.44;1.90;2.39;2.82;3.19;3.46;3.66;3.76;3.74;3.71;3.73;3.75;3.72;3.70;3.68;3.68;3.67;3.65;3.66;3.68;3.71;3.71;3.67;3.63;3.63;3.75;3.92;3.82;3.14;1.68;
Segment 13;0.00;0.42;0.32;-0.11;-0.24;-0.25;-0.24;-0.31;-0.41;-0.57;-0.91;-1.24;-1.49;-1.67;-1.82;-1.94;-2.16;-2.36;-2.57;-2.70;-2.80;-2.91;-3.00;-3.17;-3.31;-3.40;-3.42;-3.41;-3.26;-3.00;-2.90;-3.50;-4.19;-4.92;-5.05;-5.06;-4.87;-4.68;-4.45;-4.23;-3.95;-3.64;-3.31;-2.96;-2.60;-2.29;-2.12;-2.07;-2.07;-2.10;-2.05;-1.94;-1.91;-1.82;-1.74;-1.54;-1.40;-1.27;-1.10;-0.87;-0.57;-0.29;-0.13;-0.25;-0.41;-0.49;
Segment 14;0.00;-1.46;-1.61;-0.97;-0.01;0.90;1.28;1.53;1.68;1.74;1.63;1.25;0.86;0.79;0.87;0.95;0.94;0.82;0.49;0.09;-0.13;-0.11;-0.05;-0.18;-0.33;-0.43;-0.47;-0.47;-0.40;-0.30;-0.14;-0.06;0.00;0.48;1.24;2.30;3.38;4.08;4.11;3.67;2.73;1.44;-0.28;-2.24;-3.86;-4.46;-4.41;-3.78;-2.71;-1.25;0.93;2.91;3.91;4.19;4.15;3.90;3.55;3.07;2.61;2.35;2.36;2.41;2.47;2.36;1.98;1.22;
Segment 15;0.00;-0.27;0.98;2.68;3.56;3.83;3.92;4.12;4.43;4.69;4.67;4.31;3.87;3.53;3.44;3.43;3.44;3.31;3.12;2.85;2.59;2.29;1.98;1.62;1.28;1.03;0.87;0.78;0.67;0.51;0.45;0.33;0.31;0.10;0.13;0.30;0.85;1.54;2.54;3.67;4.96;6.15;6.93;7.26;7.25;7.17;7.22;7.22;7.21;7.04;6.92;6.78;6.69;6.63;6.65;6.78;6.95;7.04;6.88;6.56;6.42;6.81;7.63;7.96;6.81;3.76;
Segment 16;0.00;0.05;0.04;0.11;0.55;1.00;1.37;1.28;1.11;0.88;0.49;0.14;-0.19;-0.30;-0.55;-1.01;-1.79;-2.66;-3.49;-3.98;-4.31;-4.38;-4.57;-4.74;-5.23;-5.86;-6.68;-7.23;-7.50;-7.22;-6.84;-6.48;-6.17;-5.96;-5.75;-5.63;-5.64;-5.65;-5.67;-5.42;-4.93;-4.23;-3.59;-3.21;-2.94;-2.75;-2.62;-2.52;-2.50;-2.45;-2.43;-2.29;-2.29;-2.17;-2.09;-1.89;-1.78;-1.68;-1.55;-1.35;-1.04;-0.77;-0.52;-0.47;-0.36;-0.29;
Segment 17;0.00;-0.00;-0.35;-0.56;-0.46;-0.24;-0.09;0.00;-0.18;-0.63;-1.26;-1.95;-2.61;-2.98;-3.11;-3.12;-3.12;-3.11;-3.04;-3.01;-3.08;-3.26;-3.47;-3.74;-4.00;-4.17;-4.28;-4.41;-4.62;-4.75;-4.63;-4.29;-3.62;-2.24;-0.63;0.74;1.84;2.56;2.80;2.67;2.22;1.49;0.40;-0.97;-2.20;-2.92;-3.24;-3.24;-2.90;-2.13;-0.87;0.42;1.37;1.94;2.20;2.28;2.14;1.87;1.57;1.32;1.19;1.15;1.17;1.10;0.83;0.40;
Segment 18;0.00;-0.36;0.30;1.21;1.61;1.58;1.37;1.26;1.27;1.24;1.02;0.61;0.20;-0.06;-0.14;-0.07;0.07;0.14;0.18;0.16;0.25;0.28;0.23;-0.00;-0.31;-0.58;-0.82;-1.03;-1.13;-0.94;-0.32;0.34;0.91;1.19;1.43;1.74;1.97;2.35;2.91;3.39;3.83;4.16;4.49;4.80;4.89;4.90;4.94;5.00;5.08;5.13;5.18;5.23;5.25;5.28;5.31;5.37;5.44;5.45;5.34;5.17;5.13;5.42;5.97;6.19;5.40;2.96;

----------------------------------------------------------


Curves
==========================================================
Longitudinal Strain Rate
Unit [1/s]
Time [ms];0.00;11.26;22.52;33.78;45.04;56.30;67.56;78.82;90.08;101.34;112.60;123.86;135.12;146.38;157.64;168.90;180.16;191.42;202.68;213.94;225.19;236.45;247.71;258.97;270.23;281.49;292.75;304.01;315.27;326.53;337.79;349.05;360.31;371.57;382.83;394.09;405.35;416.61;427.87;439.13;450.39;461.65;472.91;484.17;495.43;506.69;517.95;529.21;540.47;551.73;562.99;574.25;585.51;596.77;608.03;619.29;630.55;641.81;653.06;664.32;675.58;686.84;698.10;709.36;720.62;731.88;
Segment 1;1.09;0.65;0.11;0.63;1.36;1.62;1.47;1.13;0.73;0.22;-0.36;-0.73;-1.21;-1.55;-1.61;-1.54;-1.37;-1.33;-1.26;-1.24;-1.11;-0.99;-0.79;-0.71;-0.58;-0.57;-0.34;-0.20;-0.08;-0.14;-0.18;-0.18;-0.21;-0.29;-0.31;0.16;0.75;1.37;1.76;2.17;2.35;2.13;1.31;0.52;0.26;0.55;0.82;0.71;0.17;-0.34;-0.72;-0.64;-0.48;-0.43;-0.40;-0.41;-0.15;0.05;0.23;0.22;0.07;-0.13;-0.40;-0.64;-0.70;-0.09;
Segment 2;-0.33;-0.06;0.26;0.29;0.23;0.20;0.11;-0.06;-0.23;-0.32;-0.30;-0.28;-0.35;-0.40;-0.31;-0.09;0.07;-0.02;-0.16;-0.19;-0.19;-0.18;-0.18;-0.20;-0.31;-0.44;-0.49;-0.44;-0.36;-0.29;-0.26;-0.28;-0.27;-0.25;-0.32;-0.44;-0.62;-0.89;-1.02;-0.86;-0.54;-0.13;0.34;0.72;0.97;1.20;1.47;1.69;1.75;1.58;1.28;0.96;0.59;0.25;-0.08;-0.29;-0.27;-0.17;-0.12;-0.10;-0.10;-0.13;-0.15;-0.16;-0.17;-0.20;
Segment 3;-0.79;-0.18;0.57;0.52;0.20;0.04;0.05;0.11;0.08;-0.16;-0.49;-0.79;-0.92;-0.94;-0.92;-0.85;-0.82;-0.73;-0.61;-0.45;-0.29;-0.19;-0.09;-0.05;-0.06;-0.16;-0.26;-0.31;-0.25;-0.15;-0.02;0.16;0.36;0.60;0.87;1.15;1.38;1.52;1.56;1.51;1.39;1.16;0.84;0.55;0.36;0.23;0.13;-0.01;-0.14;-0.20;-0.21;-0.05;0.11;0.20;0.18;0.09;0.05;0.01;0.00;0.03;0.16;0.36;0.22;-0.53;-1.71;-2.51;
Segment 4;0.45;0.29;-0.11;-0.32;-0.28;-0.26;-0.02;0.16;0.11;-0.15;-0.44;-0.54;-0.58;-0.56;-0.55;-0.50;-0.48;-0.51;-0.67;-0.83;-0.84;-0.75;-0.61;-0.50;-0.38;-0.23;-0.08;0.13;0.29;0.28;0.17;0.08;0.16;0.36;0.61;0.88;1.05;1.16;1.24;1.29;1.33;1.16;0.96;0.69;0.48;0.32;0.17;0.14;0.08;0.06;-0.02;-0.04;-0.08;-0.12;-0.19;-0.27;-0.22;-0.21;-0.13;-0.08;0.13;0.20;-0.02;-0.65;-1.12;-0.70;
Segment 5;0.33;0.32;0.34;0.40;0.41;0.37;0.29;0.14;-0.03;-0.13;-0.21;-0.25;-0.28;-0.31;-0.28;-0.21;-0.15;-0.09;-0.06;-0.09;-0.16;-0.24;-0.30;-0.37;-0.41;-0.44;-0.44;-0.43;-0.41;-0.37;-0.35;-0.39;-0.50;-0.60;-0.64;-0.65;-0.59;-0.42;-0.22;-0.05;0.15;0.35;0.50;0.60;0.65;0.66;0.58;0.45;0.37;0.38;0.37;0.27;0.15;0.10;0.13;0.17;0.19;0.19;0.15;0.08;0.04;0.07;0.12;0.18;0.24;0.31;
Segment 6;-0.74;-0.47;-0.09;0.30;0.67;0.88;0.98;0.96;0.86;0.64;0.35;-0.01;-0.44;-0.97;-1.31;-1.25;-0.84;-0.41;-0.22;-0.34;-0.55;-0.61;-0.51;-0.32;-0.29;-0.42;-0.68;-0.79;-0.72;-0.64;-0.42;-0.06;0.51;0.98;1.11;1.09;1.01;0.93;1.06;1.33;1.45;1.39;1.06;0.81;0.53;0.11;-0.24;-0.39;-0.36;-0.27;-0.22;-0.15;-0.08;-0.04;0.00;0.02;-0.02;-0.16;-0.34;-0.44;-0.38;-0.20;-0.13;-0.33;-0.79;-1.16;
Segment 7;0.51;0.13;-0.51;-0.41;0.16;0.38;0.39;0.28;0.11;-0.07;-0.28;-0.47;-0.63;-0.72;-0.70;-0.51;-0.32;-0.24;-0.23;-0.21;-0.21;-0.20;-0.18;-0.11;-0.02;0.05;0.03;-0.17;-0.42;-0.53;-0.45;-0.34;-0.23;-0.19;-0.05;0.38;1.10;1.74;1.84;1.19;0.41;0.18;0.45;0.81;0.78;0.51;0.17;0.04;0.00;-0.00;-0.10;-0.22;-0.27;-0.27;-0.16;-0.05;0.03;0.04;0.02;0.04;0.07;0.02;-0.20;-0.63;-0.88;-0.41;
Segment 8;0.01;0.11;0.28;0.38;0.38;0.29;0.15;-0.03;-0.17;-0.20;-0.12;-0.06;-0.13;-0.22;-0.20;-0.06;0.02;-0.15;-0.34;-0.32;-0.20;-0.11;-0.14;-0.21;-0.27;-0.32;-0.31;-0.20;-0.10;-0.08;-0.13;-0.25;-0.26;-0.19;-0.16;-0.15;-0.22;-0.40;-0.56;-0.60;-0.55;-0.33;0.01;0.32;0.49;0.68;1.05;1.43;1.56;1.40;1.11;0.76;0.38;0.07;-0.20;-0.36;-0.33;-0.24;-0.17;-0.10;-0.07;-0.10;-0.17;-0.26;-0.37;-0.47;
Segment 9;-1.22;-0.45;0.74;0.76;0.28;0.09;0.08;0.20;0.19;0.07;-0.11;-0.28;-0.36;-0.35;-0.33;-0.38;-0.45;-0.47;-0.40;-0.31;-0.22;-0.11;-0.01;0.08;0.14;0.18;0.20;0.15;-0.04;-0.44;-0.67;-0.49;0.12;0.77;1.10;1.25;1.29;1.34;1.41;1.49;1.48;1.31;1.03;0.78;0.54;0.21;-0.08;-0.19;-0.22;-0.21;-0.17;-0.16;-0.10;-0.04;0.09;0.21;0.20;0.06;-0.18;-0.20;0.02;0.49;0.38;-0.65;-2.97;-4.71;
Segment 10;0.10;-0.06;-0.25;-0.23;-0.20;-0.10;0.07;0.22;0.21;0.09;-0.04;-0.15;-0.22;-0.28;-0.40;-0.50;-0.58;-0.57;-0.59;-0.58;-0.46;-0.40;-0.34;-0.32;-0.30;-0.30;-0.22;-0.13;0.03;0.10;0.02;-0.06;-0.01;0.19;0.42;0.57;0.63;0.67;0.74;0.76;0.70;0.63;0.45;0.29;0.17;0.11;0.11;0.04;0.06;0.02;0.04;0.03;0.05;0.04;0.01;0.00;-0.02;0.01;0.02;0.12;0.23;0.30;0.15;-0.22;-0.49;-0.31;
Segment 11;0.43;0.28;0.13;0.18;0.20;0.15;0.06;-0.08;-0.21;-0.31;-0.36;-0.37;-0.37;-0.34;-0.28;-0.19;-0.10;-0.03;-0.01;-0.04;-0.11;-0.20;-0.27;-0.32;-0.35;-0.36;-0.35;-0.34;-0.30;-0.21;-0.13;-0.06;-0.05;-0.06;-0.08;-0.12;-0.14;-0.10;-0.03;0.06;0.17;0.26;0.31;0.34;0.35;0.33;0.30;0.27;0.27;0.31;0.32;0.27;0.20;0.14;0.13;0.12;0.10;0.08;0.03;-0.06;-0.09;-0.03;0.04;0.12;0.22;0.34;
Segment 12;-0.66;-0.36;0.11;0.30;0.34;0.36;0.32;0.26;0.17;0.09;0.03;-0.06;-0.15;-0.17;-0.16;-0.11;-0.03;0.05;0.09;0.04;-0.04;-0.09;-0.07;-0.01;0.01;0.01;-0.03;-0.06;-0.09;-0.17;-0.16;-0.03;0.10;0.24;0.34;0.38;0.40;0.43;0.41;0.36;0.29;0.21;0.14;0.03;-0.03;0.00;0.02;-0.01;-0.02;-0.02;-0.01;-0.01;-0.02;-0.00;0.01;0.03;0.01;-0.02;-0.04;-0.03;0.05;0.15;0.07;-0.31;-0.97;-1.45;
Segment 13;0.44;0.17;-0.30;-0.28;-0.04;0.01;-0.03;-0.08;-0.11;-0.22;-0.31;-0.26;-0.19;-0.14;-0.11;-0.15;-0.19;-0.19;-0.15;-0.09;-0.10;-0.09;-0.11;-0.15;-0.10;-0.05;-0.01;0.06;0.20;0.22;-0.23;-0.61;-0.68;-0.39;-0.03;0.08;0.18;0.19;0.20;0.22;0.26;0.29;0.31;0.32;0.31;0.22;0.09;0.01;-0.02;0.00;0.08;0.07;0.05;0.07;0.13;0.16;0.12;0.13;0.17;0.24;0.27;0.21;0.02;-0.14;-0.15;0.18;
Segment 14;-1.47;-0.76;0.29;0.76;0.88;0.57;0.25;0.18;0.10;-0.01;-0.23;-0.38;-0.21;0.02;0.08;0.04;-0.05;-0.20;-0.35;-0.30;-0.08;0.06;-0.03;-0.14;-0.12;-0.06;-0.02;0.03;0.08;0.12;0.11;0.03;0.22;0.56;0.82;1.00;0.83;0.33;-0.20;-0.62;-0.99;-1.34;-1.68;-1.67;-1.00;-0.21;0.31;0.77;1.10;1.65;1.96;1.35;0.52;0.08;-0.14;-0.27;-0.38;-0.44;-0.34;-0.10;0.04;0.06;-0.00;-0.21;-0.49;-0.90;
Segment 15;-0.46;0.41;1.47;1.21;0.46;0.12;0.11;0.23;0.28;0.13;-0.18;-0.38;-0.37;-0.19;-0.02;0.01;-0.05;-0.15;-0.21;-0.24;-0.24;-0.27;-0.30;-0.32;-0.27;-0.18;-0.10;-0.08;-0.13;-0.09;-0.08;-0.05;-0.11;-0.10;0.08;0.32;0.55;0.75;0.96;1.09;1.13;0.90;0.49;0.12;-0.07;-0.01;0.03;0.00;-0.08;-0.14;-0.12;-0.10;-0.07;-0.03;0.07;0.15;0.13;-0.02;-0.23;-0.25;0.09;0.60;0.63;-0.27;-1.92;-3.15;
Segment 16;0.05;0.02;-0.00;0.23;0.42;0.39;0.13;-0.15;-0.17;-0.28;-0.34;-0.32;-0.19;-0.13;-0.30;-0.56;-0.76;-0.78;-0.60;-0.36;-0.16;-0.10;-0.15;-0.28;-0.51;-0.67;-0.64;-0.39;0.01;0.34;0.34;0.30;0.22;0.18;0.16;0.04;-0.01;-0.03;0.08;0.34;0.55;0.63;0.46;0.27;0.20;0.14;0.10;0.05;0.03;0.02;0.08;0.07;0.05;0.09;0.12;0.15;0.09;0.10;0.14;0.23;0.26;0.24;0.13;0.06;0.07;0.15;
Segment 17;0.05;-0.17;-0.30;-0.05;0.17;0.18;0.12;-0.03;-0.29;-0.49;-0.59;-0.62;-0.47;-0.21;-0.05;0.00;0.00;0.04;0.05;-0.02;-0.12;-0.18;-0.21;-0.24;-0.20;-0.12;-0.09;-0.16;-0.18;-0.01;0.20;0.41;0.91;1.39;1.35;1.10;0.83;0.43;0.03;-0.26;-0.52;-0.81;-1.12;-1.21;-0.88;-0.45;-0.14;0.15;0.48;0.93;1.18;1.02;0.67;0.36;0.15;-0.03;-0.19;-0.27;-0.26;-0.17;-0.07;0.00;-0.00;-0.14;-0.33;-0.38;
Segment 18;-0.47;0.12;0.81;0.62;0.14;-0.14;-0.16;-0.04;0.01;-0.10;-0.29;-0.39;-0.31;-0.15;0.00;0.11;0.10;0.05;-0.00;0.03;0.07;0.00;-0.12;-0.26;-0.26;-0.22;-0.20;-0.15;0.02;0.37;0.60;0.57;0.38;0.21;0.25;0.24;0.25;0.44;0.48;0.41;0.34;0.29;0.30;0.18;0.02;0.02;0.05;0.07;0.06;0.04;0.05;0.04;0.02;0.02;0.04;0.06;0.04;-0.05;-0.14;-0.12;0.10;0.42;0.42;-0.16;-1.47;-2.51;

----------------------------------------------------------


Curves
==========================================================
Global Strain A2C
Unit [%]
Time [ms];0.00;11.26;22.52;33.78;45.04;56.30;67.56;78.82;90.08;101.34;112.60;123.86;135.12;146.38;157.64;168.90;180.16;191.42;202.68;213.94;225.19;236.45;247.71;258.97;270.23;281.49;292.75;304.01;315.27;326.53;337.79;349.05;360.31;371.57;382.83;394.09;405.35;416.61;427.87;439.13;450.39;461.65;472.91;484.17;495.43;506.69;517.95;529.21;540.47;551.73;562.99;574.25;585.51;596.77;608.03;619.29;630.55;641.81;653.06;664.32;675.58;686.84;698.10;709.36;720.62;731.88;
Total;0.00;0.43;0.42;0.18;0.34;0.67;1.09;1.41;1.66;1.71;1.50;1.07;0.57;-0.06;-0.70;-1.43;-2.10;-2.82;-3.47;-4.13;-4.71;-5.22;-5.66;-6.05;-6.44;-6.77;-7.09;-7.24;-7.33;-7.23;-7.25;-7.34;-7.52;-7.59;-7.56;-7.27;-6.76;-5.91;-4.89;-3.76;-2.69;-1.67;-0.82;-0.18;0.29;0.65;0.98;1.20;1.34;1.32;1.26;1.09;0.99;0.84;0.76;0.65;0.61;0.59;0.66;0.77;0.95;1.13;1.21;0.97;0.43;-0.10;

----------------------------------------------------------


Curves
==========================================================
Global Strain Rate A2C
Unit [1/s]
Time [ms];0.00;11.26;22.52;33.78;45.04;56.30;67.56;78.82;90.08;101.34;112.60;123.86;135.12;146.38;157.64;168.90;180.16;191.42;202.68;213.94;225.19;236.45;247.71;258.97;270.23;281.49;292.75;304.01;315.27;326.53;337.79;349.05;360.31;371.57;382.83;394.09;405.35;416.61;427.87;439.13;450.39;461.65;472.91;484.17;495.43;506.69;517.95;529.21;540.47;551.73;562.99;574.25;585.51;596.77;608.03;619.29;630.55;641.81;653.06;664.32;675.58;686.84;698.10;709.36;720.62;731.88;
Total;0.44;0.20;-0.17;-0.06;0.24;0.35;0.34;0.26;0.15;-0.07;-0.30;-0.42;-0.50;-0.56;-0.61;-0.63;-0.62;-0.61;-0.59;-0.55;-0.48;-0.42;-0.37;-0.35;-0.32;-0.30;-0.21;-0.11;0.01;0.05;-0.05;-0.13;-0.12;-0.02;0.13;0.35;0.61;0.84;0.97;0.99;0.93;0.84;0.66;0.48;0.36;0.31;0.25;0.17;0.05;-0.04;-0.11;-0.12;-0.11;-0.10;-0.08;-0.07;-0.03;0.02;0.08;0.13;0.17;0.14;-0.06;-0.37;-0.54;-0.19;

----------------------------------------------------------


Curves
==========================================================
Global Strain A3C
Unit [%]
Time [ms];0.00;11.26;22.52;33.78;45.04;56.30;67.56;78.82;90.08;101.34;112.60;123.86;135.12;146.38;157.64;168.90;180.16;191.42;202.68;213.94;225.19;236.45;247.71;258.97;270.23;281.49;292.75;304.01;315.27;326.53;337.79;349.05;360.31;371.57;382.83;394.09;405.35;416.61;427.87;439.13;450.39;461.65;472.91;484.17;495.43;506.69;517.95;529.21;540.47;551.73;562.99;574.25;585.51;596.77;608.03;619.29;630.55;641.81;653.06;664.32;675.58;686.84;698.10;709.36;720.62;731.88;
Total;0.00;-0.12;-0.05;0.22;0.62;1.02;1.26;1.38;1.30;1.07;0.75;0.38;-0.01;-0.32;-0.56;-0.71;-0.77;-0.82;-0.94;-1.10;-1.26;-1.42;-1.60;-1.86;-2.16;-2.49;-2.81;-3.12;-3.39;-3.61;-3.73;-3.82;-3.88;-3.75;-3.55;-3.37;-3.27;-3.33;-3.60;-3.98;-4.39;-4.76;-5.10;-5.36;-5.43;-5.18;-4.68;-3.95;-3.05;-2.02;-0.86;0.17;0.81;1.12;1.22;1.17;1.04;0.90;0.76;0.66;0.60;0.57;0.56;0.52;0.41;0.23;

----------------------------------------------------------


Curves
==========================================================
Global Strain Rate A3C
Unit [1/s]
Time [ms];0.00;11.26;22.52;33.78;45.04;56.30;67.56;78.82;90.08;101.34;112.60;123.86;135.12;146.38;157.64;168.90;180.16;191.42;202.68;213.94;225.19;236.45;247.71;258.97;270.23;281.49;292.75;304.01;315.27;326.53;337.79;349.05;360.31;371.57;382.83;394.09;405.35;416.61;427.87;439.13;450.39;461.65;472.91;484.17;495.43;506.69;517.95;529.21;540.47;551.73;562.99;574.25;585.51;596.77;608.03;619.29;630.55;641.81;653.06;664.32;675.58;686.84;698.10;709.36;720.62;731.88;
Total;-0.13;-0.03;0.16;0.31;0.37;0.29;0.16;0.02;-0.14;-0.25;-0.31;-0.34;-0.31;-0.25;-0.17;-0.09;-0.04;-0.07;-0.13;-0.15;-0.14;-0.15;-0.20;-0.25;-0.28;-0.29;-0.28;-0.26;-0.22;-0.15;-0.09;-0.08;0.03;0.16;0.18;0.13;0.03;-0.15;-0.30;-0.36;-0.35;-0.31;-0.27;-0.17;0.07;0.34;0.55;0.73;0.86;0.99;1.00;0.75;0.41;0.17;0.01;-0.09;-0.13;-0.13;-0.11;-0.07;-0.04;-0.02;-0.02;-0.07;-0.13;-0.19;

----------------------------------------------------------


Curves
==========================================================
Global Strain A4C
Unit [%]
Time [ms];0.00;11.26;22.52;33.78;45.04;56.30;67.56;78.82;90.08;101.34;112.60;123.86;135.12;146.38;157.64;168.90;180.16;191.42;202.68;213.94;225.19;236.45;247.71;258.97;270.23;281.49;292.75;304.01;315.27;326.53;337.79;349.05;360.31;371.57;382.83;394.09;405.35;416.61;427.87;439.13;450.39;461.65;472.91;484.17;495.43;506.69;517.95;529.21;540.47;551.73;562.99;574.25;585.51;596.77;608.03;619.29;630.55;641.81;653.06;664.32;675.58;686.84;698.10;709.36;720.62;731.88;
Total;0.00;-0.64;-0.29;0.48;1.00;1.30;1.54;1.84;2.17;2.41;2.41;2.16;1.73;1.23;0.70;0.21;-0.22;-0.57;-0.83;-1.07;-1.31;-1.55;-1.78;-1.97;-2.13;-2.27;-2.46;-2.69;-2.93;-3.15;-3.33;-3.38;-3.24;-2.85;-2.24;-1.47;-0.62;0.33;1.38;2.50;3.64;4.71;5.57;6.15;6.50;6.67;6.71;6.65;6.53;6.37;6.24;6.13;6.08;6.08;6.12;6.22;6.31;6.34;6.23;6.02;5.90;6.06;6.47;6.47;5.47;2.94;

----------------------------------------------------------


Curves
==========================================================
Global Strain Rate A4C
Unit [1/s]
Time [ms];0.00;11.26;22.52;33.78;45.04;56.30;67.56;78.82;90.08;101.34;112.60;123.86;135.12;146.38;157.64;168.90;180.16;191.42;202.68;213.94;225.19;236.45;247.71;258.97;270.23;281.49;292.75;304.01;315.27;326.53;337.79;349.05;360.31;371.57;382.83;394.09;405.35;416.61;427.87;439.13;450.39;461.65;472.91;484.17;495.43;506.69;517.95;529.21;540.47;551.73;562.99;574.25;585.51;596.77;608.03;619.29;630.55;641.81;653.06;664.32;675.58;686.84;698.10;709.36;720.62;731.88;
Total;-0.71;-0.15;0.59;0.61;0.35;0.22;0.23;0.29;0.27;0.12;-0.11;-0.31;-0.42;-0.47;-0.46;-0.41;-0.34;-0.27;-0.22;-0.21;-0.21;-0.21;-0.19;-0.16;-0.13;-0.14;-0.19;-0.22;-0.21;-0.18;-0.11;0.03;0.23;0.45;0.62;0.73;0.80;0.89;0.97;1.02;1.00;0.87;0.64;0.41;0.22;0.09;-0.02;-0.09;-0.13;-0.13;-0.11;-0.07;-0.02;0.02;0.06;0.09;0.07;-0.03;-0.16;-0.17;0.00;0.30;0.26;-0.37;-1.61;-2.53;

----------------------------------------------------------


