PatientInformation
==========================================================
PatientID;No patientID
Name;,,
Date of Birth;
Sex;
Version;AutoStrainCap2 2.1.0.491925

Results
==========================================================
Global
----------------------------------------------------------
RVFWSL;-26.86;%
RV4CSL;-22.74;%
ED;0.00;ms
ES;212.14;ms

Curves
==========================================================
Longitudinal Strain
Unit [%]
Time [ms];0.00;8.35;16.70;25.06;33.41;41.76;50.11;58.46;66.82;75.17;83.52;91.87;100.22;108.58;116.93;125.28;133.63;141.98;150.34;158.69;167.04;175.39;183.74;192.10;200.45;208.80;217.15;225.50;233.86;242.21;250.56;258.91;267.26;275.62;283.97;292.32;300.67;309.02;317.38;325.73;334.08;342.43;350.78;359.14;367.49;375.84;384.19;392.54;400.90;409.25;417.60;425.95;434.30;442.66;451.01;459.36;467.71;476.06;484.42;492.77;501.12;509.47;517.82;526.18;534.53;542.88;551.23;559.58;567.94;576.29;584.64;592.99;601.34;609.70;618.05;626.40;634.75;643.10;651.46;659.81;668.16;676.51;684.86;693.22;701.57;709.92;718.27;726.62;734.98;743.33;751.68;760.03;768.38;776.74;785.09;
Basal;0.00;-0.62;-0.87;-1.02;-1.41;-2.36;-3.77;-5.41;-7.11;-8.67;-10.15;-11.59;-13.09;-14.57;-15.98;-17.22;-18.21;-19.17;-19.91;-20.51;-21.00;-21.56;-22.07;-22.54;-23.01;-23.44;-24.15;-24.75;-25.20;-25.57;-25.74;-25.73;-25.60;-25.29;-24.91;-24.40;-23.69;-22.87;-21.90;-20.90;-20.02;-19.32;-18.82;-18.44;-18.16;-17.90;-17.65;-17.36;-16.98;-16.34;-15.56;-14.64;-13.63;-12.55;-11.36;-10.04;-8.56;-7.00;-5.30;-3.55;-1.78;-0.03;1.59;2.95;3.95;4.44;4.59;4.51;4.36;4.25;4.18;4.14;4.10;4.06;4.02;3.98;3.95;3.94;3.93;3.94;3.96;4.00;4.05;4.10;4.15;4.19;4.26;4.38;4.59;4.96;5.25;5.24;4.74;3.40;1.72;
Mid;0.00;-0.73;-1.06;-1.27;-1.69;-2.69;-4.14;-5.80;-7.46;-8.93;-10.31;-11.73;-13.35;-15.29;-17.31;-19.19;-20.72;-21.69;-22.25;-22.60;-22.92;-23.60;-24.31;-24.92;-25.31;-25.43;-25.26;-24.81;-24.08;-22.99;-21.80;-20.67;-19.78;-19.39;-19.22;-19.02;-18.63;-17.79;-16.75;-15.67;-14.73;-14.20;-13.88;-13.64;-13.40;-12.95;-12.45;-11.89;-11.32;-10.64;-9.96;-9.24;-8.50;-7.76;-6.94;-5.95;-4.69;-3.24;-1.57;0.17;1.90;3.55;5.02;6.21;7.03;7.31;7.24;6.96;6.62;6.37;6.17;6.01;5.86;5.69;5.52;5.37;5.22;5.09;4.98;4.90;4.84;4.80;4.78;4.77;4.74;4.69;4.66;4.69;4.83;5.16;5.43;5.41;4.87;3.48;1.75;
Apical;0.00;-1.12;-1.83;-2.35;-3.03;-4.25;-5.90;-7.71;-9.48;-11.00;-12.42;-13.88;-15.53;-17.44;-19.45;-21.35;-23.01;-24.47;-25.66;-26.70;-27.70;-28.88;-29.97;-30.81;-31.28;-31.23;-30.23;-29.04;-27.82;-26.78;-25.85;-25.05;-24.40;-23.92;-23.53;-23.13;-22.61;-21.92;-21.11;-20.28;-19.57;-19.16;-18.91;-18.71;-18.47;-17.93;-17.31;-16.64;-15.98;-15.32;-14.69;-14.06;-13.44;-12.90;-12.25;-11.43;-10.34;-9.02;-7.48;-5.88;-4.29;-2.81;-1.49;-0.41;0.40;0.85;1.05;1.10;1.09;1.09;1.13;1.18;1.23;1.26;1.30;1.34;1.38;1.43;1.47;1.52;1.60;1.70;1.81;1.94;2.06;2.20;2.36;2.59;2.90;3.41;3.86;4.07;3.82;2.76;1.40;

----------------------------------------------------------


