PatientInformation
==========================================================
PatientID;No patientID
Name;,,
Date of Birth;
Sex;
Version;AutoStrainCap2 2.1.0.491925

Results
==========================================================
Global
----------------------------------------------------------
LaSr_ED;33.54;%
LaScd_ED;-17.52;%
LaSct_ED;-16.02;%
LaSr_AC;28.91;%
LaScd_AC;-15.10;%
LaSct_AC;-13.81;%
ED;0.00;ms
ES;423.12;ms
PreA;661.24;ms

Curves
==========================================================
Longitudinal Strain
Unit [%]
Time [ms];0.00;18.32;36.63;54.95;73.27;91.58;109.90;128.22;146.53;164.85;183.17;201.48;219.80;238.12;256.44;274.75;293.07;311.39;329.70;348.02;366.34;384.65;402.97;421.29;439.60;457.92;476.24;494.55;512.87;531.19;549.50;567.82;586.14;604.45;622.77;641.09;659.40;677.72;696.04;714.36;732.67;750.99;769.31;787.62;805.94;824.26;842.57;860.89;879.21;
LAS_ED;0.00;1.61;3.65;5.45;7.55;10.18;12.73;14.69;16.55;19.02;21.53;23.78;25.92;27.88;29.74;31.23;32.15;31.54;30.79;30.90;31.28;32.01;32.75;33.54;32.54;29.02;25.14;22.46;20.75;19.39;18.31;17.25;16.60;16.69;16.69;16.35;16.02;16.18;16.26;15.58;13.79;11.74;9.48;7.42;5.99;3.64;1.99;0.92;0.61;
LAS_AC;-13.81;-12.42;-10.66;-9.11;-7.31;-5.04;-2.84;-1.15;0.46;2.58;4.75;6.68;8.53;10.22;11.83;13.11;13.90;13.38;12.73;12.82;13.15;13.78;14.42;15.10;14.24;11.20;7.86;5.55;4.08;2.91;1.97;1.06;0.50;0.58;0.58;0.28;0.00;0.14;0.21;-0.38;-1.92;-3.69;-5.64;-7.41;-8.65;-10.67;-12.10;-13.01;-13.28;

----------------------------------------------------------


