PatientInformation
==========================================================
PatientID;No patientID
Name;,,
Date of Birth;
Sex;
Version;AutoStrainCap2 2.1.0.491925

Results
==========================================================
Global
----------------------------------------------------------
RVFWSL;-24.96;%
RV4CSL;-21.19;%
ED;0.00;ms
ES;344.68;ms

Curves
==========================================================
Longitudinal Strain
Unit [%]
Time [ms];0.00;10.54;21.08;31.62;42.16;52.70;63.24;73.79;84.33;94.87;105.41;115.95;126.49;137.03;147.57;158.11;168.65;179.19;189.73;200.28;210.82;221.36;231.90;242.44;252.98;263.52;274.06;284.60;295.14;305.68;316.22;326.76;337.31;347.85;358.39;368.93;379.47;390.01;400.55;411.09;421.63;432.17;442.71;453.25;463.80;474.34;484.88;495.42;505.96;516.50;527.04;537.58;548.12;558.66;569.20;579.74;590.28;600.83;611.37;621.91;632.45;642.99;653.53;664.07;674.61;685.15;695.69;706.23;716.77;727.32;737.86;748.40;758.94;769.48;780.02;790.56;801.10;811.64;822.18;832.72;843.26;853.80;864.35;874.89;885.43;895.97;906.51;917.05;927.59;938.13;
Basal;0.00;-1.94;-3.82;-5.46;-6.85;-7.62;-8.27;-8.88;-9.48;-10.29;-11.18;-12.22;-13.36;-14.50;-15.68;-16.82;-17.83;-18.78;-19.54;-20.21;-20.90;-21.64;-22.46;-23.26;-23.99;-24.67;-25.23;-25.67;-25.97;-26.14;-26.23;-26.24;-26.21;-26.11;-25.94;-25.72;-25.43;-25.10;-24.64;-24.03;-23.21;-22.11;-20.75;-19.14;-17.23;-15.18;-12.98;-10.82;-8.92;-7.35;-6.19;-5.36;-4.87;-4.48;-4.39;-4.53;-4.96;-5.81;-6.74;-7.59;-8.11;-8.24;-8.03;-7.72;-7.42;-7.35;-7.38;-7.51;-7.65;-7.72;-7.79;-7.89;-8.02;-8.23;-8.38;-8.41;-8.18;-7.79;-7.09;-6.02;-4.71;-2.76;-0.69;1.32;3.01;3.53;3.48;2.85;1.91;1.06;
Mid;0.00;-1.97;-3.91;-5.57;-6.91;-7.50;-7.92;-8.29;-8.74;-9.55;-10.55;-11.70;-12.93;-14.20;-15.46;-16.67;-17.78;-18.75;-19.58;-20.29;-20.91;-21.34;-21.69;-21.92;-21.97;-21.87;-21.63;-21.37;-21.19;-21.39;-21.73;-22.13;-22.54;-22.96;-23.31;-23.55;-23.63;-23.40;-22.96;-22.32;-21.52;-20.48;-19.23;-17.77;-16.06;-14.19;-12.21;-10.31;-8.66;-7.59;-6.91;-6.57;-6.59;-6.82;-7.32;-7.92;-8.49;-8.78;-8.91;-8.93;-8.84;-8.74;-8.57;-8.39;-8.27;-8.30;-8.42;-8.60;-8.79;-8.93;-9.07;-9.24;-9.43;-9.70;-9.90;-9.90;-9.53;-8.66;-7.37;-5.79;-4.03;-2.22;-0.43;1.20;2.48;3.04;3.07;2.63;1.85;1.06;
Apical;0.00;-2.19;-4.56;-6.74;-8.62;-9.42;-10.09;-10.70;-11.37;-12.35;-13.46;-14.68;-15.89;-16.98;-18.01;-18.99;-19.91;-20.71;-21.41;-22.01;-22.53;-23.06;-23.53;-23.91;-24.16;-24.40;-24.54;-24.67;-24.82;-25.08;-25.37;-25.64;-25.81;-25.80;-25.65;-25.42;-25.14;-24.84;-24.49;-24.02;-23.42;-22.51;-21.44;-20.21;-18.79;-17.24;-15.60;-13.98;-12.47;-11.26;-10.27;-9.48;-8.93;-8.43;-8.14;-7.96;-7.87;-7.99;-8.13;-8.24;-8.29;-8.26;-8.20;-8.16;-8.17;-8.25;-8.37;-8.54;-8.71;-8.83;-8.95;-9.07;-9.21;-9.32;-9.35;-9.22;-8.82;-8.19;-7.23;-5.95;-4.44;-2.64;-0.79;0.92;2.24;2.62;2.47;1.89;1.11;0.65;

----------------------------------------------------------


