PatientInformation
==========================================================
PatientID;No patientID
Name;,,
Date of Birth;
Sex;
Version;AutoStrainCap2 2.1.0.491925

Results
==========================================================
Global
----------------------------------------------------------
LaSr_ED;30.91;%
LaScd_ED;-21.49;%
LaSct_ED;-9.42;%
LaSr_AC;28.25;%
LaScd_AC;-19.64;%
LaSct_AC;-8.61;%
ED;0.00;ms
ES;331.68;ms
PreA;560.30;ms

Curves
==========================================================
Longitudinal Strain
Unit [%]
Time [ms];0.00;18.74;37.48;56.22;74.96;93.70;112.44;131.17;149.91;168.65;187.39;206.13;224.87;243.61;262.35;281.09;299.83;318.57;337.31;356.04;374.78;393.52;412.26;431.00;449.74;468.48;487.22;505.96;524.70;543.44;562.18;580.91;599.65;618.39;637.13;655.87;674.61;693.35;712.09;730.83;749.57;768.31;
LAS_ED;0.00;0.55;-0.27;-0.65;-0.79;-0.24;0.87;2.67;5.28;8.90;13.05;17.33;20.79;22.95;24.84;27.47;29.79;30.66;30.85;29.78;28.45;27.51;26.63;25.71;23.82;19.65;15.36;12.64;10.86;9.81;9.40;9.36;9.44;9.22;8.83;8.40;7.77;6.14;4.12;1.86;-0.18;-0.62;
LAS_AC;-8.59;-8.09;-8.84;-9.19;-9.32;-8.82;-7.80;-6.15;-3.77;-0.46;3.33;7.24;10.41;12.38;14.11;16.52;18.64;19.43;19.60;18.62;17.41;16.55;15.74;14.91;13.18;9.37;5.45;2.96;1.33;0.37;0.00;-0.04;0.04;-0.16;-0.53;-0.92;-1.49;-2.98;-4.82;-6.89;-8.76;-9.16;

----------------------------------------------------------


