PatientInformation
==========================================================
PatientID;No patientID
Name;,,
Date of Birth;
Sex;
Version;AutoStrainCap2 2.1.0.491925

Results
==========================================================
Global
----------------------------------------------------------
RVFWSL;-36.08;%
RV4CSL;-30.47;%
ED;0.00;ms
ES;402.19;ms

Curves
==========================================================
Longitudinal Strain
Unit [%]
Time [ms];0.00;7.56;15.12;22.68;30.24;37.80;45.36;52.92;60.48;68.04;75.60;83.16;90.72;98.28;105.84;113.40;120.96;128.52;136.08;143.64;151.20;158.76;166.32;173.88;181.44;189.00;196.56;204.12;211.68;219.24;226.80;234.36;241.92;249.48;257.04;264.60;272.16;279.72;287.28;294.84;302.40;309.96;317.52;325.08;332.64;340.20;347.76;355.32;362.88;370.44;378.00;385.56;393.12;400.68;408.24;415.80;423.36;430.92;438.48;446.04;453.60;461.16;468.72;476.28;483.84;491.40;498.96;506.52;514.08;521.64;529.20;536.76;544.32;551.88;559.44;567.00;574.56;582.12;589.68;597.24;604.80;612.36;619.92;627.48;635.04;642.60;650.16;657.72;665.28;672.84;680.40;687.96;695.52;703.08;710.64;718.20;725.76;733.32;740.88;748.44;756.00;763.56;771.12;
Basal;0.00;-0.36;-0.25;0.01;0.35;0.57;0.11;-0.61;-1.55;-2.54;-3.54;-4.31;-5.03;-5.71;-6.37;-7.04;-7.74;-8.50;-9.32;-10.26;-11.30;-12.58;-13.88;-15.21;-16.43;-17.57;-18.49;-19.34;-20.13;-20.95;-21.83;-22.84;-23.92;-25.06;-26.18;-27.30;-28.39;-29.43;-30.35;-31.13;-31.69;-32.04;-32.21;-32.37;-32.63;-33.18;-34.22;-35.53;-36.90;-38.22;-39.34;-40.13;-40.61;-40.81;-40.76;-40.40;-39.76;-38.89;-37.82;-36.63;-35.40;-34.23;-33.11;-32.06;-31.12;-30.29;-29.60;-29.03;-28.56;-28.17;-27.84;-27.53;-27.25;-27.01;-26.78;-26.59;-26.39;-26.23;-26.06;-25.92;-25.78;-25.69;-25.54;-25.29;-24.87;-24.23;-23.36;-22.24;-20.85;-19.19;-17.21;-14.74;-11.88;-8.75;-5.54;-2.53;0.00;1.93;3.29;3.86;3.80;2.58;1.26;
Mid;0.00;-1.13;-1.36;-1.10;-0.58;-0.10;-0.20;-0.61;-1.24;-1.99;-2.80;-3.56;-4.33;-5.08;-5.84;-6.61;-7.38;-8.17;-9.00;-9.87;-10.75;-11.72;-12.66;-13.59;-14.46;-15.29;-16.04;-16.77;-17.47;-18.19;-18.95;-19.75;-20.59;-21.46;-22.32;-23.16;-23.97;-24.72;-25.40;-26.00;-26.51;-26.97;-27.35;-27.71;-28.08;-28.50;-29.01;-29.58;-30.17;-30.76;-31.34;-31.92;-32.42;-32.75;-32.84;-32.65;-32.16;-31.42;-30.48;-29.43;-28.37;-27.41;-26.54;-25.80;-25.20;-24.79;-24.59;-24.57;-24.64;-24.77;-24.86;-24.79;-24.65;-24.45;-24.21;-23.95;-23.69;-23.42;-23.14;-22.88;-22.62;-22.36;-22.04;-21.59;-20.94;-20.02;-18.78;-17.23;-15.42;-13.37;-11.15;-8.72;-6.12;-3.39;-0.68;1.86;4.10;5.85;6.98;7.30;6.71;4.75;2.36;
Apical;0.00;-1.24;-1.88;-2.11;-2.06;-1.96;-2.24;-2.73;-3.43;-4.24;-5.10;-5.84;-6.56;-7.26;-7.97;-8.71;-9.51;-10.36;-11.23;-12.14;-13.03;-13.98;-14.88;-15.74;-16.53;-17.29;-18.00;-18.69;-19.37;-20.06;-20.77;-21.52;-22.30;-23.09;-23.86;-24.61;-25.35;-26.04;-26.66;-27.20;-27.66;-28.13;-28.52;-28.86;-29.17;-29.52;-30.00;-30.53;-31.07;-31.61;-32.12;-32.51;-32.81;-32.97;-32.72;-32.22;-31.55;-30.65;-29.55;-28.34;-27.07;-25.87;-24.72;-23.67;-22.75;-22.04;-21.51;-21.18;-20.97;-20.82;-20.66;-20.42;-20.12;-19.78;-19.39;-18.97;-18.51;-18.05;-17.58;-17.15;-16.74;-16.34;-15.90;-15.35;-14.61;-13.60;-12.35;-10.82;-9.07;-7.16;-5.14;-2.97;-0.72;1.55;3.74;5.70;7.24;8.26;8.69;8.31;7.13;4.84;2.34;

----------------------------------------------------------


