PatientInformation
==========================================================
PatientID;No patientID
Name;,,
Date of Birth;
Sex;
Version;AutoStrainCap2 2.1.0.491925

Results
==========================================================
Global
----------------------------------------------------------
LaSr_ED;13.76;%
LaScd_ED;-20.66;%
LaSct_ED;6.91;%
LaSr_AC;14.62;%
LaScd_AC;-21.96;%
LaSct_AC;7.34;%
ED;0.00;ms
ES;283.96;ms
PreA;520.93;ms

Curves
==========================================================
Longitudinal Strain
Unit [%]
Time [ms];0.00;20.43;40.86;61.29;81.72;102.14;122.57;143.00;163.43;183.86;204.29;224.72;245.15;265.57;286.00;306.43;326.86;347.29;367.72;388.15;408.58;429.01;449.43;469.86;490.29;510.72;531.15;551.58;572.01;592.44;612.86;633.29;653.72;674.15;694.58;715.01;735.44;
LAS_ED;0.00;-1.10;0.51;2.22;6.33;7.89;8.75;8.88;9.97;10.55;10.39;10.97;13.05;13.32;13.75;12.83;11.09;10.11;7.13;4.45;0.76;-3.09;-6.03;-7.12;-7.29;-7.66;-5.92;-4.84;-4.17;-4.65;-4.51;-4.20;-4.96;-4.63;-3.73;-2.48;-0.81;
LAS_AC;6.30;5.13;6.84;8.66;13.02;14.68;15.60;15.73;16.90;17.51;17.34;17.95;20.17;20.46;20.91;19.94;18.09;17.04;13.88;11.02;7.11;3.02;-0.11;-1.27;-1.45;-1.85;0.00;1.15;1.87;1.36;1.50;1.83;1.02;1.37;2.33;3.66;5.44;

----------------------------------------------------------


