PatientInformation
==========================================================
PatientID;No patientID
Name;,,
Date of Birth;
Sex;
Version;AutoStrainCap2 2.1.0.491925

Results
==========================================================
Global
----------------------------------------------------------
RVFWSL;-17.40;%
RV4CSL;-17.53;%
ED;0.00;ms
ES;315.19;ms

Curves
==========================================================
Longitudinal Strain
Unit [%]
Time [ms];0.00;13.82;27.65;41.47;55.30;69.12;82.94;96.77;110.59;124.42;138.24;152.06;165.89;179.71;193.54;207.36;221.18;235.01;248.83;262.66;276.48;290.30;304.13;317.95;331.78;345.60;359.42;373.25;387.07;400.90;414.72;428.54;442.37;456.19;470.02;483.84;497.66;511.49;525.31;539.14;552.96;
Basal;0.00;0.34;1.74;3.37;4.65;4.77;4.72;5.04;4.98;4.02;2.73;1.63;0.75;0.20;-0.51;-1.84;-3.49;-5.11;-6.12;-6.58;-6.69;-7.27;-8.23;-9.16;-9.87;-10.14;-9.82;-8.80;-7.17;-5.03;-2.69;-0.58;1.15;2.44;3.21;3.21;2.86;2.41;2.22;2.65;2.40;
Mid;0.00;-1.31;-1.66;-1.25;-1.26;-3.00;-4.89;-5.68;-6.36;-7.66;-9.04;-10.09;-10.83;-11.20;-11.71;-12.87;-14.41;-15.99;-17.02;-17.13;-16.87;-17.03;-17.52;-17.95;-18.13;-17.86;-16.98;-15.38;-13.11;-10.25;-7.16;-4.31;-1.93;-0.10;1.11;1.56;1.61;1.53;1.68;2.47;2.43;
Apical;0.00;-1.22;-1.59;-1.60;-2.12;-4.09;-6.22;-7.57;-8.94;-11.13;-13.50;-15.53;-17.26;-18.54;-19.78;-21.44;-23.21;-24.84;-25.73;-25.52;-24.89;-24.51;-24.38;-23.89;-23.16;-22.15;-20.67;-18.56;-15.98;-13.00;-9.85;-6.86;-4.24;-2.09;-0.46;0.33;0.74;0.97;1.39;2.40;2.50;

----------------------------------------------------------


