PatientInformation
==========================================================
PatientID;No patientID
Name;,,
Date of Birth;
Sex;
Version;AutoStrainCap2 2.1.0.491925

Results
==========================================================
Global
----------------------------------------------------------
LaSr_ED;45.75;%
LaScd_ED;-15.35;%
LaSct_ED;-30.40;%
LaSr_AC;35.09;%
LaScd_AC;-11.77;%
LaSct_AC;-23.32;%
ED;0.00;ms
ES;453.52;ms
PreA;778.34;ms

Curves
==========================================================
Longitudinal Strain
Unit [%]
Time [ms];0.00;20.43;40.86;61.29;81.72;102.14;122.57;143.00;163.43;183.86;204.29;224.72;245.15;265.57;286.00;306.43;326.86;347.29;367.72;388.15;408.58;429.01;449.43;469.86;490.29;510.72;531.15;551.58;572.01;592.44;612.86;633.29;653.72;674.15;694.58;715.01;735.44;755.87;776.29;796.72;817.15;837.58;858.01;878.44;898.87;919.30;939.73;960.15;980.58;1001.01;1021.44;1041.87;1062.30;1082.73;
LAS_ED;0.00;-3.74;-1.33;0.51;3.00;7.19;12.04;16.47;20.43;23.03;25.82;29.28;32.53;34.69;36.49;38.67;40.33;40.08;40.18;40.82;42.65;44.71;45.73;45.15;43.07;40.37;37.42;34.34;31.60;29.15;27.32;26.52;26.30;26.73;27.61;28.35;29.11;29.79;30.36;30.63;30.79;30.76;30.71;30.64;30.52;30.48;29.97;27.76;24.27;19.04;12.81;6.81;2.78;1.21;
LAS_AC;-23.29;-26.16;-24.31;-22.90;-20.98;-17.77;-14.05;-10.65;-7.61;-5.62;-3.48;-0.83;1.66;3.33;4.70;6.38;7.65;7.46;7.54;8.03;9.43;11.01;11.79;11.35;9.75;7.68;5.41;3.05;0.95;-0.93;-2.33;-2.94;-3.11;-2.79;-2.11;-1.54;-0.96;-0.43;0.00;0.21;0.33;0.31;0.27;0.22;0.12;0.09;-0.30;-1.99;-4.67;-8.68;-13.46;-18.06;-21.16;-22.36;

----------------------------------------------------------


