PatientInformation
==========================================================
PatientID;No patientID
Name;,,
Date of Birth;
Sex;
Version;AutoStrainCap2 2.1.0.491925

Results
==========================================================
Global
----------------------------------------------------------
RVFWSL;-16.84;%
RV4CSL;-14.76;%
ED;0.00;ms
ES;439.35;ms

Curves
==========================================================
Longitudinal Strain
Unit [%]
Time [ms];0.00;10.01;20.02;30.02;40.03;50.04;60.05;70.06;80.06;90.07;100.08;110.09;120.10;130.10;140.11;150.12;160.13;170.14;180.14;190.15;200.16;210.17;220.18;230.18;240.19;250.20;260.21;270.22;280.22;290.23;300.24;310.25;320.26;330.26;340.27;350.28;360.29;370.30;380.30;390.31;400.32;410.33;420.34;430.34;440.35;450.36;460.37;470.38;480.38;490.39;500.40;510.41;520.42;530.42;540.43;550.44;560.45;570.46;580.46;590.47;600.48;610.49;620.50;630.50;640.51;650.52;660.53;670.54;680.54;690.55;700.56;710.57;720.58;730.58;740.59;750.60;760.61;770.62;780.62;790.63;800.64;810.65;820.66;830.66;840.67;850.68;860.69;870.70;880.70;890.71;900.72;910.73;920.74;930.74;940.75;950.76;960.77;970.78;980.78;990.79;1000.80;1010.81;1020.82;1030.82;1040.83;1050.84;1060.85;1070.86;1080.86;
Basal;0.00;0.39;0.46;0.33;0.16;0.06;0.13;0.27;0.42;0.44;0.32;-0.27;-1.00;-1.88;-2.77;-3.66;-4.35;-4.98;-5.58;-6.17;-6.79;-7.48;-8.20;-8.93;-9.61;-10.25;-10.73;-11.18;-11.58;-12.00;-12.41;-12.95;-13.46;-13.95;-14.34;-14.63;-14.80;-14.88;-14.88;-14.86;-14.88;-14.98;-15.11;-15.24;-15.33;-15.35;-15.10;-14.75;-14.25;-13.63;-12.87;-11.98;-11.04;-10.09;-9.25;-8.59;-8.14;-7.88;-7.71;-7.60;-7.44;-7.37;-7.23;-7.09;-6.95;-6.83;-6.69;-6.59;-6.53;-6.54;-6.59;-6.75;-6.95;-7.19;-7.42;-7.66;-7.83;-7.99;-8.11;-8.24;-8.36;-8.47;-8.59;-8.71;-8.83;-8.96;-9.10;-9.22;-9.27;-9.21;-8.99;-8.62;-8.10;-7.48;-6.85;-6.21;-5.68;-5.18;-4.78;-4.42;-4.16;-3.89;-3.67;-3.39;-3.08;-2.71;-2.29;-1.69;-0.89;
Mid;0.00;1.02;1.56;1.87;1.99;2.18;2.10;2.11;2.00;1.79;1.40;0.69;-0.18;-1.18;-2.23;-3.28;-4.22;-5.12;-5.98;-6.84;-7.72;-8.61;-9.52;-10.43;-11.30;-12.13;-12.84;-13.51;-14.13;-14.72;-15.27;-15.82;-16.32;-16.79;-17.19;-17.55;-17.85;-18.08;-18.25;-18.35;-18.38;-18.31;-18.17;-17.95;-17.72;-17.39;-16.97;-16.45;-15.85;-15.22;-14.56;-14.22;-13.87;-13.58;-13.25;-12.96;-12.32;-11.71;-11.07;-10.49;-9.95;-9.58;-9.27;-9.03;-8.84;-8.70;-8.60;-8.56;-8.55;-8.60;-8.70;-8.87;-9.08;-9.32;-9.55;-9.79;-9.98;-10.16;-10.31;-10.46;-10.59;-10.71;-10.84;-10.96;-11.09;-11.23;-11.40;-11.54;-11.62;-11.62;-11.53;-11.37;-11.12;-10.79;-10.42;-10.01;-9.52;-9.04;-8.61;-8.26;-8.00;-7.88;-7.75;-7.54;-7.09;-6.40;-5.12;-3.56;-1.78;
Apical;0.00;0.48;0.54;0.38;0.12;-0.03;-0.08;-0.01;0.03;-0.03;-0.27;-0.96;-1.83;-2.83;-3.87;-4.90;-5.77;-6.58;-7.35;-8.12;-8.89;-9.66;-10.45;-11.24;-12.00;-12.75;-13.41;-14.05;-14.65;-15.22;-15.73;-16.27;-16.74;-17.15;-17.50;-17.83;-18.18;-18.49;-18.72;-18.83;-18.83;-18.64;-18.35;-17.97;-17.75;-17.48;-17.17;-16.82;-16.41;-15.97;-15.44;-14.88;-14.25;-13.61;-12.93;-12.27;-11.41;-10.57;-9.70;-8.88;-8.13;-7.64;-7.26;-6.99;-6.80;-6.70;-6.66;-6.68;-6.76;-6.91;-7.10;-7.35;-7.62;-7.92;-8.19;-8.44;-8.63;-8.79;-8.92;-9.05;-9.18;-9.31;-9.46;-9.61;-9.76;-9.92;-10.10;-10.24;-10.32;-10.31;-10.17;-9.92;-9.55;-9.09;-8.59;-8.08;-7.52;-7.00;-6.55;-6.18;-5.91;-5.76;-5.59;-5.35;-4.92;-4.29;-3.43;-2.34;-1.14;

----------------------------------------------------------


