PatientInformation
==========================================================
PatientID;No patientID
Name;,,
Date of Birth;
Sex;
Version;AutoStrainCap2 2.1.0.491925

Results
==========================================================
Global
----------------------------------------------------------
LaSr_ED;27.85;%
LaScd_ED;-18.19;%
LaSct_ED;-9.66;%
LaSr_AC;25.39;%
LaScd_AC;-16.59;%
LaSct_AC;-8.80;%
ED;0.00;ms
ES;350.03;ms
PreA;698.05;ms

Curves
==========================================================
Longitudinal Strain
Unit [%]
Time [ms];0.00;10.06;20.12;30.18;40.23;50.29;60.35;70.41;80.47;90.53;100.58;110.64;120.70;130.76;140.82;150.88;160.93;170.99;181.05;191.11;201.17;211.23;221.28;231.34;241.40;251.46;261.52;271.58;281.64;291.69;301.75;311.81;321.87;331.93;341.99;352.04;362.10;372.16;382.22;392.28;402.34;412.39;422.45;432.51;442.57;452.63;462.69;472.74;482.80;492.86;502.92;512.98;523.04;533.10;543.15;553.21;563.27;573.33;583.39;593.45;603.50;613.56;623.62;633.68;643.74;653.80;663.85;673.91;683.97;694.03;704.09;714.15;724.21;734.26;744.32;754.38;764.44;774.50;784.56;794.61;804.67;814.73;824.79;834.85;844.91;854.96;865.02;875.08;885.14;895.20;905.26;915.31;925.37;935.43;945.49;955.55;965.61;975.67;985.72;995.78;1005.84;1015.90;1025.96;1036.02;
LAS_ED;0.00;-0.70;-1.00;-0.97;-0.69;-0.08;0.30;0.88;1.47;2.12;2.95;3.97;5.21;6.48;7.98;9.42;11.14;12.73;14.44;15.92;17.41;18.49;19.54;20.41;21.28;22.15;23.00;23.86;24.77;25.58;26.42;26.91;27.36;27.66;27.78;27.84;27.56;27.27;26.81;26.35;25.83;25.62;25.23;24.54;23.32;21.56;18.95;16.03;12.93;10.16;7.74;6.02;4.79;4.20;4.02;4.38;4.91;5.79;6.74;7.75;8.62;9.37;9.88;10.22;10.38;10.40;10.27;10.06;9.85;9.68;9.65;9.65;9.81;10.04;10.32;10.57;10.86;11.09;11.32;11.54;11.79;12.00;12.23;12.53;12.82;13.18;13.65;14.13;14.46;14.75;14.76;14.45;13.85;13.22;12.41;11.57;10.84;10.09;9.31;8.35;7.51;5.34;3.39;1.55;
LAS_AC;-8.83;-9.46;-9.74;-9.71;-9.46;-8.89;-8.55;-8.02;-7.48;-6.89;-6.14;-5.21;-4.07;-2.91;-1.55;-0.23;1.33;2.78;4.34;5.69;7.05;8.04;8.99;9.79;10.58;11.37;12.14;12.93;13.76;14.49;15.27;15.71;16.12;16.39;16.50;16.56;16.30;16.04;15.62;15.20;14.73;14.54;14.18;13.55;12.44;10.83;8.45;5.79;2.96;0.44;-1.77;-3.33;-4.46;-4.99;-5.16;-4.83;-4.35;-3.54;-2.68;-1.76;-0.97;-0.28;0.18;0.50;0.64;0.66;0.54;0.35;0.16;0.00;-0.03;-0.03;0.12;0.33;0.58;0.81;1.07;1.29;1.49;1.70;1.92;2.11;2.33;2.59;2.87;3.19;3.62;4.06;4.36;4.62;4.63;4.35;3.80;3.23;2.49;1.73;1.06;0.37;-0.34;-1.21;-1.98;-3.95;-5.74;-7.41;

----------------------------------------------------------


