PatientInformation
==========================================================
PatientID;No patientID
Name;,,
Date of Birth;
Sex;
Version;AutoStrainCap2 2.1.0.491925

Results
==========================================================
Global
----------------------------------------------------------
RVFWSL;-26.72;%
RV4CSL;-23.63;%
ED;0.00;ms
ES;400.93;ms

Curves
==========================================================
Longitudinal Strain
Unit [%]
Time [ms];0.00;9.32;18.65;27.97;37.30;46.62;55.94;65.27;74.59;83.92;93.24;102.56;111.89;121.21;130.54;139.86;149.18;158.51;167.83;177.16;186.48;195.80;205.13;214.45;223.78;233.10;242.42;251.75;261.07;270.40;279.72;289.04;298.37;307.69;317.02;326.34;335.66;344.99;354.31;363.64;372.96;382.28;391.61;400.93;410.26;419.58;428.90;438.23;447.55;456.88;466.20;475.52;484.85;494.17;503.50;512.82;522.14;531.47;540.79;550.12;559.44;568.76;578.09;587.41;596.74;606.06;615.38;624.71;634.03;643.36;652.68;662.00;671.33;680.65;689.98;699.30;708.62;717.95;727.27;736.60;745.92;755.24;764.57;773.89;783.22;792.54;801.86;811.19;820.51;829.84;839.16;848.48;857.81;867.13;876.46;885.78;895.10;904.43;913.75;923.08;932.40;941.72;951.05;960.37;969.70;979.02;988.34;997.67;1006.99;
Basal;0.00;-0.42;-1.00;-1.71;-2.50;-3.32;-4.32;-5.29;-6.22;-7.10;-7.92;-8.69;-9.44;-10.22;-11.05;-12.00;-12.93;-13.95;-14.94;-15.94;-16.79;-17.89;-18.86;-19.81;-20.70;-21.59;-22.42;-23.23;-23.97;-24.63;-25.21;-25.78;-26.24;-26.57;-26.77;-26.81;-26.72;-26.47;-26.16;-25.72;-25.42;-24.90;-24.50;-23.92;-23.20;-22.71;-21.84;-20.65;-19.17;-17.43;-15.29;-13.10;-10.65;-8.18;-5.83;-3.62;-1.93;-0.49;0.73;1.66;2.47;2.96;3.34;3.50;3.53;3.42;3.22;2.94;2.55;2.13;1.61;1.16;0.64;0.18;-0.27;-0.67;-1.02;-1.34;-1.64;-1.91;-2.20;-2.44;-2.71;-2.96;-3.20;-3.40;-3.56;-3.72;-3.93;-4.25;-4.71;-5.41;-6.10;-6.60;-6.73;-6.26;-5.00;-3.22;-1.24;0.68;2.22;2.98;3.21;3.07;2.69;2.19;1.78;1.32;0.74;
Mid;0.00;-0.67;-1.57;-2.61;-3.71;-4.78;-5.78;-6.70;-7.55;-8.36;-9.13;-9.98;-10.85;-11.76;-12.74;-13.83;-14.99;-16.20;-17.43;-18.63;-19.79;-21.04;-22.23;-23.35;-24.38;-25.27;-25.98;-26.55;-27.02;-27.40;-27.71;-27.96;-28.14;-28.23;-28.23;-28.09;-27.81;-27.41;-26.94;-26.43;-25.86;-25.31;-24.64;-23.86;-22.92;-22.18;-21.11;-19.94;-18.68;-17.33;-15.96;-14.74;-13.55;-12.36;-11.18;-9.99;-8.96;-7.96;-7.05;-6.22;-5.48;-4.84;-4.32;-3.93;-3.68;-3.59;-3.57;-3.69;-3.90;-4.18;-4.50;-4.81;-5.11;-5.38;-5.62;-5.83;-6.04;-6.21;-6.37;-6.51;-6.64;-6.75;-6.86;-6.96;-7.06;-7.12;-7.14;-7.16;-7.22;-7.34;-7.55;-7.88;-8.17;-8.28;-8.07;-7.43;-6.34;-4.89;-3.26;-1.67;-0.34;0.54;1.02;1.19;1.14;1.00;0.90;0.75;0.47;
Apical;0.00;-0.25;-0.64;-1.15;-1.76;-2.45;-3.44;-4.47;-5.47;-6.44;-7.35;-8.20;-9.04;-9.93;-10.89;-11.99;-13.00;-14.07;-15.12;-16.09;-16.88;-17.82;-18.58;-19.22;-19.76;-20.23;-20.83;-21.38;-21.87;-22.29;-22.65;-23.07;-23.43;-23.73;-23.97;-24.17;-24.37;-24.53;-24.66;-24.74;-24.78;-24.61;-24.37;-24.03;-23.64;-23.33;-23.21;-22.98;-22.56;-21.88;-20.84;-19.26;-17.39;-15.39;-13.39;-11.47;-10.09;-8.89;-7.87;-7.02;-6.31;-5.67;-5.15;-4.80;-4.57;-4.47;-4.36;-4.34;-4.42;-4.56;-4.75;-4.97;-5.21;-5.42;-5.61;-5.77;-5.94;-6.09;-6.21;-6.32;-6.44;-6.55;-6.67;-6.78;-6.88;-6.94;-6.94;-6.93;-6.96;-7.06;-7.28;-7.63;-7.96;-8.13;-7.98;-7.31;-6.12;-4.49;-2.67;-0.90;0.54;1.26;1.51;1.45;1.20;0.87;0.76;0.62;0.39;

----------------------------------------------------------


