PatientInformation
==========================================================
PatientID;No patientID
Name;,,
Date of Birth;
Sex;
Version;AutoStrainCap2 2.1.0.491925

Results
==========================================================
Global
----------------------------------------------------------
LaSr_ED;60.07;%
LaScd_ED;-31.43;%
LaSct_ED;-28.64;%
LaSr_AC;46.70;%
LaScd_AC;-24.43;%
LaSct_AC;-22.27;%
ED;0.00;ms
ES;353.30;ms
PreA;542.87;ms

Curves
==========================================================
Longitudinal Strain
Unit [%]
Time [ms];0.00;10.77;21.54;32.31;43.08;53.86;64.63;75.40;86.17;96.94;107.71;118.48;129.25;140.03;150.80;161.57;172.34;183.11;193.88;204.65;215.42;226.20;236.97;247.74;258.51;269.28;280.05;290.82;301.59;312.36;323.14;333.91;344.68;355.45;366.22;376.99;387.76;398.53;409.31;420.08;430.85;441.62;452.39;463.16;473.93;484.70;495.47;506.25;517.02;527.79;538.56;549.33;560.10;570.87;581.64;592.42;603.19;613.96;624.73;635.50;646.27;657.04;667.81;678.59;689.36;700.13;710.90;721.67;
LAS_ED;0.00;1.80;4.93;8.84;11.52;14.55;17.59;20.87;23.78;26.87;29.90;33.18;36.19;38.09;39.72;41.37;43.61;46.03;48.39;50.36;52.28;54.23;56.00;57.49;58.51;58.68;58.52;58.28;58.04;58.00;58.14;59.02;59.76;60.04;59.04;57.23;54.89;51.76;48.69;45.54;43.06;40.55;38.46;35.62;33.22;31.22;30.21;29.77;29.37;29.09;28.64;28.70;28.39;28.35;27.88;27.93;27.02;25.70;21.42;17.19;12.23;8.18;4.33;2.24;1.57;2.21;2.54;1.26;
LAS_AC;-22.26;-20.87;-18.43;-15.39;-13.31;-10.95;-8.59;-6.03;-3.77;-1.37;0.99;3.53;5.87;7.35;8.62;9.90;11.64;13.52;15.36;16.89;18.38;19.89;21.27;22.43;23.22;23.36;23.23;23.04;22.86;22.83;22.94;23.62;24.19;24.41;23.63;22.23;20.41;17.98;15.59;13.14;11.21;9.26;7.64;5.43;3.56;2.01;1.22;0.88;0.57;0.35;0.00;0.05;-0.19;-0.23;-0.59;-0.55;-1.26;-2.29;-5.61;-8.90;-12.75;-15.90;-18.90;-20.52;-21.04;-20.54;-20.28;-21.28;

----------------------------------------------------------


