PatientInformation
==========================================================
PatientID;No patientID
Name;,,
Date of Birth;
Sex;
Version;AutoStrainCap2 2.1.0.491925

Results
==========================================================
Global
----------------------------------------------------------
RVFWSL;-27.31;%
RV4CSL;-22.61;%
ED;0.00;ms
ES;256.03;ms

Curves
==========================================================
Longitudinal Strain
Unit [%]
Time [ms];0.00;12.19;24.38;36.58;48.77;60.96;73.15;85.34;97.54;109.73;121.92;134.11;146.30;158.50;170.69;182.88;195.07;207.26;219.46;231.65;243.84;256.03;268.22;280.42;292.61;304.80;316.99;329.18;341.38;353.57;365.76;377.95;390.14;402.34;414.53;426.72;438.91;451.10;463.30;475.49;487.68;499.87;512.06;524.26;536.45;548.64;560.83;573.02;585.22;597.41;609.60;621.79;633.98;646.18;658.37;670.56;682.75;694.94;707.14;719.33;731.52;743.71;755.90;768.10;
Basal;0.00;-3.02;-6.02;-8.28;-9.66;-10.44;-11.41;-13.22;-15.54;-17.87;-19.54;-21.00;-22.52;-24.74;-27.10;-29.28;-30.88;-32.06;-32.96;-33.76;-34.32;-34.56;-34.20;-33.50;-32.62;-31.51;-30.51;-29.76;-29.65;-29.69;-29.74;-29.68;-29.83;-30.43;-31.71;-33.11;-34.06;-34.21;-33.67;-32.72;-31.38;-29.74;-27.72;-25.31;-22.90;-20.82;-19.68;-19.03;-18.73;-18.60;-18.53;-18.43;-18.13;-17.61;-16.75;-15.44;-13.58;-11.08;-7.72;-4.15;-1.03;0.98;1.85;1.61;
Mid;0.00;-2.82;-6.11;-8.64;-10.06;-10.72;-11.53;-13.20;-15.37;-17.50;-18.90;-20.00;-21.05;-22.61;-24.23;-25.67;-26.70;-27.38;-27.82;-28.14;-28.33;-28.36;-28.04;-27.59;-27.02;-26.28;-25.51;-24.82;-24.34;-23.91;-23.46;-22.98;-22.72;-22.90;-23.78;-24.84;-25.60;-25.78;-25.49;-25.07;-24.74;-24.27;-23.41;-21.95;-20.29;-18.77;-17.81;-17.19;-16.74;-16.23;-15.67;-15.04;-14.23;-13.33;-12.39;-11.55;-10.47;-8.91;-6.63;-4.12;-1.88;-0.35;0.41;0.48;
Apical;0.00;-2.00;-4.83;-6.85;-7.89;-7.98;-8.20;-9.23;-10.84;-12.48;-13.40;-14.05;-14.57;-15.69;-16.83;-17.84;-18.45;-18.78;-18.92;-18.96;-18.91;-18.78;-18.68;-18.51;-18.27;-17.85;-17.37;-16.82;-16.29;-15.68;-15.08;-14.61;-14.32;-14.34;-14.91;-15.60;-16.08;-16.34;-16.31;-16.35;-16.45;-16.54;-16.26;-15.36;-14.19;-13.08;-12.38;-11.93;-11.60;-11.21;-10.81;-10.45;-10.05;-9.67;-9.22;-8.81;-8.11;-7.00;-5.28;-3.35;-1.65;-0.60;-0.11;-0.01;

----------------------------------------------------------


