PatientInformation
==========================================================
PatientID;No patientID
Name;,,
Date of Birth;
Sex;
Version;AutoStrainCap2 2.1.0.491925

Results
==========================================================
Global
----------------------------------------------------------
LaSr_ED;15.06;%
LaScd_ED;-16.61;%
LaSct_ED;1.55;%
LaSr_AC;15.29;%
LaScd_AC;-16.86;%
LaSct_AC;1.57;%
ED;0.00;ms
ES;347.41;ms
PreA;719.41;ms

Curves
==========================================================
Longitudinal Strain
Unit [%]
Time [ms];0.00;10.69;21.38;32.07;42.76;53.45;64.14;74.83;85.52;96.21;106.90;117.59;128.28;138.96;149.65;160.34;171.03;181.72;192.41;203.10;213.79;224.48;235.17;245.86;256.55;267.24;277.93;288.62;299.31;310.00;320.69;331.38;342.07;352.76;363.45;374.14;384.83;395.52;406.20;416.89;427.58;438.27;448.96;459.65;470.34;481.03;491.72;502.41;513.10;523.79;534.48;545.17;555.86;566.55;577.24;587.93;598.62;609.31;620.00;630.69;641.38;652.07;662.76;673.44;684.13;694.82;705.51;716.20;726.89;737.58;748.27;758.96;769.65;780.34;791.03;801.72;812.41;823.10;833.79;844.48;855.17;865.86;876.55;887.24;897.93;908.62;919.31;930.00;940.68;951.37;962.06;972.75;983.44;994.13;1004.82;1015.51;1026.20;1036.89;1047.58;1058.27;1068.96;1079.65;
LAS_ED;0.00;-0.86;-1.49;-1.26;0.04;1.46;2.92;4.04;5.10;5.92;6.77;7.28;7.88;8.38;8.95;9.49;10.24;10.96;11.74;12.46;13.17;13.58;13.95;14.20;14.40;14.53;14.56;14.55;14.59;14.59;14.76;14.85;15.02;15.01;14.59;13.83;12.36;10.60;8.55;6.50;4.35;2.71;1.10;-0.10;-1.14;-1.63;-2.19;-2.25;-2.22;-2.01;-1.76;-1.62;-1.51;-1.44;-1.38;-1.36;-1.36;-1.38;-1.38;-1.41;-1.33;-1.34;-1.25;-1.20;-1.15;-1.19;-1.29;-1.49;-1.70;-1.95;-2.18;-2.42;-2.59;-2.75;-2.80;-2.82;-2.63;-2.45;-2.22;-2.08;-1.96;-2.13;-2.33;-2.56;-2.77;-2.86;-2.86;-2.71;-2.53;-2.30;-2.10;-1.93;-1.84;-1.80;-1.89;-2.04;-2.46;-2.79;-3.02;-2.88;-2.40;-1.16;
LAS_AC;1.51;0.63;-0.01;0.23;1.55;2.99;4.48;5.62;6.69;7.52;8.39;8.90;9.51;10.02;10.60;11.14;11.90;12.64;13.43;14.16;14.88;15.29;15.67;15.92;16.13;16.26;16.29;16.28;16.32;16.32;16.49;16.59;16.76;16.75;16.32;15.55;14.06;12.27;10.19;8.11;5.93;4.26;2.62;1.41;0.35;-0.14;-0.71;-0.77;-0.74;-0.53;-0.27;-0.13;-0.02;0.05;0.11;0.13;0.13;0.11;0.11;0.08;0.16;0.15;0.24;0.29;0.34;0.30;0.20;0.00;-0.21;-0.47;-0.70;-0.95;-1.12;-1.28;-1.33;-1.35;-1.16;-0.98;-0.74;-0.60;-0.48;-0.66;-0.85;-1.09;-1.30;-1.39;-1.39;-1.24;-1.06;-0.83;-0.62;-0.45;-0.36;-0.31;-0.41;-0.56;-0.98;-1.32;-1.55;-1.41;-0.92;0.34;

----------------------------------------------------------


