PatientInformation
==========================================================
PatientID;No patientID
Name;,,
Date of Birth;
Sex;
Version;AutoStrainCap2 2.1.0.491925

Results
==========================================================
Global
----------------------------------------------------------
RVFWSL;-26.84;%
RV4CSL;-23.83;%
ED;0.00;ms
ES;229.30;ms

Curves
==========================================================
Longitudinal Strain
Unit [%]
Time [ms];0.00;8.16;16.32;24.48;32.64;40.80;48.96;57.12;65.28;73.44;81.60;89.76;97.92;106.08;114.24;122.40;130.56;138.72;146.88;155.04;163.20;171.36;179.52;187.68;195.84;204.00;212.16;220.32;228.48;236.64;244.80;252.96;261.12;269.28;277.44;285.60;293.76;301.92;310.08;318.24;326.40;334.56;342.72;350.88;359.04;367.20;375.36;383.52;391.68;399.84;408.00;416.16;424.32;432.48;440.64;448.80;456.96;465.12;473.28;481.44;489.60;497.76;505.92;514.08;522.24;530.40;538.56;546.72;554.88;563.04;571.20;579.36;587.52;595.68;603.84;612.00;620.16;628.32;636.48;644.64;652.80;660.96;669.12;677.28;685.44;693.60;701.76;709.92;718.08;726.24;734.40;742.56;750.72;
Basal;0.00;-1.60;-3.52;-4.72;-5.86;-7.75;-9.59;-11.20;-12.39;-13.11;-13.36;-13.29;-13.20;-12.66;-12.30;-12.16;-12.27;-13.13;-14.20;-15.38;-16.50;-17.66;-18.61;-19.31;-19.83;-20.25;-20.42;-20.18;-19.35;-18.52;-17.15;-15.46;-13.67;-11.74;-10.09;-8.79;-8.14;-7.67;-7.85;-8.39;-9.17;-9.79;-10.02;-9.53;-8.03;-5.60;-2.62;0.14;1.95;1.40;-0.04;-1.70;-2.94;-2.92;-2.20;-1.10;0.22;1.10;2.06;3.00;3.92;4.66;5.24;5.53;5.56;5.01;4.36;3.77;3.52;3.87;4.57;5.32;5.95;5.93;5.65;5.22;4.73;4.72;4.76;4.90;5.02;4.97;4.87;4.73;4.54;4.17;3.78;3.35;3.04;2.66;2.34;1.91;1.31;
Mid;0.00;-1.31;-3.24;-4.87;-6.33;-7.90;-9.15;-10.14;-10.68;-10.73;-10.42;-9.99;-9.74;-9.68;-9.96;-10.49;-11.30;-12.76;-14.42;-16.12;-17.69;-19.38;-20.81;-21.94;-22.78;-23.37;-23.65;-23.52;-22.86;-21.96;-20.56;-18.82;-16.97;-14.84;-12.99;-11.52;-10.79;-10.43;-10.81;-11.60;-12.66;-13.76;-14.54;-14.80;-14.11;-12.15;-9.47;-6.75;-4.30;-3.70;-3.51;-3.55;-3.68;-3.46;-3.10;-2.48;-1.39;-0.51;0.72;1.96;2.93;3.79;4.19;4.39;4.48;4.76;5.11;5.48;5.93;6.10;6.34;6.58;6.80;7.08;7.22;7.13;6.72;5.55;4.20;2.87;1.84;1.48;1.43;1.50;1.48;1.31;0.99;0.68;0.40;0.24;0.16;0.13;0.19;
Apical;0.00;-1.77;-4.15;-5.98;-7.71;-9.81;-11.49;-12.90;-14.04;-15.37;-16.56;-17.69;-18.98;-19.51;-20.19;-20.91;-21.71;-23.29;-25.08;-27.00;-28.81;-30.99;-32.90;-34.54;-35.94;-37.31;-38.44;-39.22;-39.59;-38.86;-37.79;-36.44;-35.08;-33.21;-31.63;-30.29;-29.41;-28.19;-27.39;-26.81;-26.49;-26.49;-26.37;-25.64;-24.18;-22.37;-20.13;-17.96;-15.68;-15.10;-14.56;-14.20;-13.95;-12.86;-11.59;-9.99;-7.84;-6.28;-4.30;-2.38;-0.88;0.50;1.32;1.85;2.23;2.34;2.47;2.59;2.78;2.95;3.19;3.40;3.63;3.70;3.67;3.45;3.02;2.58;2.03;1.51;1.16;0.90;0.85;0.92;0.97;0.95;0.86;0.75;0.69;0.51;0.41;0.34;0.41;

----------------------------------------------------------


