PatientInformation
==========================================================
PatientID;No patientID
Name;,,
Date of Birth;
Sex;
Version;AutoStrainCap2 2.1.0.491925

Results
==========================================================
Global
----------------------------------------------------------
LaSr_ED;25.92;%
LaScd_ED;-19.08;%
LaSct_ED;-6.84;%
LaSr_AC;24.32;%
LaScd_AC;-17.90;%
LaSct_AC;-6.42;%
ED;0.00;ms
ES;330.95;ms
PreA;665.98;ms

Curves
==========================================================
Longitudinal Strain
Unit [%]
Time [ms];0.00;20.43;40.86;61.29;81.72;102.14;122.57;143.00;163.43;183.86;204.29;224.72;245.15;265.57;286.00;306.43;326.86;347.29;367.72;388.15;408.58;429.00;449.43;469.86;490.29;510.72;531.15;551.58;572.01;592.44;612.86;633.29;653.72;674.15;694.58;715.01;735.44;755.87;776.29;796.72;817.15;837.58;858.01;878.44;898.87;919.30;939.72;960.15;980.58;
LAS_ED;0.00;0.89;2.26;3.30;4.59;6.76;9.11;11.90;14.47;16.34;18.17;20.03;21.88;23.43;24.68;25.54;25.91;25.74;25.10;24.62;23.85;23.02;21.44;18.67;15.97;13.69;12.05;10.07;8.55;8.06;7.71;7.59;7.22;6.57;6.02;5.94;5.95;6.21;6.19;5.02;3.84;2.88;2.26;0.53;-0.99;-1.38;-1.15;-0.30;0.84;
LAS_AC;-6.16;-5.33;-4.04;-3.07;-1.85;0.18;2.39;5.01;7.42;9.17;10.89;12.63;14.37;15.82;17.00;17.80;18.15;18.00;17.39;16.95;16.22;15.44;13.96;11.36;8.83;6.69;5.14;3.29;1.86;1.40;1.08;0.96;0.61;0.00;-0.51;-0.58;-0.58;-0.34;-0.35;-1.45;-2.56;-3.46;-4.04;-5.67;-7.09;-7.45;-7.24;-6.45;-5.38;

----------------------------------------------------------


