PatientInformation
==========================================================
PatientID;No patientID
Name;,,
Date of Birth;
Sex;
Version;AutoStrainCap2 2.1.0.491925

Results
==========================================================
Global
----------------------------------------------------------
RVFWSL;-27.83;%
RV4CSL;-26.02;%
ED;0.00;ms
ES;384.06;ms

Curves
==========================================================
Longitudinal Strain
Unit [%]
Time [ms];0.00;20.43;40.86;61.29;81.72;102.14;122.57;143.00;163.43;183.86;204.29;224.72;245.15;265.57;286.00;306.43;326.86;347.29;367.72;388.15;408.58;429.00;449.43;469.86;490.29;510.72;531.15;551.58;572.01;592.44;612.86;633.29;653.72;674.15;694.58;715.01;735.44;755.87;776.29;796.72;817.15;837.58;858.01;878.44;898.87;919.30;939.72;960.15;980.58;
Basal;0.00;-1.20;-2.69;-4.17;-5.55;-6.83;-8.28;-10.13;-12.20;-14.34;-16.33;-17.90;-19.40;-21.15;-22.89;-24.41;-25.61;-26.52;-27.07;-27.48;-27.23;-25.81;-24.24;-23.33;-22.67;-21.82;-20.55;-18.75;-16.46;-13.83;-11.18;-8.77;-6.92;-5.88;-5.48;-5.53;-5.67;-5.61;-5.12;-4.03;-2.59;-1.01;0.21;0.62;0.64;0.65;0.60;0.45;0.23;
Mid;0.00;-1.10;-2.53;-4.24;-6.00;-7.61;-9.31;-11.29;-13.39;-15.51;-17.46;-19.04;-20.53;-22.22;-23.87;-25.27;-26.37;-27.21;-27.69;-27.91;-27.45;-25.84;-24.11;-23.07;-22.29;-21.34;-20.01;-18.19;-15.91;-13.28;-10.59;-8.13;-6.19;-5.04;-4.53;-4.51;-4.62;-4.59;-4.17;-3.15;-1.80;-0.36;0.70;0.92;0.78;0.73;0.67;0.56;0.36;
Apical;0.00;-1.10;-2.43;-3.95;-5.62;-7.41;-9.35;-11.48;-13.73;-16.05;-18.22;-19.98;-21.62;-23.42;-25.17;-26.67;-27.89;-28.89;-29.48;-29.53;-28.75;-26.64;-24.32;-22.72;-21.39;-19.99;-18.38;-16.60;-14.55;-12.29;-10.02;-7.86;-6.16;-5.12;-4.65;-4.67;-4.82;-4.81;-4.40;-3.43;-2.15;-0.80;0.20;0.40;0.26;0.18;0.14;0.17;0.15;

----------------------------------------------------------


