PatientInformation
==========================================================
PatientID;No patientID
Name;,,
Date of Birth;
Sex;
Version;AutoStrainCap2 2.1.0.491925

Results
==========================================================
Global
----------------------------------------------------------
LaSr_ED;38.46;%
LaScd_ED;-16.42;%
LaSct_ED;-22.03;%
LaSr_AC;31.47;%
LaScd_AC;-13.44;%
LaSct_AC;-18.03;%
ED;0.00;ms
ES;475.99;ms
PreA;729.31;ms

Curves
==========================================================
Longitudinal Strain
Unit [%]
Time [ms];0.00;20.43;40.86;61.29;81.72;102.14;122.57;143.00;163.43;183.86;204.29;224.72;245.15;265.57;286.00;306.43;326.86;347.29;367.72;388.15;408.58;429.01;449.43;469.86;490.29;510.72;531.15;551.58;572.01;592.44;612.86;633.29;653.72;674.15;694.58;715.01;735.44;755.87;776.29;796.72;817.15;837.58;858.01;878.44;898.87;919.30;939.73;960.15;
LAS_ED;0.00;-0.71;0.66;0.91;3.15;6.84;11.53;15.82;19.85;23.12;25.69;27.73;29.46;30.95;32.52;34.60;36.53;37.54;37.45;35.75;34.66;35.70;37.41;38.40;37.67;33.34;28.26;24.03;20.95;19.54;19.04;18.91;19.22;20.15;21.09;21.67;22.20;22.86;23.42;23.58;23.72;24.08;23.67;21.17;17.01;11.31;5.68;1.79;
LAS_AC;-18.17;-18.75;-17.63;-17.43;-15.59;-12.57;-8.73;-5.22;-1.93;0.75;2.86;4.52;5.94;7.15;8.44;10.14;11.73;12.55;12.48;11.09;10.20;11.04;12.45;13.25;12.66;9.12;4.96;1.50;-1.02;-2.18;-2.59;-2.69;-2.45;-1.68;-0.91;-0.44;0.00;0.53;0.99;1.13;1.24;1.53;1.20;-0.84;-4.25;-8.92;-13.52;-16.71;

----------------------------------------------------------


