PatientInformation
==========================================================
PatientID;No patientID
Name;,,
Date of Birth;
Sex;
Version;AutoStrainCap2 2.1.0.491925

Results
==========================================================
Global
----------------------------------------------------------
RVFWSL;-29.62;%
RV4CSL;-28.60;%
ED;0.00;ms
ES;363.63;ms

Curves
==========================================================
Longitudinal Strain
Unit [%]
Time [ms];0.00;20.43;40.86;61.29;81.72;102.14;122.57;143.00;163.43;183.86;204.29;224.72;245.15;265.57;286.00;306.43;326.86;347.29;367.72;388.15;408.58;429.01;449.43;469.86;490.29;510.72;531.15;551.58;572.01;592.44;612.86;633.29;653.72;674.15;694.58;715.01;735.44;755.87;776.29;796.72;817.15;837.58;858.01;878.44;898.87;919.30;939.73;960.15;
Basal;0.00;-0.67;0.12;-0.80;-2.30;-4.20;-6.73;-10.20;-13.50;-15.45;-17.23;-19.97;-22.74;-24.89;-26.39;-27.36;-27.71;-27.88;-27.40;-25.83;-23.86;-22.11;-20.19;-18.44;-17.05;-16.51;-16.33;-15.48;-14.64;-14.42;-14.25;-13.92;-13.43;-12.79;-12.19;-11.67;-11.42;-11.42;-11.50;-11.50;-11.40;-11.39;-10.30;-6.87;-3.12;-0.78;0.54;0.74;
Mid;0.00;-1.46;-2.41;-3.32;-4.67;-7.08;-10.16;-13.51;-16.80;-19.84;-22.45;-24.53;-26.20;-27.88;-29.18;-29.90;-30.29;-30.82;-30.82;-29.57;-27.76;-25.87;-23.80;-21.78;-19.90;-18.25;-16.96;-16.20;-15.71;-15.34;-14.82;-14.07;-13.18;-12.38;-11.74;-11.16;-10.83;-10.71;-10.62;-10.40;-10.03;-9.61;-8.39;-5.81;-3.12;-1.43;-0.41;0.10;
Apical;0.00;-1.37;-1.94;-2.91;-4.34;-6.71;-9.92;-13.62;-17.09;-19.44;-21.27;-23.27;-24.89;-26.08;-27.10;-28.20;-29.12;-30.06;-30.51;-29.74;-28.35;-26.31;-23.95;-22.12;-20.40;-18.79;-17.52;-16.43;-15.59;-15.18;-14.51;-13.44;-12.29;-11.41;-10.83;-10.26;-10.05;-10.15;-10.30;-10.25;-10.01;-9.85;-8.89;-6.23;-3.40;-1.51;-0.28;0.15;

----------------------------------------------------------


