PatientInformation
==========================================================
PatientID;No patientID
Name;,,
Date of Birth;
Sex;
Version;AutoStrainCap2 2.1.0.491925

Results
==========================================================
Global
----------------------------------------------------------
LaSr_ED;11.84;%
LaScd_ED;-15.42;%
LaSct_ED;3.58;%
LaSr_AC;12.32;%
LaScd_AC;-16.05;%
LaSct_AC;3.73;%
ED;0.00;ms
ES;388.08;ms
PreA;590.94;ms

Curves
==========================================================
Longitudinal Strain
Unit [%]
Time [ms];0.00;17.64;35.28;52.92;70.56;88.20;105.84;123.48;141.12;158.76;176.40;194.04;211.68;229.32;246.96;264.60;282.24;299.88;317.52;335.16;352.80;370.44;388.08;405.72;423.36;441.00;458.64;476.28;493.92;511.56;529.20;546.84;564.48;582.12;599.76;617.40;635.04;652.68;670.32;687.96;705.60;723.24;740.88;758.52;776.16;
LAS_ED;0.00;0.02;0.09;0.89;2.04;3.34;4.43;4.56;4.69;5.94;7.16;8.19;9.18;9.88;10.51;11.06;11.09;10.39;9.65;9.20;9.50;10.76;11.84;10.61;8.87;7.66;6.64;5.22;3.57;1.63;-0.18;-1.17;-1.94;-3.00;-3.97;-3.76;-3.46;-3.19;-3.09;-2.81;-2.68;-2.35;-2.10;-1.77;-1.17;
LAS_AC;4.13;4.16;4.23;5.06;6.26;7.62;8.75;8.89;9.02;10.32;11.59;12.66;13.70;14.42;15.08;15.65;15.68;14.96;14.19;13.71;14.02;15.34;16.46;15.18;13.37;12.11;11.05;9.57;7.85;5.84;3.95;2.91;2.11;1.00;0.00;0.22;0.53;0.81;0.92;1.21;1.34;1.68;1.95;2.29;2.91;

----------------------------------------------------------


