PatientInformation
==========================================================
PatientID;No patientID
Name;,,
Date of Birth;
Sex;
Version;AutoStrainCap2 2.1.0.491925

Results
==========================================================
Global
----------------------------------------------------------
RVFWSL;-24.35;%
RV4CSL;-18.84;%
ED;0.00;ms
ES;381.02;ms

Curves
==========================================================
Longitudinal Strain
Unit [%]
Time [ms];0.00;17.64;35.28;52.92;70.56;88.20;105.84;123.48;141.12;158.76;176.40;194.04;211.68;229.32;246.96;264.60;282.24;299.88;317.52;335.16;352.80;370.44;388.08;405.72;423.36;441.00;458.64;476.28;493.92;511.56;529.20;546.84;564.48;582.12;599.76;617.40;635.04;652.68;670.32;687.96;705.60;723.24;740.88;758.52;776.16;
Basal;0.00;-0.72;-1.69;-2.97;-4.19;-5.35;-6.40;-7.17;-8.17;-9.94;-11.89;-13.50;-14.85;-15.98;-17.32;-19.26;-21.11;-22.20;-22.81;-23.26;-23.63;-24.02;-23.80;-22.56;-21.05;-20.02;-18.94;-16.81;-13.68;-9.86;-5.97;-2.96;-0.60;1.21;2.35;2.76;2.42;1.46;0.18;-1.14;-1.99;-1.77;-0.99;-0.22;0.32;
Mid;0.00;-1.24;-2.71;-3.54;-4.22;-5.40;-6.73;-8.08;-9.48;-10.96;-12.46;-13.78;-14.94;-16.01;-17.35;-19.33;-21.23;-22.38;-23.08;-23.67;-24.24;-24.89;-24.99;-24.18;-22.99;-21.87;-20.43;-17.75;-14.20;-10.44;-6.72;-3.56;-1.07;0.63;1.53;1.58;0.97;0.11;-0.90;-1.82;-2.41;-2.43;-1.94;-1.11;-0.30;
Apical;0.00;-1.06;-2.37;-3.19;-3.84;-4.92;-6.15;-7.46;-8.86;-10.37;-11.92;-13.25;-14.41;-15.41;-16.58;-18.25;-19.84;-20.91;-21.59;-22.05;-22.45;-22.90;-22.76;-21.73;-20.35;-19.18;-17.69;-14.71;-10.85;-7.04;-3.47;-1.01;0.83;2.36;3.21;3.24;2.45;1.32;0.11;-0.79;-1.34;-1.43;-1.09;-0.58;-0.04;

----------------------------------------------------------


