PatientInformation
==========================================================
PatientID;No patientID
Name;,,
Date of Birth;
Sex;
Version;AutoStrainCap2 2.1.0.491925

Results
==========================================================
Global
----------------------------------------------------------
LaSr_ED;31.47;%
LaScd_ED;-20.46;%
LaSct_ED;-11.02;%
LaSr_AC;28.34;%
LaScd_AC;-18.42;%
LaSct_AC;-9.92;%
ED;0.00;ms
ES;394.63;ms
PreA;701.27;ms

Curves
==========================================================
Longitudinal Strain
Unit [%]
Time [ms];0.00;9.07;18.14;27.22;36.29;45.36;54.43;63.50;72.58;81.65;90.72;99.79;108.86;117.94;127.01;136.08;145.15;154.22;163.30;172.37;181.44;190.51;199.58;208.66;217.73;226.80;235.87;244.94;254.02;263.09;272.16;281.23;290.30;299.38;308.45;317.52;326.59;335.66;344.74;353.81;362.88;371.95;381.02;390.10;399.17;408.24;417.31;426.38;435.46;444.53;453.60;462.67;471.74;480.82;489.89;498.96;508.03;517.10;526.18;535.25;544.32;553.39;562.46;571.54;580.61;589.68;598.75;607.82;616.90;625.97;635.04;644.11;653.18;662.26;671.33;680.40;689.47;698.54;707.62;716.69;725.76;734.83;743.90;752.98;762.05;771.12;780.19;789.26;798.34;807.41;816.48;825.55;834.62;843.70;852.77;861.84;870.91;879.98;889.06;898.13;907.20;916.27;925.34;934.42;943.49;952.56;961.63;970.70;979.78;988.85;997.92;
LAS_ED;0.00;-0.92;-2.51;-2.59;-1.26;1.44;2.99;4.14;4.77;5.25;6.00;6.70;7.89;9.13;10.58;12.01;13.50;14.91;16.26;17.55;18.76;19.78;20.73;21.70;22.58;23.57;24.30;25.12;25.90;26.69;27.46;28.16;28.82;29.39;29.87;30.24;30.51;30.69;30.80;30.88;30.98;31.14;31.30;31.45;31.47;31.39;31.05;30.51;29.65;28.46;26.94;24.99;22.83;20.53;18.26;16.26;14.40;12.98;11.80;11.04;10.52;10.33;10.29;10.52;10.70;11.06;11.15;11.35;11.35;11.44;11.38;11.41;11.31;11.30;11.19;11.17;11.06;11.04;10.95;10.93;10.87;10.86;10.82;10.83;10.80;10.80;10.77;10.76;10.79;10.84;11.03;11.15;11.34;11.42;11.33;11.01;10.23;9.24;8.04;6.77;5.39;4.19;2.92;1.82;0.59;-0.26;-1.64;-2.41;-2.90;-2.65;-1.78;
LAS_AC;-9.94;-10.78;-12.21;-12.28;-11.08;-8.65;-7.25;-6.22;-5.65;-5.22;-4.54;-3.91;-2.84;-1.72;-0.41;0.87;2.22;3.49;4.70;5.86;6.95;7.87;8.72;9.59;10.39;11.28;11.94;12.68;13.38;14.10;14.79;15.42;16.01;16.52;16.95;17.29;17.53;17.70;17.79;17.87;17.95;18.10;18.24;18.38;18.39;18.33;18.02;17.53;16.76;15.69;14.32;12.56;10.61;8.54;6.50;4.70;3.02;1.74;0.69;-0.01;-0.47;-0.64;-0.68;-0.47;-0.30;0.01;0.10;0.28;0.28;0.36;0.30;0.33;0.24;0.24;0.13;0.12;0.01;0.00;-0.09;-0.10;-0.15;-0.16;-0.20;-0.19;-0.22;-0.22;-0.25;-0.25;-0.23;-0.18;-0.01;0.10;0.27;0.34;0.26;-0.03;-0.73;-1.62;-2.70;-3.85;-5.09;-6.17;-7.32;-8.31;-9.41;-10.18;-11.42;-12.11;-12.56;-12.33;-11.55;

----------------------------------------------------------


