PatientInformation
==========================================================
PatientID;No patientID
Name;,,
Date of Birth;
Sex;
Version;AutoStrainCap2 2.1.0.491925

Results
==========================================================
Global
----------------------------------------------------------
RVFWSL;-23.63;%
RV4CSL;-23.17;%
ED;0.00;ms
ES;433.93;ms

Curves
==========================================================
Longitudinal Strain
Unit [%]
Time [ms];0.00;11.13;22.25;33.38;44.51;55.63;66.76;77.88;89.01;100.14;111.26;122.39;133.52;144.64;155.77;166.90;178.02;189.15;200.28;211.40;222.53;233.65;244.78;255.91;267.03;278.16;289.29;300.41;311.54;322.67;333.79;344.92;356.04;367.17;378.30;389.42;400.55;411.68;422.80;433.93;445.06;456.18;467.31;478.44;489.56;500.69;511.81;522.94;534.07;545.19;556.32;567.45;578.57;589.70;600.83;611.95;623.08;634.20;645.33;656.46;667.58;678.71;689.84;700.96;712.09;723.22;734.34;745.47;756.60;767.72;778.85;789.97;801.10;812.23;823.35;834.48;845.61;856.73;867.86;878.99;890.11;901.24;912.36;923.49;934.62;945.74;956.87;968.00;979.12;990.25;1001.38;1012.50;1023.63;
Basal;0.00;0.21;-0.05;-0.46;-0.96;-1.25;-1.39;-1.56;-1.89;-2.72;-3.76;-4.95;-6.10;-7.09;-7.96;-8.76;-9.63;-10.56;-11.61;-12.72;-13.87;-15.23;-16.50;-17.61;-18.49;-19.10;-19.58;-20.07;-20.71;-21.61;-22.57;-23.38;-23.89;-24.05;-24.03;-24.03;-24.28;-25.04;-25.98;-26.84;-27.29;-27.09;-26.16;-24.71;-22.94;-21.30;-19.75;-18.38;-17.31;-16.92;-16.85;-16.95;-17.07;-16.82;-16.48;-16.11;-15.74;-15.32;-14.90;-14.48;-14.05;-13.57;-13.11;-12.72;-12.42;-12.33;-12.35;-12.44;-12.58;-12.79;-13.01;-13.24;-13.46;-13.63;-13.79;-13.91;-13.99;-14.02;-13.96;-13.77;-13.39;-12.78;-11.96;-10.96;-9.77;-8.41;-6.94;-5.46;-4.10;-2.93;-1.96;-1.08;-0.42;
Mid;0.00;-0.33;-0.91;-1.49;-2.07;-2.72;-3.26;-3.79;-4.40;-5.19;-6.12;-7.11;-8.04;-8.83;-9.48;-9.99;-10.42;-10.70;-10.94;-11.16;-11.37;-11.64;-11.81;-11.86;-11.78;-11.64;-11.51;-11.47;-11.61;-12.05;-12.58;-13.10;-13.52;-13.91;-14.26;-14.62;-15.06;-15.64;-16.32;-17.01;-17.63;-18.13;-18.30;-18.09;-17.58;-16.99;-16.27;-15.43;-14.40;-13.08;-11.67;-10.30;-9.08;-8.21;-7.53;-6.97;-6.48;-6.03;-5.64;-5.32;-5.08;-5.02;-5.05;-5.14;-5.29;-5.44;-5.61;-5.79;-5.96;-6.12;-6.25;-6.39;-6.53;-6.69;-6.85;-6.99;-7.07;-7.05;-6.93;-6.69;-6.31;-5.81;-5.18;-4.45;-3.70;-3.14;-2.62;-2.09;-1.59;-0.95;-0.40;0.00;0.22;
Apical;0.00;0.16;0.01;-0.44;-1.08;-1.68;-2.09;-2.47;-2.97;-3.81;-4.88;-6.06;-7.20;-8.26;-9.19;-10.03;-10.88;-11.83;-12.88;-14.03;-15.29;-16.59;-17.89;-19.13;-20.26;-21.37;-22.45;-23.52;-24.62;-25.74;-26.71;-27.42;-27.77;-27.86;-27.58;-26.98;-26.25;-25.56;-24.93;-24.30;-23.55;-22.49;-21.26;-19.96;-18.74;-17.95;-17.27;-16.64;-15.98;-15.59;-15.20;-14.85;-14.51;-13.84;-13.17;-12.51;-11.85;-11.15;-10.48;-9.89;-9.44;-9.17;-9.05;-9.02;-9.07;-9.17;-9.30;-9.42;-9.55;-9.73;-9.90;-10.06;-10.21;-10.31;-10.40;-10.46;-10.49;-10.50;-10.42;-10.23;-9.85;-9.28;-8.48;-7.53;-6.42;-5.38;-4.27;-3.15;-2.15;-1.21;-0.47;0.09;0.37;

----------------------------------------------------------


