PatientInformation
==========================================================
PatientID;No patientID
Name;,,
Date of Birth;
Sex;
Version;AutoStrainCap2 2.1.0.491925

Results
==========================================================
Global
----------------------------------------------------------
LaSr_ED;20.89;%
LaScd_ED;-11.64;%
LaSct_ED;-9.25;%
LaSr_AC;19.17;%
LaScd_AC;-10.68;%
LaSct_AC;-8.49;%
ED;0.00;ms
ES;328.90;ms
PreA;584.26;ms

Curves
==========================================================
Longitudinal Strain
Unit [%]
Time [ms];0.00;20.43;40.86;61.29;81.72;102.14;122.57;143.00;163.43;183.86;204.29;224.72;245.15;265.57;286.00;306.43;326.86;347.29;367.72;388.15;408.58;429.00;449.43;469.86;490.29;510.72;531.15;551.58;572.01;592.44;612.86;633.29;653.72;674.15;694.58;715.01;735.44;755.87;776.29;796.72;817.15;
LAS_ED;0.00;1.42;2.89;3.92;5.14;6.78;9.09;11.94;14.48;15.85;16.64;17.29;17.97;19.03;20.07;20.64;20.89;20.72;20.33;20.67;20.74;20.35;19.46;18.17;16.55;14.76;12.86;11.14;9.83;8.97;8.70;9.07;9.49;9.37;8.57;6.61;4.28;0.99;-1.22;-1.59;-0.76;
LAS_AC;-8.23;-6.93;-5.59;-4.64;-3.52;-2.01;0.11;2.72;5.06;6.31;7.04;7.64;8.25;9.23;10.18;10.70;10.94;10.79;10.43;10.73;10.80;10.44;9.63;8.44;6.95;5.31;3.57;1.99;0.79;0.00;-0.25;0.09;0.47;0.36;-0.37;-2.16;-4.30;-7.32;-9.35;-9.70;-8.93;

----------------------------------------------------------


