PatientInformation
==========================================================
PatientID;No patientID
Name;,,
Date of Birth;
Sex;
Version;AutoStrainCap2 2.1.0.491925

Results
==========================================================
Global
----------------------------------------------------------
RVFWSL;-27.69;%
RV4CSL;-23.72;%
ED;0.00;ms
ES;357.50;ms

Curves
==========================================================
Longitudinal Strain
Unit [%]
Time [ms];0.00;20.43;40.86;61.29;81.72;102.14;122.57;143.00;163.43;183.86;204.29;224.72;245.15;265.57;286.00;306.43;326.86;347.29;367.72;388.15;408.58;429.00;449.43;469.86;490.29;510.72;531.15;551.58;572.01;592.44;612.86;633.29;653.72;674.15;694.58;715.01;735.44;755.87;776.29;796.72;817.15;
Basal;0.00;-1.30;-1.18;-3.07;-5.19;-7.07;-9.05;-11.32;-14.46;-18.26;-21.56;-23.40;-24.33;-25.34;-26.07;-26.55;-26.69;-26.27;-25.49;-23.82;-21.92;-19.82;-17.50;-14.66;-11.67;-10.02;-8.70;-8.21;-7.70;-7.13;-6.79;-6.59;-5.25;-1.17;3.40;5.82;6.67;6.67;6.26;6.93;6.08;
Mid;0.00;-1.89;-2.84;-4.68;-6.61;-8.61;-10.75;-13.01;-15.95;-19.32;-22.18;-24.00;-25.01;-26.02;-26.88;-27.74;-28.45;-28.85;-29.00;-28.44;-27.44;-25.62;-23.20;-19.90;-16.49;-14.77;-13.48;-12.52;-11.57;-11.10;-10.78;-10.00;-8.11;-4.50;-0.34;3.07;5.09;5.49;5.01;4.76;3.47;
Apical;0.00;-2.10;-3.04;-5.14;-7.16;-9.32;-11.63;-13.90;-16.76;-19.62;-21.90;-23.25;-23.80;-24.62;-25.20;-25.76;-26.21;-26.25;-26.25;-25.38;-24.22;-22.63;-20.32;-17.81;-14.95;-13.18;-11.67;-10.45;-9.23;-8.28;-7.54;-6.92;-5.52;-2.55;1.04;4.03;5.91;6.94;6.85;6.82;5.34;

----------------------------------------------------------


