PatientInformation
==========================================================
PatientID;No patientID
Name;,,
Date of Birth;
Sex;
Version;AutoStrainCap2 2.1.0.491925

Results
==========================================================
Global
----------------------------------------------------------
LaSr_ED;35.57;%
LaScd_ED;-8.03;%
LaSct_ED;-27.54;%
LaSr_AC;27.73;%
LaScd_AC;-6.26;%
LaSct_AC;-21.47;%
ED;0.00;ms
ES;399.25;ms
PreA;563.65;ms

Curves
==========================================================
Longitudinal Strain
Unit [%]
Time [ms];0.00;21.35;42.70;64.05;85.40;106.75;128.10;149.45;170.80;192.15;213.50;234.85;256.20;277.56;298.91;320.26;341.61;362.96;384.31;405.66;427.01;448.36;469.71;491.06;512.41;533.76;555.11;576.46;597.81;619.16;640.51;661.86;683.21;704.56;
LAS_ED;0.00;-0.13;3.06;6.70;11.21;14.10;17.35;20.45;22.16;24.44;27.06;29.73;30.94;31.01;30.76;31.70;31.83;33.19;34.93;35.46;33.37;31.99;30.76;30.74;30.58;29.06;28.29;26.23;24.23;18.06;10.01;2.96;-2.21;-3.12;
LAS_AC;-22.05;-22.15;-19.66;-16.83;-13.32;-11.06;-8.53;-6.11;-4.77;-3.00;-0.96;1.12;2.07;2.12;1.92;2.66;2.76;3.82;5.18;5.59;3.96;2.89;1.93;1.91;1.78;0.60;0.00;-1.61;-3.17;-7.98;-14.25;-19.75;-23.77;-24.49;

----------------------------------------------------------


