PatientInformation
==========================================================
PatientID;No patientID
Name;,,
Date of Birth;
Sex;
Version;AutoStrainCap2 2.1.0.491925

Results
==========================================================
Global
----------------------------------------------------------
RVFWSL;-30.73;%
RV4CSL;-26.30;%
ED;0.00;ms
ES;288.58;ms

Curves
==========================================================
Longitudinal Strain
Unit [%]
Time [ms];0.00;10.97;21.95;32.92;43.89;54.86;65.84;76.81;87.78;98.76;109.73;120.70;131.67;142.65;153.62;164.59;175.56;186.54;197.51;208.48;219.46;230.43;241.40;252.37;263.35;274.32;285.29;296.27;307.24;318.21;329.18;340.16;351.13;362.10;373.07;384.05;395.02;405.99;416.97;427.94;438.91;449.88;460.86;471.83;482.80;493.78;504.75;515.72;526.69;537.67;548.64;559.61;570.59;581.56;592.53;603.50;614.48;625.45;636.42;647.39;658.37;669.34;680.31;691.29;702.26;713.23;724.20;735.18;746.15;757.12;768.10;779.07;
Basal;0.00;0.76;0.11;-2.12;-3.46;-4.45;-5.44;-6.73;-8.28;-9.85;-11.55;-13.17;-14.99;-16.86;-18.87;-20.82;-22.61;-24.20;-25.49;-26.71;-27.71;-28.76;-29.78;-30.85;-31.86;-32.42;-32.71;-32.59;-31.74;-30.56;-29.26;-27.93;-26.72;-25.64;-25.25;-24.95;-25.00;-25.22;-25.72;-26.23;-26.63;-26.95;-27.26;-27.93;-28.52;-28.75;-28.32;-27.50;-26.62;-25.90;-25.29;-24.56;-23.66;-22.62;-21.57;-20.63;-19.83;-19.33;-19.17;-19.13;-18.93;-18.35;-17.29;-15.65;-13.11;-10.25;-7.56;-5.79;-4.55;-3.59;-2.66;-1.53;
Mid;0.00;-0.22;-0.46;-0.75;-1.15;-1.73;-2.59;-3.88;-5.48;-7.17;-8.85;-10.38;-11.69;-12.67;-13.51;-14.45;-15.76;-17.15;-18.40;-19.17;-19.82;-20.47;-21.53;-22.64;-23.64;-24.47;-25.02;-25.23;-25.21;-25.00;-24.69;-24.10;-23.65;-23.47;-23.99;-24.76;-25.43;-25.72;-25.73;-25.47;-24.92;-24.24;-23.70;-23.56;-23.59;-23.63;-23.46;-23.21;-22.86;-22.49;-22.04;-21.48;-20.74;-19.91;-19.06;-18.30;-17.65;-17.13;-16.70;-16.28;-15.74;-15.02;-13.88;-12.20;-9.72;-7.00;-4.56;-2.97;-1.98;-1.28;-0.75;-0.27;
Apical;0.00;-0.43;-1.27;-2.74;-3.79;-4.76;-5.94;-7.50;-9.31;-11.02;-12.58;-13.84;-15.04;-16.13;-17.33;-18.66;-20.35;-22.06;-23.63;-24.77;-25.78;-26.76;-28.09;-29.46;-30.79;-31.91;-32.85;-32.74;-32.54;-32.18;-31.70;-30.78;-29.86;-29.01;-28.41;-28.01;-27.88;-28.29;-28.78;-29.03;-28.97;-28.61;-28.26;-28.16;-28.14;-27.99;-27.31;-26.46;-25.54;-24.70;-23.84;-22.92;-21.85;-20.73;-19.67;-18.81;-18.16;-17.80;-17.72;-17.76;-17.64;-17.19;-16.26;-14.74;-12.35;-9.58;-6.86;-4.77;-3.17;-1.99;-1.22;-0.59;

----------------------------------------------------------


