PatientInformation
==========================================================
PatientID;No patientID
Name;,,
Date of Birth;
Sex;
Version;AutoStrainCap2 2.1.0.491925

Results
==========================================================
Global
----------------------------------------------------------
LaSr_ED;38.41;%
LaScd_ED;-23.03;%
LaSct_ED;-15.38;%
LaSr_AC;33.23;%
LaScd_AC;-19.93;%
LaSct_AC;-13.31;%
ED;0.00;ms
ES;386.24;ms
PreA;613.78;ms

Curves
==========================================================
Longitudinal Strain
Unit [%]
Time [ms];0.00;11.67;23.34;35.01;46.68;58.34;70.01;81.68;93.35;105.02;116.69;128.36;140.03;151.69;163.36;175.03;186.70;198.37;210.04;221.71;233.38;245.04;256.71;268.38;280.05;291.72;303.39;315.06;326.73;338.39;350.06;361.73;373.40;385.07;396.74;408.41;420.08;431.75;443.41;455.08;466.75;478.42;490.09;501.76;513.43;525.10;536.76;548.43;560.10;571.77;583.44;595.11;606.78;618.45;630.11;641.78;653.45;665.12;676.79;688.46;700.13;711.80;723.47;735.13;746.80;758.47;770.14;781.81;793.48;805.15;816.82;828.48;
LAS_ED;0.00;-2.00;-2.15;0.46;2.60;4.24;6.66;9.62;13.10;16.05;17.41;18.30;18.94;20.43;22.05;23.96;25.46;27.08;28.63;30.22;31.66;33.01;33.87;34.60;35.08;35.73;36.17;36.64;36.65;36.79;36.83;37.47;37.96;38.40;38.04;37.04;35.55;32.48;28.59;24.54;21.01;18.07;15.63;13.51;11.85;10.74;10.47;10.79;11.62;12.52;13.52;14.41;15.07;15.56;16.00;16.49;16.98;17.45;17.74;17.80;17.55;16.81;15.52;13.51;10.70;7.72;4.90;3.47;2.34;2.60;1.26;1.17;
LAS_AC;-13.47;-15.20;-15.33;-13.07;-11.22;-9.80;-7.71;-5.14;-2.14;0.42;1.60;2.36;2.92;4.21;5.61;7.26;8.56;9.97;11.31;12.68;13.93;15.09;15.84;16.47;16.89;17.45;17.83;18.24;18.25;18.37;18.40;18.96;19.38;19.76;19.45;18.58;17.29;14.63;11.27;7.77;4.72;2.17;0.06;-1.78;-3.21;-4.17;-4.41;-4.13;-3.41;-2.63;-1.77;-1.00;-0.43;0.00;0.38;0.80;1.23;1.63;1.88;1.93;1.72;1.08;-0.04;-1.77;-4.21;-6.79;-9.23;-10.46;-11.44;-11.22;-12.37;-12.45;

----------------------------------------------------------


