PatientInformation
==========================================================
PatientID;No patientID
Name;,,
Date of Birth;
Sex;
Version;AutoStrainCap2 2.1.0.491925

Results
==========================================================
Global
----------------------------------------------------------
RVFWSL;-26.99;%
RV4CSL;-20.04;%
ED;0.00;ms
ES;311.66;ms

Curves
==========================================================
Longitudinal Strain
Unit [%]
Time [ms];0.00;18.66;37.32;55.99;74.65;93.31;111.97;130.64;149.30;167.96;186.62;205.29;223.95;242.61;261.27;279.94;298.60;317.26;335.92;354.59;373.25;391.91;410.57;429.24;447.90;466.56;485.22;503.89;522.55;541.21;559.87;578.53;597.20;615.86;634.52;653.18;671.85;690.51;709.17;727.83;746.50;765.16;783.82;802.48;
Basal;0.00;-0.88;-1.32;-1.96;-2.94;-4.74;-7.40;-10.74;-14.41;-17.87;-20.89;-23.31;-25.24;-26.87;-28.22;-29.38;-30.17;-30.41;-30.00;-28.89;-26.84;-23.69;-19.75;-15.46;-11.21;-8.29;-6.37;-5.24;-4.51;-3.50;-2.64;-2.21;-2.29;-2.96;-3.73;-4.06;-4.05;-3.87;-3.17;-1.86;-0.35;0.92;1.68;1.94;
Mid;0.00;-1.21;-2.63;-3.82;-4.91;-6.36;-8.26;-10.54;-13.04;-15.41;-17.56;-19.51;-21.17;-22.58;-23.78;-24.88;-25.60;-25.68;-24.91;-22.83;-19.88;-16.48;-13.03;-10.60;-8.51;-6.84;-5.60;-4.49;-3.57;-2.54;-1.76;-1.55;-1.75;-2.16;-2.62;-2.96;-3.09;-3.03;-2.50;-1.40;-0.11;0.83;1.41;1.73;
Apical;0.00;-0.71;-1.80;-2.82;-3.69;-5.05;-6.90;-9.13;-11.61;-13.82;-15.78;-17.54;-19.00;-20.24;-21.25;-22.15;-22.74;-22.93;-22.59;-21.33;-19.24;-16.44;-13.37;-11.30;-9.23;-7.11;-5.38;-3.93;-2.91;-2.08;-1.57;-1.37;-1.55;-2.00;-2.51;-2.87;-3.06;-3.05;-2.53;-1.29;0.13;1.06;1.52;1.69;

----------------------------------------------------------


