PatientInformation
==========================================================
PatientID;No patientID
Name;,,
Date of Birth;
Sex;
Version;AutoStrainCap2 2.1.0.491925

Results
==========================================================
Global
----------------------------------------------------------
LaSr_ED;7.14;%
LaScd_ED;-8.10;%
LaSct_ED;0.96;%
LaSr_AC;7.20;%
LaScd_AC;-8.17;%
LaSct_AC;0.97;%
ED;0.00;ms
ES;307.45;ms
PreA;527.35;ms

Curves
==========================================================
Longitudinal Strain
Unit [%]
Time [ms];0.00;21.35;42.70;64.05;85.40;106.75;128.10;149.45;170.80;192.15;213.50;234.85;256.20;277.56;298.91;320.26;341.61;362.96;384.31;405.66;427.01;448.36;469.71;491.06;512.41;533.76;555.11;576.46;597.81;619.16;640.51;661.86;683.21;704.56;725.91;
LAS_ED;0.00;-0.18;-0.25;0.08;0.74;1.36;2.03;3.22;3.97;4.39;5.35;5.95;6.18;6.65;7.10;7.06;6.79;6.83;6.61;4.65;1.99;-0.20;-1.02;-1.26;-1.24;-0.88;-1.04;-1.22;-1.31;-1.26;-1.12;-0.87;-0.78;-0.62;-0.31;
LAS_AC;0.89;0.71;0.63;0.97;1.63;2.26;2.93;4.13;4.90;5.31;6.28;6.89;7.12;7.59;8.05;8.01;7.73;7.77;7.55;5.58;2.89;0.68;-0.14;-0.39;-0.36;0.00;-0.16;-0.34;-0.44;-0.38;-0.25;0.01;0.09;0.26;0.57;

----------------------------------------------------------


