PatientInformation
==========================================================
PatientID;No patientID
Name;,,
Date of Birth;
Sex;
Version;AutoStrainCap2 2.1.0.491925

Results
==========================================================
Global
----------------------------------------------------------
RVFWSL;-14.39;%
RV4CSL;-11.64;%
ED;0.00;ms
ES;319.71;ms

Curves
==========================================================
Longitudinal Strain
Unit [%]
Time [ms];0.00;8.07;16.15;24.22;32.29;40.37;48.44;56.52;64.59;72.66;80.74;88.81;96.88;104.96;113.03;121.10;129.18;137.25;145.32;153.40;161.47;169.55;177.62;185.69;193.77;201.84;209.91;217.99;226.06;234.13;242.21;250.28;258.36;266.43;274.50;282.58;290.65;298.72;306.80;314.87;322.94;331.02;339.09;347.16;355.24;363.31;371.39;379.46;387.53;395.61;403.68;411.75;419.83;427.90;435.97;444.05;452.12;460.20;468.27;476.34;484.42;492.49;500.56;508.64;516.71;524.78;532.86;540.93;549.01;557.08;565.15;573.23;581.30;589.37;597.45;605.52;613.59;621.67;629.74;637.81;645.89;653.96;662.04;670.11;678.18;686.26;694.33;702.40;710.48;718.55;726.62;734.70;742.77;750.85;758.92;766.99;
Basal;0.00;-0.51;-1.02;-1.42;-1.71;-1.67;-1.54;-1.42;-1.43;-1.65;-2.02;-2.48;-2.98;-3.49;-3.97;-4.39;-4.75;-4.98;-5.14;-5.26;-5.39;-5.64;-6.02;-6.58;-7.35;-8.37;-9.54;-10.72;-11.78;-12.65;-13.34;-13.87;-14.30;-14.53;-14.68;-14.73;-14.73;-14.78;-14.78;-14.69;-14.53;-14.24;-13.92;-13.59;-13.32;-13.13;-12.97;-12.75;-12.41;-11.84;-11.13;-10.35;-9.57;-8.86;-8.19;-7.55;-6.92;-6.33;-5.73;-5.15;-4.59;-4.02;-3.50;-3.03;-2.62;-2.34;-2.13;-1.97;-1.89;-1.91;-1.98;-2.05;-2.09;-2.05;-1.95;-1.82;-1.69;-1.55;-1.43;-1.33;-1.23;-1.12;-1.02;-0.93;-0.84;-0.75;-0.68;-0.62;-0.58;-0.56;-0.54;-0.49;-0.36;-0.17;0.01;0.10;
Mid;0.00;-0.44;-0.89;-1.26;-1.57;-1.59;-1.52;-1.46;-1.52;-1.81;-2.25;-2.79;-3.39;-4.03;-4.64;-5.19;-5.61;-5.81;-5.89;-5.89;-5.89;-5.96;-6.14;-6.47;-6.98;-7.70;-8.54;-9.38;-10.12;-10.69;-11.14;-11.55;-12.03;-12.66;-13.34;-14.00;-14.52;-14.90;-15.11;-15.20;-15.20;-15.11;-14.97;-14.75;-14.44;-13.98;-13.45;-12.86;-12.23;-11.63;-11.01;-10.38;-9.73;-9.05;-8.36;-7.64;-6.87;-6.09;-5.26;-4.45;-3.69;-3.04;-2.48;-2.00;-1.58;-1.26;-0.99;-0.80;-0.69;-0.70;-0.76;-0.84;-0.89;-0.85;-0.77;-0.66;-0.56;-0.47;-0.39;-0.33;-0.28;-0.21;-0.15;-0.08;-0.02;0.04;0.09;0.13;0.14;0.12;0.10;0.10;0.13;0.18;0.21;0.17;
Apical;0.00;-0.49;-0.98;-1.36;-1.75;-1.78;-1.77;-1.80;-1.95;-2.31;-2.78;-3.32;-3.86;-4.38;-4.84;-5.24;-5.54;-5.73;-5.83;-5.87;-5.90;-5.97;-6.12;-6.38;-6.76;-7.26;-7.82;-8.38;-8.86;-9.22;-9.51;-9.80;-10.19;-10.62;-11.14;-11.64;-12.04;-12.37;-12.53;-12.57;-12.53;-12.37;-12.19;-11.97;-11.72;-11.47;-11.21;-10.94;-10.65;-10.32;-9.98;-9.59;-9.14;-8.60;-7.98;-7.29;-6.49;-5.74;-4.93;-4.13;-3.39;-2.66;-2.02;-1.47;-1.01;-0.76;-0.57;-0.43;-0.36;-0.42;-0.51;-0.62;-0.69;-0.65;-0.57;-0.47;-0.38;-0.30;-0.24;-0.20;-0.16;-0.10;-0.03;0.04;0.11;0.16;0.21;0.25;0.26;0.24;0.21;0.20;0.23;0.27;0.29;0.22;

----------------------------------------------------------


