PatientInformation
==========================================================
PatientID;No patientID
Name;,,
Date of Birth;
Sex;
Version;AutoStrainCap2 2.1.0.491925

Results
==========================================================
Global
----------------------------------------------------------
LaSr_ED;30.88;%
LaScd_ED;-25.33;%
LaSct_ED;-5.54;%
LaSr_AC;29.25;%
LaScd_AC;-24.00;%
LaSct_AC;-5.25;%
ED;0.00;ms
ES;343.60;ms
PreA;430.85;ms

Curves
==========================================================
Longitudinal Strain
Unit [%]
Time [ms];0.00;10.77;21.54;32.31;43.08;53.86;64.63;75.40;86.17;96.94;107.71;118.48;129.25;140.03;150.80;161.57;172.34;183.11;193.88;204.65;215.42;226.19;236.97;247.74;258.51;269.28;280.05;290.82;301.59;312.36;323.14;333.91;344.68;355.45;366.22;376.99;387.76;398.53;409.31;420.08;430.85;441.62;452.39;463.16;473.93;484.70;495.47;506.25;
LAS_ED;0.00;-0.20;3.98;5.16;5.23;4.43;4.74;6.31;8.34;10.38;12.48;13.93;14.95;16.20;17.21;17.57;17.89;18.50;19.13;19.64;20.33;21.48;22.83;24.22;25.61;27.13;28.08;28.03;27.84;28.74;29.92;30.60;30.87;30.37;28.82;25.67;21.55;17.16;12.92;8.83;5.54;2.80;1.00;0.08;-0.53;-1.74;-2.20;-0.88;
LAS_AC;-5.25;-5.44;-1.48;-0.36;-0.29;-1.06;-0.76;0.72;2.65;4.58;6.57;7.95;8.91;10.10;11.05;11.39;11.70;12.28;12.87;13.35;14.01;15.09;16.38;17.70;19.02;20.45;21.35;21.30;21.12;21.98;23.10;23.74;24.00;23.53;22.05;19.07;15.17;11.01;6.99;3.11;0.00;-2.60;-4.31;-5.17;-5.76;-6.90;-7.33;-6.08;

----------------------------------------------------------


