PatientInformation
==========================================================
PatientID;No patientID
Name;,,
Date of Birth;
Sex;
Version;AutoStrainCap2 2.1.0.491925

Results
==========================================================
Global
----------------------------------------------------------
RVFWSL;-18.48;%
RV4CSL;-12.96;%
ED;0.00;ms
ES;241.76;ms

Curves
==========================================================
Longitudinal Strain
Unit [%]
Time [ms];0.00;8.79;17.58;26.37;35.16;43.96;52.75;61.54;70.33;79.12;87.91;96.70;105.49;114.29;123.08;131.87;140.66;149.45;158.24;167.03;175.82;184.62;193.41;202.20;210.99;219.78;228.57;237.36;246.15;254.94;263.74;272.53;281.32;290.11;298.90;307.69;316.48;325.27;334.07;342.86;351.65;360.44;369.23;378.02;386.81;395.60;404.40;413.19;421.98;430.77;439.56;448.35;457.14;465.93;474.72;483.52;492.31;501.10;509.89;518.68;527.47;536.26;545.05;553.85;562.64;571.43;580.22;589.01;597.80;606.59;615.38;624.18;632.97;641.76;650.55;659.34;668.13;676.92;685.71;694.50;
Basal;0.00;-4.38;-5.47;-4.22;-1.33;-1.54;-3.78;-7.01;-10.21;-12.45;-13.92;-14.86;-15.50;-16.16;-16.84;-17.64;-18.52;-19.45;-20.39;-21.28;-22.07;-22.70;-23.18;-23.47;-23.93;-24.16;-24.14;-23.89;-23.43;-22.75;-21.90;-20.89;-19.74;-18.53;-17.12;-15.41;-13.44;-10.80;-7.92;-4.94;-2.04;-0.18;1.38;2.65;3.68;4.26;4.75;5.32;6.08;7.47;8.99;10.45;11.62;11.97;12.01;11.88;11.75;11.97;12.23;12.42;12.47;12.23;11.81;11.24;10.56;9.75;8.90;8.02;7.14;6.17;5.20;4.20;3.17;2.22;1.50;1.30;1.89;3.54;4.78;4.10;
Mid;0.00;-3.87;-4.51;-2.92;-0.12;-0.22;-2.18;-4.93;-7.38;-8.39;-8.42;-7.89;-7.22;-7.03;-7.10;-7.36;-7.78;-8.36;-9.02;-9.74;-10.53;-11.34;-12.13;-12.82;-13.66;-14.26;-14.59;-14.72;-14.66;-14.41;-14.01;-13.43;-12.68;-11.86;-10.87;-9.70;-8.54;-7.15;-5.72;-4.21;-2.59;-1.65;-0.71;0.18;1.05;1.78;2.51;3.28;4.12;5.18;6.23;7.20;7.99;8.42;8.68;8.86;9.03;9.40;9.76;10.06;10.23;10.15;9.91;9.52;9.01;8.33;7.59;6.82;6.05;5.19;4.33;3.43;2.47;1.48;0.69;0.42;0.98;2.69;4.09;3.67;
Apical;0.00;-4.06;-5.10;-3.93;-1.15;-1.03;-2.64;-5.09;-7.42;-8.78;-9.41;-9.60;-9.65;-10.00;-10.49;-11.12;-11.83;-12.59;-13.38;-14.19;-15.02;-15.76;-16.39;-16.81;-17.26;-17.52;-17.56;-17.51;-17.56;-17.86;-18.16;-18.21;-17.81;-16.97;-15.73;-14.27;-12.79;-11.34;-9.89;-8.33;-6.55;-4.64;-2.63;-0.66;1.16;2.38;3.42;4.35;5.21;6.13;6.99;7.75;8.37;8.69;8.89;9.00;9.08;9.30;9.48;9.60;9.62;9.45;9.15;8.71;8.19;7.49;6.76;6.03;5.34;4.68;4.04;3.37;2.60;1.73;1.00;0.74;1.23;2.80;4.05;3.59;

----------------------------------------------------------


