PatientInformation
==========================================================
PatientID;No patientID
Name;,,
Date of Birth;
Sex;
Version;AutoStrainCap2 2.1.0.491925

Results
==========================================================
Global
----------------------------------------------------------
LaSr_ED;21.40;%
LaScd_ED;-25.24;%
LaSct_ED;3.84;%
LaSr_AC;22.16;%
LaScd_AC;-26.14;%
LaSct_AC;3.98;%
ED;0.00;ms
ES;273.75;ms
PreA;576.09;ms

Curves
==========================================================
Longitudinal Strain
Unit [%]
Time [ms];0.00;20.43;40.86;61.29;81.72;102.14;122.57;143.00;163.43;183.86;204.29;224.72;245.15;265.57;286.00;306.43;326.86;347.29;367.72;388.15;408.58;429.01;449.43;469.86;490.29;510.72;531.15;551.58;572.01;592.44;612.86;633.29;653.72;674.15;694.58;715.01;735.44;755.87;776.29;796.72;817.15;837.58;858.01;
LAS_ED;0.00;-1.23;-1.90;-0.62;1.89;5.15;8.12;9.60;11.14;13.82;16.85;19.32;20.91;21.35;21.19;19.69;18.24;17.75;16.05;10.69;3.57;-3.63;-8.72;-9.48;-7.30;-3.96;-1.29;-1.58;-3.44;-5.30;-6.44;-6.06;-4.68;-2.88;-1.54;-1.87;-2.66;-2.94;-3.08;-3.64;-3.66;-2.59;-1.14;
LAS_AC;3.56;2.29;1.60;2.92;5.52;8.90;11.97;13.51;15.10;17.88;21.01;23.57;25.22;25.67;25.50;23.96;22.45;21.95;20.18;14.64;7.26;-0.19;-5.47;-6.26;-4.00;-0.54;2.23;1.92;0.00;-1.93;-3.11;-2.72;-1.28;0.58;1.97;1.62;0.80;0.52;0.38;-0.21;-0.23;0.88;2.38;

----------------------------------------------------------


