PatientInformation
==========================================================
PatientID;No patientID
Name;,,
Date of Birth;
Sex;
Version;AutoStrainCap2 2.1.0.491925

Results
==========================================================
Global
----------------------------------------------------------
LaSr_ED;21.08;%
LaScd_ED;-24.38;%
LaSct_ED;3.31;%
LaSr_AC;21.72;%
LaScd_AC;-25.12;%
LaSct_AC;3.41;%
ED;0.00;ms
ES;275.79;ms
PreA;578.14;ms

Curves
==========================================================
Longitudinal Strain
Unit [%]
Time [ms];0.00;20.43;40.86;61.29;81.72;102.14;122.57;143.00;163.43;183.86;204.29;224.72;245.15;265.57;286.00;306.43;326.86;347.29;367.72;388.15;408.58;429.01;449.43;469.86;490.29;510.72;531.15;551.58;572.01;592.44;612.86;633.29;653.72;674.15;694.58;715.01;735.44;755.87;776.29;796.72;817.15;837.58;858.01;
LAS_ED;0.00;-1.16;-1.68;-0.15;2.39;5.26;7.62;9.08;10.64;13.14;15.99;18.42;20.18;20.93;20.87;19.06;17.23;16.63;15.03;9.88;2.83;-4.14;-9.10;-10.11;-8.27;-5.20;-2.50;-2.05;-2.96;-4.09;-4.98;-4.88;-3.96;-2.34;-0.94;-1.01;-1.77;-2.78;-3.80;-4.57;-4.44;-3.00;-1.07;
LAS_AC;3.05;1.85;1.32;2.90;5.52;8.47;10.90;12.41;14.02;16.59;19.53;22.03;23.85;24.62;24.55;22.69;20.81;20.19;18.54;13.23;5.97;-1.22;-6.33;-7.37;-5.48;-2.31;0.47;0.94;0.00;-1.17;-2.08;-1.98;-1.03;0.64;2.08;2.01;1.23;0.19;-0.87;-1.66;-1.52;-0.04;1.94;

----------------------------------------------------------


