PatientInformation
==========================================================
PatientID;No patientID
Name;,,
Date of Birth;
Sex;
Version;AutoStrainCap2 2.1.0.491925

Results
==========================================================
Global
----------------------------------------------------------
RVFWSL;-28.53;%
RV4CSL;-24.66;%
ED;0.00;ms
ES;271.70;ms

Curves
==========================================================
Longitudinal Strain
Unit [%]
Time [ms];0.00;20.43;40.86;61.29;81.72;102.14;122.57;143.00;163.43;183.86;204.29;224.72;245.15;265.57;286.00;306.43;326.86;347.29;367.72;388.15;408.58;429.01;449.43;469.86;490.29;510.72;531.15;551.58;572.01;592.44;612.86;633.29;653.72;674.15;694.58;715.01;735.44;755.87;776.29;796.72;817.15;837.58;858.01;
Basal;0.00;-4.82;-8.99;-8.17;-6.61;-9.16;-12.68;-14.73;-16.07;-17.35;-18.29;-18.74;-19.42;-21.38;-22.28;-18.99;-14.73;-13.50;-12.65;-9.64;-6.41;-4.47;-3.36;-2.71;-2.34;-1.95;-1.90;-2.36;-2.87;-2.94;-2.74;-2.46;-2.04;-1.55;-1.10;-0.85;-0.89;-1.19;-1.53;-1.68;-1.60;-1.33;-0.76;
Mid;0.00;-4.10;-7.80;-8.27;-8.07;-10.32;-13.32;-15.82;-17.85;-19.76;-21.29;-22.29;-23.28;-24.93;-25.00;-21.55;-17.33;-15.91;-14.81;-11.43;-7.67;-4.98;-3.16;-2.34;-2.00;-1.64;-1.64;-1.99;-2.42;-2.65;-2.65;-2.45;-2.06;-1.58;-1.12;-0.79;-0.69;-0.87;-1.10;-1.22;-1.16;-0.98;-0.55;
Apical;0.00;-5.50;-10.90;-12.75;-13.56;-16.94;-20.84;-24.16;-26.97;-29.49;-31.65;-33.52;-35.34;-37.39;-36.76;-32.76;-27.65;-25.19;-22.91;-18.38;-13.75;-10.52;-8.37;-7.26;-6.77;-6.26;-6.10;-6.34;-6.68;-6.73;-6.55;-6.11;-5.45;-4.72;-3.96;-3.33;-2.90;-2.61;-2.40;-2.20;-1.87;-1.45;-0.75;

----------------------------------------------------------


