PatientInformation
==========================================================
PatientID;No patientID
Name;,,
Date of Birth;
Sex;
Version;AutoStrainCap2 2.1.0.491925

Results
==========================================================
Global
----------------------------------------------------------
RVFWSL;-26.96;%
RV4CSL;-20.16;%
ED;0.00;ms
ES;253.32;ms

Curves
==========================================================
Longitudinal Strain
Unit [%]
Time [ms];0.00;20.43;40.86;61.29;81.72;102.14;122.57;143.00;163.43;183.86;204.29;224.72;245.15;265.57;286.00;306.43;326.86;347.29;367.72;388.15;408.58;429.01;449.43;469.86;490.29;510.72;531.15;551.58;572.01;592.44;612.86;633.29;653.72;674.15;694.58;715.01;735.44;755.87;776.29;796.72;817.15;837.58;858.01;
Basal;0.00;-4.97;-9.72;-10.24;-10.06;-12.50;-15.87;-18.45;-20.43;-22.03;-23.35;-24.40;-24.96;-24.84;-23.66;-21.13;-17.94;-15.03;-12.00;-8.44;-5.36;-3.58;-2.60;-1.71;-0.98;-0.52;-0.35;-0.73;-1.24;-1.56;-1.62;-1.44;-1.11;-0.74;-0.45;-0.32;-0.45;-0.86;-1.29;-1.54;-1.55;-1.43;-0.92;
Mid;0.00;-4.60;-9.42;-11.27;-12.26;-14.62;-17.47;-19.90;-21.92;-23.70;-25.18;-26.34;-27.09;-27.43;-26.63;-24.26;-21.07;-17.79;-14.45;-10.92;-7.68;-5.17;-3.32;-1.99;-1.06;-0.57;-0.47;-0.82;-1.28;-1.67;-1.83;-1.79;-1.58;-1.23;-0.91;-0.67;-0.64;-0.87;-1.16;-1.34;-1.38;-1.32;-0.92;
Apical;0.00;-5.84;-12.05;-13.99;-14.47;-16.11;-18.14;-20.27;-22.11;-23.52;-24.67;-25.74;-26.52;-26.84;-26.02;-23.35;-19.66;-16.20;-12.69;-8.75;-5.25;-2.50;-0.50;1.08;2.17;2.48;2.35;1.68;0.88;0.16;-0.33;-0.58;-0.60;-0.40;-0.21;-0.05;-0.08;-0.30;-0.58;-0.87;-1.06;-1.22;-0.98;

----------------------------------------------------------


