PatientInformation
==========================================================
PatientID;No patientID
Name;,,
Date of Birth;
Sex;
Version;AutoStrainCap2 2.1.0.491925

Results
==========================================================
Global
----------------------------------------------------------
LaSr_ED;20.93;%
LaScd_ED;-12.30;%
LaSct_ED;-8.63;%
LaSr_AC;19.27;%
LaScd_AC;-11.33;%
LaSct_AC;-7.94;%
ED;0.00;ms
ES;437.68;ms
PreA;710.97;ms

Curves
==========================================================
Longitudinal Strain
Unit [%]
Time [ms];0.00;21.35;42.70;64.05;85.40;106.75;128.10;149.45;170.80;192.15;213.50;234.85;256.20;277.56;298.91;320.26;341.61;362.96;384.31;405.66;427.01;448.36;469.71;491.06;512.41;533.76;555.11;576.46;597.81;619.16;640.51;661.86;683.21;704.56;725.91;747.26;768.61;789.97;811.32;832.67;854.02;875.37;896.72;918.07;939.42;960.77;
LAS_ED;0.00;-1.50;-1.08;-0.18;1.14;3.12;5.46;7.70;9.87;11.94;13.85;15.32;16.63;17.80;18.84;19.58;19.87;19.53;19.34;20.09;20.81;20.81;19.70;17.36;14.39;10.94;8.08;6.98;6.78;6.87;7.21;7.86;8.48;8.62;8.73;9.28;9.45;8.61;7.37;6.22;4.77;2.07;-0.58;-1.80;-2.09;-1.11;
LAS_AC;-7.93;-9.31;-8.93;-8.10;-6.88;-5.06;-2.90;-0.85;1.16;3.06;4.82;6.17;7.38;8.45;9.42;10.10;10.36;10.04;9.87;10.57;11.22;11.23;10.21;8.05;5.32;2.14;-0.49;-1.50;-1.69;-1.61;-1.29;-0.69;-0.13;0.00;0.11;0.61;0.77;-0.01;-1.15;-2.20;-3.54;-6.03;-8.47;-9.59;-9.86;-8.95;

----------------------------------------------------------


