PatientInformation
==========================================================
PatientID;No patientID
Name;,,
Date of Birth;
Sex;
Version;AutoStrainCap2 2.1.0.491925

Results
==========================================================
Global
----------------------------------------------------------
RVFWSL;-19.80;%
RV4CSL;-16.48;%
ED;0.00;ms
ES;324.73;ms

Curves
==========================================================
Longitudinal Strain
Unit [%]
Time [ms];0.00;12.44;24.88;37.32;49.77;62.21;74.65;87.09;99.53;111.97;124.42;136.86;149.30;161.74;174.18;186.62;199.07;211.51;223.95;236.39;248.83;261.27;273.72;286.16;298.60;311.04;323.48;335.92;348.36;360.81;373.25;385.69;398.13;410.57;423.01;435.46;447.90;460.34;472.78;485.22;497.66;510.11;522.55;534.99;547.43;559.87;572.31;584.76;597.20;609.64;622.08;634.52;646.96;659.40;671.85;684.29;696.73;709.17;721.61;734.05;746.50;758.94;771.38;783.82;796.26;808.70;821.15;833.59;846.03;858.47;870.91;883.35;895.80;908.24;920.68;933.12;945.56;958.00;
Basal;0.00;-1.38;-2.40;-3.97;-4.96;-6.14;-7.35;-8.78;-10.33;-11.96;-13.58;-15.10;-16.41;-17.40;-18.28;-19.40;-21.24;-23.24;-24.93;-25.82;-26.24;-26.38;-26.37;-26.28;-26.18;-26.26;-26.30;-26.11;-25.47;-24.63;-23.89;-23.42;-23.11;-22.81;-22.57;-22.22;-21.73;-20.92;-19.91;-18.72;-17.52;-16.01;-13.95;-11.48;-8.82;-6.48;-5.08;-4.12;-3.26;-2.17;-1.08;-0.40;0.24;0.35;0.37;-0.25;-0.67;-0.93;-0.73;-0.44;-0.19;-0.05;0.07;0.35;0.99;2.04;3.57;5.72;7.57;8.24;6.78;4.50;2.54;1.92;2.00;2.19;1.96;1.29;
Mid;0.00;-0.98;-1.51;-2.60;-3.23;-4.10;-4.96;-5.79;-6.71;-7.81;-9.34;-10.81;-11.91;-12.18;-12.14;-12.22;-12.98;-13.90;-14.61;-14.71;-14.49;-14.16;-13.96;-13.83;-13.79;-13.89;-14.00;-13.97;-13.71;-13.31;-12.96;-12.60;-12.25;-11.69;-10.98;-10.06;-9.11;-8.28;-7.44;-6.47;-5.63;-4.55;-3.24;-1.70;-0.19;0.97;1.25;1.20;1.16;1.54;2.03;2.30;2.67;2.65;2.55;1.79;1.25;1.01;1.52;2.24;2.91;3.36;3.66;3.95;4.25;4.81;5.79;7.48;8.89;9.12;7.14;4.33;1.91;1.08;1.09;1.38;1.37;1.01;
Apical;0.00;-1.56;-1.66;-2.06;-2.29;-3.23;-4.30;-5.45;-6.66;-7.99;-9.51;-10.94;-12.06;-12.71;-13.10;-13.58;-14.53;-15.62;-16.54;-16.88;-16.93;-16.79;-16.69;-16.55;-16.45;-16.46;-16.50;-16.42;-16.10;-15.68;-15.36;-15.05;-14.71;-14.01;-12.93;-11.53;-10.05;-8.73;-7.40;-5.80;-3.87;-1.71;0.38;1.70;2.75;3.64;4.17;4.62;5.04;5.60;6.11;6.21;6.76;6.86;7.13;6.63;6.47;6.38;6.62;6.79;6.80;6.60;6.28;6.02;5.94;6.16;6.81;8.22;9.40;9.58;7.74;5.19;3.00;2.20;2.16;2.40;2.36;1.83;

----------------------------------------------------------


