PatientInformation
==========================================================
PatientID;No patientID
Name;,,
Date of Birth;
Sex;
Version;AutoStrainCap2 2.1.0.491925

Results
==========================================================
Global
----------------------------------------------------------
LaSr_ED;19.47;%
LaScd_ED;-14.46;%
LaSct_ED;-5.01;%
LaSr_AC;18.55;%
LaScd_AC;-13.78;%
LaSct_AC;-4.77;%
ED;0.00;ms
ES;471.01;ms
PreA;685.90;ms

Curves
==========================================================
Longitudinal Strain
Unit [%]
Time [ms];0.00;10.85;21.71;32.56;43.41;54.26;65.12;75.97;86.82;97.68;108.53;119.38;130.23;141.09;151.94;162.79;173.64;184.50;195.35;206.20;217.06;227.91;238.76;249.61;260.47;271.32;282.17;293.03;303.88;314.73;325.58;336.44;347.29;358.14;369.00;379.85;390.70;401.55;412.41;423.26;434.11;444.96;455.82;466.67;477.52;488.38;499.23;510.08;520.93;531.79;542.64;553.49;564.35;575.20;586.05;596.90;607.76;618.61;629.46;640.31;651.17;662.02;672.87;683.73;694.58;705.43;716.28;727.14;737.99;748.84;759.70;770.55;781.40;792.25;803.11;813.96;824.81;835.67;846.52;857.37;868.22;879.08;889.93;
LAS_ED;0.00;-0.69;-1.67;-2.72;-3.68;-4.10;-4.25;-4.22;-3.81;-3.90;-3.70;-3.45;-2.98;-2.25;-1.26;-0.07;1.24;2.60;3.96;5.27;6.44;7.42;8.26;9.08;9.94;10.98;12.09;13.15;14.15;14.88;15.51;16.04;16.56;17.11;17.63;18.04;18.29;18.31;18.19;18.45;18.78;19.01;19.29;19.45;19.43;19.25;18.81;18.04;17.11;15.59;14.01;12.32;10.61;9.07;7.63;6.42;5.51;4.86;4.51;4.37;4.39;4.46;4.64;4.93;5.37;5.82;6.28;6.42;6.23;5.25;3.87;2.10;0.16;-1.76;-3.46;-4.82;-5.71;-6.19;-6.13;-5.69;-4.58;-3.15;-1.41;
LAS_AC;-4.70;-5.35;-6.29;-7.29;-8.20;-8.60;-8.74;-8.72;-8.33;-8.41;-8.22;-7.99;-7.53;-6.84;-5.89;-4.77;-3.51;-2.22;-0.92;0.33;1.44;2.38;3.18;3.96;4.78;5.77;6.82;7.84;8.79;9.49;10.08;10.59;11.09;11.61;12.11;12.50;12.74;12.75;12.64;12.88;13.20;13.42;13.69;13.84;13.83;13.65;13.23;12.49;11.61;10.16;8.66;7.04;5.42;3.95;2.57;1.42;0.56;-0.07;-0.40;-0.53;-0.52;-0.44;-0.27;0.00;0.42;0.85;1.29;1.42;1.24;0.31;-1.01;-2.70;-4.54;-6.37;-8.00;-9.29;-10.14;-10.60;-10.54;-10.12;-9.06;-7.70;-6.04;

----------------------------------------------------------


