PatientInformation
==========================================================
PatientID;No patientID
Name;,,
Date of Birth;
Sex;
Version;AutoStrainCap2 2.1.0.491925

Results
==========================================================
Global
----------------------------------------------------------
RVFWSL;-32.38;%
RV4CSL;-23.49;%
ED;0.00;ms
ES;386.85;ms

Curves
==========================================================
Longitudinal Strain
Unit [%]
Time [ms];0.00;11.58;23.16;34.75;46.33;57.91;69.49;81.08;92.66;104.24;115.82;127.41;138.99;150.57;162.15;173.74;185.32;196.90;208.48;220.07;231.65;243.23;254.81;266.40;277.98;289.56;301.14;312.72;324.31;335.89;347.47;359.05;370.64;382.22;393.80;405.38;416.97;428.55;440.13;451.71;463.30;474.88;486.46;498.04;509.63;521.21;532.79;544.37;555.96;567.54;579.12;590.70;602.28;613.87;625.45;637.03;648.61;660.20;671.78;683.36;694.94;706.53;718.11;729.69;741.27;752.86;764.44;776.02;787.60;799.19;810.77;822.35;833.93;845.52;857.10;868.68;880.26;
Basal;0.00;-1.66;-3.57;-4.99;-5.86;-5.88;-5.76;-5.37;-5.24;-5.16;-5.34;-5.80;-6.70;-8.19;-9.95;-11.63;-13.02;-14.17;-15.32;-16.53;-17.84;-19.23;-20.50;-21.75;-22.90;-23.99;-24.93;-25.70;-26.39;-26.97;-27.49;-28.06;-28.52;-28.76;-28.58;-28.02;-27.52;-26.59;-25.61;-25.07;-25.47;-26.18;-26.51;-25.92;-24.64;-23.01;-21.27;-19.57;-18.03;-16.95;-15.99;-14.89;-13.21;-11.38;-9.70;-8.47;-7.65;-7.20;-7.05;-7.17;-7.49;-8.03;-8.50;-8.69;-8.32;-7.54;-6.37;-5.09;-3.48;-1.77;0.29;2.05;3.34;3.52;3.08;2.16;1.16;
Mid;0.00;-1.28;-2.69;-3.87;-4.83;-5.31;-5.73;-6.05;-6.55;-6.99;-7.36;-7.86;-8.66;-9.84;-11.28;-12.74;-14.17;-15.48;-16.86;-18.23;-19.71;-21.23;-22.76;-24.22;-25.50;-26.52;-27.34;-28.03;-28.92;-29.74;-30.51;-31.08;-31.52;-31.74;-31.78;-31.43;-31.15;-30.33;-29.44;-28.78;-28.79;-28.94;-28.90;-28.19;-26.93;-25.06;-22.65;-20.04;-17.77;-16.19;-15.04;-13.95;-12.78;-11.58;-10.47;-9.50;-8.78;-8.35;-8.22;-8.31;-8.49;-8.68;-8.76;-8.67;-8.31;-7.69;-6.71;-5.52;-4.00;-2.31;-0.38;1.32;2.56;2.92;2.67;1.97;1.06;
Apical;0.00;-1.03;-1.95;-2.70;-3.33;-3.74;-4.31;-4.93;-5.82;-6.67;-7.45;-8.33;-9.44;-10.86;-12.51;-14.20;-15.88;-17.51;-19.24;-21.07;-22.96;-24.77;-26.13;-27.30;-28.26;-29.26;-30.11;-30.78;-31.47;-32.02;-32.57;-33.10;-33.58;-33.96;-34.15;-34.07;-33.68;-32.88;-31.97;-31.22;-31.08;-31.07;-30.90;-30.22;-29.01;-27.27;-25.11;-22.77;-20.59;-18.80;-17.32;-15.98;-14.38;-12.79;-11.32;-10.15;-9.27;-8.71;-8.50;-8.51;-8.61;-8.77;-8.85;-8.80;-8.52;-7.98;-7.04;-5.79;-4.16;-2.42;-0.58;1.01;2.25;2.85;2.92;2.45;1.30;

----------------------------------------------------------


