PatientInformation
==========================================================
PatientID;No patientID
Name;,,
Date of Birth;
Sex;
Version;AutoStrainCap2 2.1.0.491925

Results
==========================================================
Global
----------------------------------------------------------
LaSr_ED;21.21;%
LaScd_ED;-13.27;%
LaSct_ED;-7.94;%
LaSr_AC;19.66;%
LaScd_AC;-12.29;%
LaSct_AC;-7.36;%
ED;0.00;ms
ES;269.02;ms
PreA;518.82;ms

Curves
==========================================================
Longitudinal Strain
Unit [%]
Time [ms];0.00;21.35;42.70;64.05;85.40;106.75;128.10;149.45;170.80;192.15;213.50;234.85;256.21;277.56;298.91;320.26;341.61;362.96;384.31;405.66;427.01;448.36;469.71;491.06;512.41;533.76;555.11;576.46;597.81;619.16;640.51;661.86;683.21;704.56;725.91;747.26;
LAS_ED;0.00;0.67;3.44;7.13;10.51;13.61;15.46;17.05;17.82;19.07;19.94;20.87;21.17;21.17;20.91;21.01;20.56;20.18;17.40;13.80;10.72;9.50;8.37;7.99;7.90;8.16;8.64;9.06;9.37;9.10;7.22;3.05;-1.63;-6.77;-7.11;-4.42;
LAS_AC;-7.32;-6.70;-4.13;-0.71;2.42;5.29;7.01;8.48;9.19;10.35;11.16;12.02;12.29;12.30;12.05;12.15;11.73;11.38;8.80;5.47;2.61;1.49;0.43;0.09;0.00;0.24;0.68;1.08;1.36;1.11;-0.63;-4.50;-8.84;-13.59;-13.92;-11.42;

----------------------------------------------------------


