PatientInformation
==========================================================
PatientID;No patientID
Name;,,
Date of Birth;
Sex;
Version;AutoStrainCap2 2.1.0.491925

Results
==========================================================
Global
----------------------------------------------------------
RVFWSL;-28.29;%
RV4CSL;-22.45;%
ED;0.00;ms
ES;319.32;ms

Curves
==========================================================
Longitudinal Strain
Unit [%]
Time [ms];0.00;20.74;41.47;62.21;82.94;103.68;124.41;145.15;165.88;186.62;207.35;228.09;248.82;269.56;290.29;311.03;331.76;352.50;373.23;393.97;414.70;435.44;456.17;476.91;497.64;518.38;539.11;559.85;580.58;601.32;622.05;642.79;663.52;684.26;704.99;725.73;746.46;
Basal;0.00;-3.53;-6.25;-6.98;-7.96;-10.92;-14.08;-16.87;-19.87;-22.00;-24.34;-26.01;-27.98;-29.74;-31.47;-32.36;-32.70;-32.44;-31.89;-30.69;-28.87;-27.14;-25.90;-24.88;-23.92;-22.63;-20.73;-19.02;-17.66;-16.56;-14.26;-9.96;-5.66;-1.95;1.05;1.70;1.25;
Mid;0.00;-2.83;-5.70;-6.72;-8.13;-11.00;-14.20;-16.86;-19.72;-22.05;-24.35;-25.91;-27.35;-28.49;-29.38;-29.78;-29.59;-28.93;-27.81;-26.51;-24.48;-22.72;-21.47;-20.52;-19.65;-18.64;-17.26;-16.11;-15.02;-14.20;-12.54;-9.02;-5.19;-1.57;0.37;0.93;0.84;
Apical;0.00;-1.69;-3.32;-3.97;-4.98;-7.15;-9.50;-11.30;-13.41;-14.88;-16.54;-17.50;-18.66;-19.68;-20.79;-21.46;-21.63;-21.24;-20.60;-19.81;-18.55;-17.25;-16.29;-15.53;-14.84;-14.03;-12.89;-11.91;-11.14;-10.72;-9.59;-7.07;-4.25;-1.60;0.11;0.53;0.54;

----------------------------------------------------------


