PatientInformation
==========================================================
PatientID;No patientID
Name;,,
Date of Birth;
Sex;
Version;AutoStrainCap2 2.1.0.491925

Results
==========================================================
Global
----------------------------------------------------------
LaSr_ED;37.10;%
LaScd_ED;-30.22;%
LaSct_ED;-6.88;%
LaSr_AC;34.66;%
LaScd_AC;-28.23;%
LaSct_AC;-6.42;%
ED;0.00;ms
ES;369.36;ms
PreA;698.16;ms

Curves
==========================================================
Longitudinal Strain
Unit [%]
Time [ms];0.00;21.35;42.70;64.05;85.40;106.75;128.10;149.45;170.80;192.15;213.50;234.85;256.20;277.56;298.91;320.26;341.61;362.96;384.31;405.66;427.01;448.36;469.71;491.06;512.41;533.76;555.11;576.46;597.81;619.16;640.51;661.86;683.21;704.56;725.91;747.26;768.61;789.96;811.32;832.67;854.02;875.37;896.72;918.07;939.42;960.77;982.12;1003.47;
LAS_ED;0.00;-5.18;-2.10;3.31;9.40;15.67;21.11;24.67;27.41;30.18;32.19;33.20;33.77;34.78;35.81;36.34;36.75;37.08;36.84;35.32;32.05;24.91;16.07;8.15;3.37;2.42;3.68;5.75;7.20;7.22;6.72;6.49;6.56;7.06;7.71;8.31;9.08;9.57;10.15;9.78;9.58;9.67;8.12;3.51;-1.72;-4.15;-4.25;-1.94;
LAS_AC;-6.59;-11.43;-8.56;-3.50;2.19;8.05;13.13;16.45;19.01;21.60;23.47;24.42;24.95;25.89;26.85;27.35;27.74;28.05;27.82;26.40;23.35;16.68;8.42;1.02;-3.45;-4.33;-3.16;-1.22;0.13;0.15;-0.31;-0.53;-0.46;0.00;0.61;1.17;1.89;2.34;2.88;2.54;2.36;2.44;0.99;-3.32;-8.20;-10.47;-10.57;-8.40;

----------------------------------------------------------


