PatientInformation
==========================================================
PatientID;No patientID
Name;,,
Date of Birth;
Sex;
Version;AutoStrainCap2 2.1.0.491925

Results
==========================================================
Global
----------------------------------------------------------
RVFWSL;-21.05;%
RV4CSL;-21.89;%
ED;0.00;ms
ES;312.25;ms

Curves
==========================================================
Longitudinal Strain
Unit [%]
Time [ms];0.00;10.01;20.02;30.02;40.03;50.04;60.05;70.06;80.06;90.07;100.08;110.09;120.10;130.10;140.11;150.12;160.13;170.14;180.14;190.15;200.16;210.17;220.18;230.18;240.19;250.20;260.21;270.22;280.22;290.23;300.24;310.25;320.26;330.26;340.27;350.28;360.29;370.30;380.30;390.31;400.32;410.33;420.34;430.34;440.35;450.36;460.37;470.38;480.38;490.39;500.40;510.41;520.42;530.42;540.43;550.44;560.45;570.46;580.46;590.47;600.48;610.49;620.50;630.50;640.51;650.52;660.53;670.54;680.54;690.55;700.56;710.57;720.58;730.58;740.59;750.60;760.61;770.62;780.62;790.63;800.64;810.65;820.66;830.66;840.67;850.68;860.69;870.70;880.70;890.71;900.72;910.73;920.74;930.74;940.75;950.76;960.77;970.78;980.78;
Basal;0.00;-1.29;-2.37;-3.27;-4.12;-5.00;-6.13;-7.37;-8.70;-10.10;-11.57;-13.08;-14.59;-16.06;-17.48;-18.86;-20.27;-21.67;-22.99;-24.15;-25.08;-25.61;-25.92;-26.10;-26.24;-26.45;-26.84;-27.36;-27.98;-28.70;-29.56;-30.62;-29.72;-28.78;-27.81;-26.70;-25.36;-23.86;-22.45;-21.19;-20.44;-20.53;-21.24;-22.29;-23.63;-25.00;-26.35;-27.38;-28.04;-28.19;-27.88;-27.04;-25.97;-24.72;-23.42;-22.16;-21.07;-20.10;-19.20;-18.38;-17.64;-16.98;-16.40;-15.92;-15.52;-15.23;-15.08;-14.98;-14.84;-14.62;-14.25;-13.69;-13.00;-12.25;-11.50;-10.80;-10.21;-9.67;-9.17;-8.65;-8.09;-7.48;-6.80;-6.07;-5.30;-4.46;-3.56;-2.61;-1.70;-0.84;-0.13;0.38;0.71;0.92;0.97;0.91;0.62;0.32;0.07;
Mid;0.00;-1.50;-2.67;-3.59;-4.31;-4.86;-5.14;-5.34;-5.55;-5.84;-6.30;-7.04;-7.89;-8.76;-9.56;-10.23;-10.66;-10.98;-11.19;-11.37;-11.55;-11.94;-12.39;-12.88;-13.44;-14.08;-14.87;-15.74;-16.64;-17.53;-18.34;-19.00;-18.30;-17.49;-16.57;-15.61;-14.58;-13.55;-12.55;-11.70;-11.05;-10.68;-10.61;-10.83;-11.29;-11.97;-12.92;-13.82;-14.50;-14.89;-15.00;-14.86;-14.58;-14.14;-13.58;-12.92;-12.13;-11.29;-10.44;-9.62;-8.87;-8.19;-7.59;-7.06;-6.60;-6.19;-5.82;-5.47;-5.12;-4.75;-4.34;-3.93;-3.50;-3.06;-2.62;-2.21;-1.83;-1.48;-1.13;-0.75;-0.33;0.14;0.69;1.30;1.98;2.74;3.60;4.49;5.36;6.13;6.72;6.98;6.99;6.76;6.29;5.53;4.21;2.74;1.29;
Apical;0.00;-0.41;-0.67;-0.81;-0.85;-0.86;-0.91;-1.00;-1.16;-1.46;-1.89;-2.46;-3.11;-3.80;-4.41;-4.97;-5.38;-5.72;-5.98;-6.24;-6.52;-6.87;-7.29;-7.82;-8.46;-9.20;-10.15;-11.13;-12.07;-12.92;-13.58;-14.24;-14.15;-13.84;-13.29;-12.60;-11.75;-10.83;-9.83;-8.88;-8.01;-7.22;-6.65;-6.37;-6.37;-6.62;-7.32;-7.95;-8.38;-8.57;-8.57;-8.21;-7.80;-7.30;-6.77;-6.22;-5.71;-5.23;-4.77;-4.36;-4.01;-3.63;-3.33;-3.10;-2.95;-2.86;-2.83;-2.83;-2.83;-2.82;-2.78;-2.76;-2.72;-2.66;-2.59;-2.54;-2.53;-2.54;-2.55;-2.57;-2.56;-2.53;-2.43;-2.25;-1.96;-1.51;-0.90;-0.15;0.66;1.45;2.10;2.56;2.81;2.90;2.82;2.58;1.98;1.30;0.60;

----------------------------------------------------------


