PatientInformation
==========================================================
PatientID;No patientID
Name;,,
Date of Birth;
Sex;
Version;AutoStrainCap2 2.1.0.491925

Results
==========================================================
Global
----------------------------------------------------------
GLS(3P);-14.36;%
GLS(4Ch);-12.77;%
GLS(2Ch);-15.84;%
GLS(3Ch);-14.46;%
ED;0.00;ms
ES;368.53;ms

Results
==========================================================
Longitudinal Strain
T2P
Minimum
----------------------------------------------------------
Segment 0 [mean];350.99;ms
----------------------------------------------------------
Segment 1 [ant];272.08;ms
Segment 2 [ant/sept];353.30;ms
Segment 3 [inf/sept];472.08;ms
Segment 4 [inf];443.66;ms
Segment 5 [inf/lat];277.16;ms
Segment 6 [ant/lat];396.96;ms
----------------------------------------------------------
Segment 7 [ant];464.98;ms
Segment 8 [ant/sept];273.10;ms
Segment 9 [inf/sept];369.54;ms
Segment 10 [inf];468.02;ms
Segment 11 [inf/lat];333.00;ms
Segment 12 [ant/lat];373.60;ms
----------------------------------------------------------
Segment 13 [ant];386.80;ms
Segment 14 [ant/sept];267.01;ms
Segment 15 [inf/sept];290.36;ms
Segment 16 [inf];360.41;ms
Segment 17 [inf/lat];225.38;ms
Segment 18 [ant/lat];290.36;ms
----------------------------------------------------------


Results
==========================================================
Longitudinal Strain
End-systolic

----------------------------------------------------------
Segment 0 [mean];-13.00;%
----------------------------------------------------------
Segment 1 [ant];-2.88;%
Segment 2 [ant/sept];-6.04;%
Segment 3 [inf/sept];-0.63;%
Segment 4 [inf];-13.67;%
Segment 5 [inf/lat];-24.12;%
Segment 6 [ant/lat];-12.74;%
----------------------------------------------------------
Segment 7 [ant];-15.71;%
Segment 8 [ant/sept];-5.99;%
Segment 9 [inf/sept];-14.55;%
Segment 10 [inf];-13.50;%
Segment 11 [inf/lat];-9.27;%
Segment 12 [ant/lat];-14.77;%
----------------------------------------------------------
Segment 13 [ant];-23.45;%
Segment 14 [ant/sept];-8.72;%
Segment 15 [inf/sept];-18.61;%
Segment 16 [inf];-21.76;%
Segment 17 [inf/lat];-13.72;%
Segment 18 [ant/lat];-13.78;%
----------------------------------------------------------


Results
==========================================================
Longitudinal Strain
Peak-systolic

----------------------------------------------------------
Segment 0 [mean];-14.81;%
----------------------------------------------------------
Segment 1 [ant];-3.48;%
Segment 2 [ant/sept];-6.58;%
Segment 3 [inf/sept];-0.63;%
Segment 4 [inf];-13.67;%
Segment 5 [inf/lat];-25.25;%
Segment 6 [ant/lat];-12.74;%
----------------------------------------------------------
Segment 7 [ant];-15.71;%
Segment 8 [ant/sept];-7.58;%
Segment 9 [inf/sept];-14.55;%
Segment 10 [inf];-13.50;%
Segment 11 [inf/lat];-12.36;%
Segment 12 [ant/lat];-14.77;%
----------------------------------------------------------
Segment 13 [ant];-23.45;%
Segment 14 [ant/sept];-18.36;%
Segment 15 [inf/sept];-20.01;%
Segment 16 [inf];-21.79;%
Segment 17 [inf/lat];-21.36;%
Segment 18 [ant/lat];-20.73;%
----------------------------------------------------------


Curves
==========================================================
Longitudinal Strain
Unit [%]
Time [ms];0.00;10.15;20.30;30.46;40.61;50.76;60.91;71.07;81.22;91.37;101.52;111.68;121.83;131.98;142.13;152.28;162.44;172.59;182.74;192.89;203.05;213.20;223.35;233.50;243.66;253.81;263.96;274.11;284.26;294.42;304.57;314.72;324.87;335.03;345.18;355.33;365.48;375.64;385.79;395.94;406.09;416.24;426.40;436.55;446.70;456.85;467.01;477.16;487.31;497.46;507.62;517.77;527.92;538.07;548.22;558.38;568.53;578.68;588.83;598.99;609.14;619.29;629.44;639.60;649.75;659.90;670.05;680.20;690.36;700.51;710.66;720.81;730.97;741.12;751.27;761.42;771.58;781.73;791.88;
Total;0.00;0.00;-0.03;-0.13;-0.22;-0.20;-0.21;-0.34;-0.66;-1.29;-2.04;-2.84;-3.59;-4.29;-4.92;-5.55;-6.17;-6.84;-7.51;-8.19;-8.86;-9.52;-10.14;-10.73;-11.27;-11.82;-12.29;-12.68;-12.90;-13.03;-13.00;-12.93;-12.86;-12.87;-12.92;-13.07;-13.18;-13.17;-12.90;-12.33;-11.51;-10.47;-9.33;-8.26;-7.42;-6.84;-6.46;-6.14;-5.81;-5.43;-5.00;-4.55;-4.00;-3.42;-2.85;-2.29;-1.78;-1.31;-0.94;-0.66;-0.45;-0.28;-0.13;0.03;0.15;0.24;0.29;0.31;0.33;0.35;0.39;0.42;0.43;0.42;0.37;0.36;0.37;0.39;0.34;
Segment 1;0.00;0.80;1.67;2.60;3.43;3.89;4.19;4.19;3.90;3.37;2.62;1.85;1.15;0.56;0.06;-0.29;-0.54;-0.70;-0.80;-0.98;-1.23;-1.55;-1.92;-2.33;-2.78;-3.18;-3.43;-3.48;-3.35;-3.08;-2.83;-2.66;-2.58;-2.62;-2.66;-2.75;-2.85;-2.92;-2.96;-2.97;-2.96;-2.91;-2.84;-2.56;-2.25;-1.94;-1.73;-1.89;-2.04;-2.01;-1.69;-1.04;-0.15;0.62;1.07;1.15;0.91;0.63;0.36;0.18;0.10;0.12;0.34;0.65;0.99;1.28;1.50;1.65;1.72;1.73;1.65;1.50;1.32;1.08;0.78;0.48;0.16;-0.06;-0.11;
Segment 2;0.00;0.36;0.89;1.53;2.18;2.43;2.74;2.98;3.41;3.45;3.54;3.39;3.18;2.88;2.50;1.95;1.26;0.58;-0.17;-0.88;-1.41;-1.54;-1.52;-1.45;-1.49;-1.88;-2.40;-2.88;-3.43;-3.95;-4.55;-5.08;-5.67;-6.13;-6.48;-6.56;-6.23;-5.42;-4.09;-2.41;-0.51;1.36;3.20;5.04;6.55;7.97;8.93;9.64;10.04;10.16;10.07;9.86;9.61;9.42;9.28;9.02;8.79;7.94;7.14;6.24;5.47;4.83;4.32;3.88;3.54;3.26;3.05;2.87;2.66;2.49;2.29;2.09;1.86;1.61;1.23;0.83;0.28;0.12;-0.05;
Segment 3;0.00;0.74;2.65;4.93;5.78;5.92;5.59;5.36;5.13;4.90;4.64;4.40;4.14;3.95;3.75;3.54;3.32;3.00;2.87;2.86;2.90;3.12;3.32;3.51;3.63;3.68;3.71;3.70;3.71;3.89;4.04;4.09;3.80;3.27;2.47;1.20;-0.22;-1.47;-2.27;-2.66;-2.71;-2.45;-2.00;-1.73;-1.98;-2.50;-3.13;-3.12;-2.31;-1.17;-0.03;0.47;0.78;0.83;0.66;0.42;0.16;-0.08;-0.23;-0.34;-0.26;-0.11;0.09;0.31;0.52;0.69;0.79;0.81;0.80;0.76;0.69;0.66;0.60;0.65;0.70;0.97;1.28;1.56;1.07;
Segment 4;0.00;-0.25;-1.23;-2.71;-3.99;-4.06;-3.91;-3.73;-3.72;-4.03;-4.57;-5.14;-5.70;-6.25;-6.76;-7.26;-7.95;-8.68;-9.27;-9.62;-9.54;-9.26;-8.97;-8.88;-9.30;-9.90;-10.57;-11.17;-11.53;-11.84;-12.03;-12.24;-12.55;-12.80;-13.06;-13.32;-13.59;-13.91;-14.40;-15.00;-15.71;-16.42;-16.93;-17.21;-17.25;-17.07;-16.76;-16.70;-16.26;-15.46;-14.03;-11.79;-9.57;-7.69;-7.09;-7.74;-8.60;-9.53;-9.39;-8.54;-7.54;-6.30;-5.41;-4.67;-4.06;-3.66;-3.61;-3.74;-3.89;-3.99;-4.01;-4.05;-4.35;-5.16;-6.46;-7.53;-8.02;-6.58;-3.48;
Segment 5;0.00;-2.39;-5.59;-9.09;-11.64;-11.91;-11.12;-9.90;-8.66;-8.19;-8.01;-8.14;-8.35;-9.00;-9.51;-10.26;-10.73;-11.69;-12.54;-13.55;-15.08;-16.85;-19.00;-20.91;-22.53;-23.73;-24.55;-25.20;-25.19;-25.11;-24.35;-23.86;-23.14;-23.41;-23.56;-23.82;-24.01;-24.44;-24.91;-25.13;-25.04;-23.64;-21.92;-19.91;-18.44;-17.29;-16.80;-16.45;-16.15;-15.97;-15.57;-15.19;-14.44;-13.74;-12.78;-11.91;-11.13;-10.56;-10.19;-9.81;-9.50;-8.88;-8.33;-7.81;-7.55;-7.83;-8.28;-8.75;-8.92;-8.71;-8.19;-7.64;-7.25;-7.10;-7.09;-6.82;-6.20;-4.14;-1.88;
Segment 6;0.00;0.73;1.40;2.39;2.68;2.87;2.80;2.59;2.15;1.66;0.90;0.15;-0.53;-0.84;-0.89;-0.91;-1.29;-2.27;-3.17;-4.03;-4.32;-4.73;-4.91;-5.78;-6.35;-7.26;-7.56;-8.13;-8.43;-9.11;-9.62;-10.15;-10.33;-10.51;-10.62;-11.42;-12.45;-13.38;-14.14;-14.41;-13.98;-11.70;-7.53;-3.28;-0.05;1.35;2.12;2.91;4.27;5.71;7.00;7.78;8.26;8.52;8.31;8.03;7.74;7.64;7.64;7.54;7.37;7.04;6.72;6.42;6.19;5.97;5.71;5.42;5.14;4.89;4.63;4.40;4.09;3.83;3.49;3.40;3.23;3.21;2.28;
Segment 7;0.00;-0.42;-0.59;-0.67;-0.79;-0.94;-1.23;-1.57;-1.92;-2.28;-2.69;-3.12;-3.67;-4.30;-4.92;-5.59;-6.17;-6.71;-7.22;-7.64;-8.03;-8.40;-8.82;-9.34;-9.94;-10.61;-11.26;-11.86;-12.45;-12.94;-13.41;-13.90;-14.39;-14.88;-15.24;-15.51;-15.68;-15.76;-15.88;-16.06;-16.31;-16.62;-17.00;-17.56;-18.15;-18.59;-18.72;-18.40;-17.65;-16.57;-15.29;-13.91;-12.20;-10.20;-8.02;-5.74;-3.49;-1.55;0.02;1.21;2.08;2.71;3.06;3.20;3.23;3.26;3.23;3.21;3.16;3.09;3.04;2.98;2.95;2.96;3.03;3.01;2.79;2.12;1.09;
Segment 8;0.00;-0.91;-1.27;-1.46;-1.72;-1.89;-2.14;-2.20;-2.31;-2.11;-2.01;-1.79;-1.84;-2.21;-2.84;-3.52;-4.15;-4.78;-5.33;-5.89;-6.42;-6.62;-6.76;-6.86;-6.90;-7.26;-7.46;-7.58;-7.42;-7.18;-6.74;-6.36;-5.93;-5.94;-5.96;-5.98;-6.02;-5.86;-5.56;-5.02;-4.15;-3.15;-1.95;-0.87;0.28;1.15;1.98;2.59;3.02;3.34;3.49;3.58;3.61;3.69;3.74;3.90;4.00;4.53;4.99;5.57;6.03;6.31;6.51;6.72;6.98;7.27;7.60;7.90;8.11;8.15;8.10;8.05;8.11;8.42;8.78;8.86;8.37;5.88;2.97;
Segment 9;0.00;1.33;1.53;0.65;0.45;0.10;-0.15;-0.64;-1.18;-1.87;-2.78;-3.79;-4.79;-5.63;-6.37;-7.07;-7.81;-8.65;-9.45;-10.10;-10.36;-10.59;-10.86;-11.34;-11.81;-12.26;-12.76;-13.19;-13.47;-13.63;-13.65;-13.68;-13.66;-13.77;-13.90;-14.29;-14.53;-14.45;-13.73;-12.40;-10.66;-8.73;-6.88;-5.19;-3.71;-2.35;-1.25;-0.55;-0.43;-0.45;-0.47;-0.33;-0.17;0.07;0.34;0.65;0.89;1.06;1.17;1.25;1.36;1.48;1.58;1.66;1.71;1.75;1.76;1.76;1.74;1.69;1.62;1.53;1.48;1.43;1.47;1.42;1.48;1.14;0.96;
Segment 10;0.00;0.67;1.40;1.99;2.26;2.14;1.76;1.31;0.83;0.31;-0.18;-0.74;-1.38;-2.08;-2.78;-3.43;-4.09;-4.71;-5.32;-6.00;-6.82;-7.74;-8.63;-9.37;-9.85;-10.20;-10.50;-10.80;-11.06;-11.34;-11.62;-11.98;-12.47;-12.91;-13.29;-13.47;-13.50;-13.49;-13.45;-13.43;-13.46;-13.63;-14.13;-15.17;-16.37;-17.42;-17.97;-17.60;-16.79;-15.61;-14.47;-13.72;-12.77;-11.60;-9.69;-7.06;-4.44;-2.19;-1.48;-1.87;-2.66;-3.53;-3.77;-3.69;-3.47;-3.18;-2.88;-2.59;-2.30;-2.04;-1.79;-1.60;-1.45;-1.35;-1.29;-1.11;-0.89;-0.60;-0.29;
Segment 11;0.00;0.48;0.97;1.53;1.76;1.23;0.42;-0.53;-1.49;-2.78;-4.05;-5.26;-6.29;-6.73;-7.00;-7.06;-7.12;-6.94;-6.83;-6.72;-6.70;-7.27;-7.84;-8.44;-8.86;-9.48;-9.89;-10.31;-10.66;-11.10;-11.50;-11.96;-12.26;-12.35;-12.06;-11.39;-9.94;-7.28;-3.80;-0.04;3.43;4.85;5.46;5.57;5.62;6.08;6.62;7.03;7.15;6.90;6.42;5.96;5.56;5.30;5.15;5.03;4.99;4.98;5.01;5.00;5.04;5.06;5.10;5.13;5.04;4.93;4.70;4.48;4.26;4.03;3.83;3.63;3.44;3.28;3.06;2.77;2.27;1.52;0.63;
Segment 12;0.00;-0.40;0.07;-0.20;0.11;0.04;-0.03;-0.70;-1.47;-2.48;-3.21;-3.90;-4.40;-4.90;-5.35;-5.85;-6.57;-7.32;-8.33;-9.19;-10.50;-11.32;-12.31;-12.48;-12.96;-12.92;-13.25;-13.17;-13.32;-13.20;-13.22;-13.12;-13.15;-13.23;-13.53;-14.07;-14.63;-14.85;-13.95;-12.04;-9.61;-7.49;-6.12;-5.08;-4.39;-3.86;-3.61;-3.48;-3.46;-3.39;-3.28;-3.00;-2.71;-2.44;-2.19;-1.95;-1.73;-1.48;-1.28;-1.03;-0.84;-0.61;-0.45;-0.29;-0.20;-0.11;-0.04;0.05;0.14;0.22;0.33;0.37;0.50;0.45;0.70;0.74;1.42;1.29;1.65;
Segment 13;0.00;-0.14;-0.25;-0.27;-0.19;0.05;0.37;0.65;0.76;0.59;0.26;-0.21;-0.81;-1.52;-2.36;-3.32;-4.26;-5.21;-6.17;-7.10;-8.06;-9.00;-9.90;-10.79;-11.80;-12.81;-13.88;-15.08;-16.47;-17.89;-19.21;-20.28;-21.06;-21.70;-22.28;-22.82;-23.32;-23.70;-23.90;-23.77;-23.41;-22.92;-22.37;-21.93;-21.50;-21.06;-20.57;-19.98;-19.28;-18.44;-17.61;-16.90;-15.93;-14.62;-12.94;-10.98;-8.94;-7.13;-5.59;-4.39;-3.55;-2.96;-2.52;-2.22;-2.01;-1.86;-1.68;-1.50;-1.32;-1.16;-1.01;-0.85;-0.66;-0.39;-0.02;0.33;0.62;0.62;0.35;
Segment 14;0.00;-0.31;-0.77;-1.18;-1.35;-0.58;0.35;1.28;1.40;-0.27;-2.72;-5.16;-7.29;-8.27;-8.94;-9.38;-9.84;-10.51;-11.28;-12.04;-12.91;-14.17;-15.43;-16.56;-17.50;-18.09;-18.35;-18.24;-17.57;-16.45;-14.92;-13.25;-11.64;-10.28;-9.22;-8.67;-8.48;-9.60;-10.78;-11.78;-12.42;-12.04;-11.41;-10.59;-9.78;-9.18;-8.76;-8.58;-8.50;-8.57;-8.59;-8.60;-8.53;-8.38;-8.17;-7.84;-7.57;-7.02;-6.56;-6.03;-5.63;-5.37;-5.23;-5.16;-5.08;-4.89;-4.67;-4.50;-4.36;-4.34;-4.34;-4.37;-4.35;-4.29;-4.13;-4.01;-3.59;-2.44;-1.08;
Segment 15;0.00;0.35;-0.24;-0.90;-1.12;-1.15;-1.11;-1.18;-1.40;-1.89;-2.75;-3.89;-5.03;-6.30;-7.58;-8.68;-9.38;-9.61;-9.91;-10.51;-11.44;-12.72;-14.01;-15.27;-16.43;-17.50;-18.61;-19.44;-19.93;-19.99;-19.67;-19.00;-18.52;-18.08;-17.94;-18.06;-18.48;-18.75;-18.18;-16.63;-14.40;-11.96;-9.58;-7.25;-5.24;-3.78;-2.90;-2.51;-2.27;-2.25;-2.18;-2.15;-2.01;-1.88;-1.78;-1.71;-1.60;-1.40;-1.13;-0.87;-0.65;-0.48;-0.34;-0.24;-0.17;-0.13;-0.10;-0.06;-0.03;0.03;0.12;0.21;0.28;0.30;0.29;0.37;0.51;0.69;0.43;
Segment 16;0.00;0.23;0.30;0.29;0.27;0.26;0.20;-0.05;-0.64;-1.62;-2.78;-3.96;-5.05;-6.02;-6.93;-7.77;-8.67;-9.58;-10.46;-11.34;-12.17;-12.98;-13.80;-14.64;-15.51;-16.36;-17.16;-17.91;-18.62;-19.28;-19.91;-20.46;-20.93;-21.32;-21.63;-21.78;-21.78;-21.70;-21.56;-21.34;-21.08;-20.80;-20.46;-20.17;-19.85;-19.57;-19.35;-19.09;-18.85;-18.44;-17.72;-16.60;-15.06;-13.23;-11.16;-8.96;-6.86;-4.99;-3.79;-3.15;-2.89;-2.91;-2.98;-3.06;-3.12;-3.14;-3.16;-3.14;-3.10;-3.03;-2.90;-2.76;-2.58;-2.39;-2.20;-1.97;-1.61;-1.14;-0.58;
Segment 17;0.00;-0.17;-0.17;-0.14;-0.07;-0.31;-0.62;-1.37;-2.40;-3.93;-5.54;-7.25;-8.41;-9.63;-10.36;-11.24;-12.35;-14.15;-16.20;-18.33;-20.04;-21.02;-21.35;-21.23;-20.82;-20.38;-19.82;-19.00;-18.04;-17.20;-16.32;-15.31;-14.63;-14.10;-13.96;-13.84;-13.80;-13.40;-12.87;-12.00;-10.66;-8.61;-6.25;-4.02;-2.26;-1.50;-1.29;-1.45;-1.70;-1.88;-1.95;-1.95;-1.87;-1.76;-1.54;-1.31;-0.98;-0.61;-0.16;0.21;0.61;0.87;1.11;1.35;1.56;1.95;2.30;2.66;3.00;3.25;3.47;3.67;3.86;4.13;4.31;4.41;4.09;2.87;1.36;
Segment 18;0.00;-0.26;-0.62;-0.59;-0.66;-0.36;-0.60;-1.39;-2.83;-4.35;-5.59;-6.57;-7.54;-8.75;-10.14;-11.50;-12.45;-12.86;-13.22;-13.80;-14.51;-15.51;-16.23;-17.06;-17.58;-18.32;-19.22;-20.17;-20.65;-20.68;-20.11;-19.23;-18.09;-16.90;-15.73;-14.81;-14.00;-13.32;-12.66;-11.93;-10.86;-9.25;-7.23;-5.18;-3.58;-2.46;-1.93;-1.71;-1.98;-2.25;-2.61;-2.77;-2.91;-2.94;-2.86;-2.72;-2.54;-2.29;-2.00;-1.69;-1.44;-1.23;-1.00;-0.73;-0.42;-0.17;0.03;0.15;0.25;0.37;0.48;0.66;0.75;0.92;0.96;1.19;1.21;1.35;0.97;

----------------------------------------------------------


Curves
==========================================================
Longitudinal Strain Rate
Unit [1/s]
Time [ms];0.00;10.15;20.30;30.46;40.61;50.76;60.91;71.07;81.22;91.37;101.52;111.68;121.83;131.98;142.13;152.28;162.44;172.59;182.74;192.89;203.05;213.20;223.35;233.50;243.66;253.81;263.96;274.11;284.26;294.42;304.57;314.72;324.87;335.03;345.18;355.33;365.48;375.64;385.79;395.94;406.09;416.24;426.40;436.55;446.70;456.85;467.01;477.16;487.31;497.46;507.62;517.77;527.92;538.07;548.22;558.38;568.53;578.68;588.83;598.99;609.14;619.29;629.44;639.60;649.75;659.90;670.05;680.20;690.36;700.51;710.66;720.81;730.97;741.12;751.27;761.42;771.58;781.73;791.88;
Segment 1;0.77;0.82;0.90;0.90;0.64;0.36;0.16;-0.15;-0.41;-0.64;-0.77;-0.73;-0.64;-0.54;-0.42;-0.29;-0.20;-0.12;-0.13;-0.21;-0.28;-0.34;-0.39;-0.43;-0.43;-0.33;-0.15;0.04;0.21;0.27;0.21;0.13;0.01;-0.04;-0.07;-0.10;-0.09;-0.05;-0.03;-0.00;0.03;0.05;0.17;0.30;0.31;0.28;0.02;-0.19;-0.07;0.16;0.48;0.79;0.86;0.62;0.26;-0.10;-0.28;-0.28;-0.23;-0.13;-0.03;0.12;0.27;0.33;0.31;0.25;0.18;0.11;0.04;-0.04;-0.12;-0.16;-0.20;-0.27;-0.30;-0.31;-0.28;-0.14;0.04;
Segment 2;0.33;0.43;0.58;0.67;0.44;0.25;0.26;0.35;0.24;0.05;-0.02;-0.19;-0.25;-0.33;-0.45;-0.62;-0.68;-0.71;-0.73;-0.63;-0.33;-0.03;0.06;0.04;-0.21;-0.48;-0.50;-0.51;-0.53;-0.55;-0.56;-0.56;-0.52;-0.40;-0.24;0.11;0.56;1.06;1.50;1.79;1.87;1.82;1.84;1.65;1.45;1.19;0.81;0.55;0.25;0.01;-0.16;-0.24;-0.22;-0.15;-0.20;-0.20;-0.53;-0.86;-0.83;-0.84;-0.69;-0.57;-0.47;-0.38;-0.30;-0.24;-0.19;-0.19;-0.19;-0.18;-0.19;-0.21;-0.24;-0.31;-0.38;-0.50;-0.36;-0.15;-0.07;
Segment 3;0.55;1.27;2.26;1.61;0.41;-0.14;-0.31;-0.22;-0.23;-0.24;-0.24;-0.25;-0.22;-0.19;-0.20;-0.20;-0.28;-0.24;-0.06;0.01;0.13;0.22;0.20;0.15;0.08;0.04;0.01;-0.02;0.10;0.18;0.12;-0.10;-0.41;-0.64;-1.02;-1.37;-1.35;-1.02;-0.58;-0.21;0.11;0.38;0.41;0.02;-0.40;-0.63;-0.37;0.43;1.01;1.19;0.82;0.36;0.19;-0.07;-0.21;-0.25;-0.25;-0.19;-0.14;-0.02;0.12;0.17;0.21;0.22;0.19;0.14;0.06;-0.00;-0.02;-0.06;-0.05;-0.04;-0.00;0.04;0.15;0.30;0.35;-0.06;-0.83;
Segment 4;-0.14;-0.57;-1.27;-1.48;-0.66;0.13;0.18;0.12;-0.14;-0.44;-0.56;-0.56;-0.55;-0.52;-0.48;-0.58;-0.73;-0.66;-0.48;-0.13;0.21;0.30;0.22;-0.17;-0.53;-0.63;-0.65;-0.47;-0.32;-0.24;-0.18;-0.26;-0.28;-0.25;-0.26;-0.26;-0.28;-0.40;-0.54;-0.65;-0.72;-0.62;-0.39;-0.16;0.07;0.28;0.16;0.20;0.60;1.06;1.85;2.27;2.10;1.29;-0.11;-0.81;-0.96;-0.45;0.56;0.94;1.14;1.08;0.78;0.66;0.52;0.22;-0.06;-0.15;-0.13;-0.06;-0.01;-0.13;-0.53;-1.09;-1.23;-0.88;0.38;2.35;3.35;
Segment 5;-2.23;-2.73;-3.42;-3.16;-1.39;0.39;1.04;1.29;0.86;0.29;0.01;-0.15;-0.44;-0.58;-0.63;-0.59;-0.69;-0.92;-0.87;-1.25;-1.63;-1.96;-2.05;-1.74;-1.40;-0.97;-0.75;-0.31;0.04;0.44;0.64;0.65;0.24;-0.28;-0.19;-0.22;-0.30;-0.47;-0.35;-0.15;0.73;1.61;1.88;1.75;1.30;0.80;0.37;0.33;0.22;0.28;0.38;0.56;0.72;0.82;0.93;0.82;0.67;0.44;0.36;0.32;0.46;0.60;0.54;0.42;-0.02;-0.39;-0.48;-0.34;0.02;0.39;0.55;0.48;0.27;0.04;0.11;0.36;1.33;2.26;2.04;
Segment 6;0.74;0.66;0.87;0.66;0.20;0.07;-0.14;-0.33;-0.46;-0.62;-0.77;-0.73;-0.50;-0.15;0.00;-0.15;-0.71;-0.97;-0.90;-0.56;-0.33;-0.25;-0.52;-0.73;-0.75;-0.60;-0.40;-0.42;-0.48;-0.61;-0.52;-0.35;-0.16;-0.10;-0.43;-0.96;-0.98;-0.85;-0.54;-0.02;1.24;3.30;4.34;3.81;2.25;0.94;0.69;1.06;1.43;1.39;1.03;0.60;0.38;0.02;-0.27;-0.30;-0.20;-0.03;-0.04;-0.13;-0.25;-0.33;-0.31;-0.26;-0.22;-0.23;-0.27;-0.29;-0.26;-0.26;-0.23;-0.27;-0.28;-0.31;-0.22;-0.12;-0.04;-0.35;-1.64;
Segment 7;-0.45;-0.30;-0.10;-0.09;-0.13;-0.22;-0.32;-0.34;-0.35;-0.38;-0.41;-0.47;-0.59;-0.62;-0.64;-0.63;-0.54;-0.52;-0.46;-0.39;-0.37;-0.38;-0.46;-0.55;-0.63;-0.66;-0.61;-0.59;-0.53;-0.47;-0.47;-0.48;-0.49;-0.42;-0.31;-0.22;-0.12;-0.08;-0.14;-0.21;-0.28;-0.33;-0.46;-0.58;-0.53;-0.30;0.09;0.53;0.91;1.18;1.30;1.51;1.84;2.07;2.21;2.25;2.08;1.73;1.36;1.01;0.74;0.48;0.23;0.08;0.03;-0.00;-0.03;-0.03;-0.06;-0.06;-0.05;-0.05;-0.01;0.05;0.04;-0.09;-0.42;-0.87;-1.07;
Segment 8;-0.98;-0.64;-0.22;-0.22;-0.21;-0.22;-0.15;-0.10;0.05;0.16;0.16;0.12;-0.21;-0.51;-0.66;-0.64;-0.63;-0.58;-0.54;-0.56;-0.36;-0.15;-0.12;-0.04;-0.20;-0.31;-0.16;0.03;0.20;0.35;0.41;0.42;0.22;-0.05;-0.01;-0.04;0.05;0.22;0.40;0.71;0.92;1.10;1.13;1.11;1.00;0.83;0.72;0.51;0.37;0.23;0.11;0.05;0.05;0.06;0.11;0.11;0.31;0.51;0.51;0.53;0.36;0.22;0.19;0.23;0.27;0.31;0.32;0.26;0.12;-0.02;-0.06;-0.02;0.18;0.37;0.25;-0.07;-1.48;-2.81;-2.91;
Segment 9;1.46;0.84;-0.47;-0.59;-0.22;-0.30;-0.35;-0.52;-0.59;-0.79;-0.96;-1.01;-0.91;-0.77;-0.70;-0.69;-0.78;-0.82;-0.74;-0.44;-0.21;-0.23;-0.37;-0.49;-0.45;-0.47;-0.47;-0.35;-0.21;-0.08;-0.02;0.01;-0.04;-0.11;-0.27;-0.35;-0.11;0.37;1.03;1.54;1.84;1.89;1.75;1.55;1.40;1.23;0.91;0.39;0.01;-0.04;0.06;0.15;0.20;0.25;0.29;0.28;0.20;0.13;0.09;0.09;0.11;0.11;0.09;0.06;0.04;0.02;0.01;-0.01;-0.03;-0.06;-0.09;-0.07;-0.05;0.00;-0.01;0.02;-0.15;-0.22;-0.54;
Segment 10;0.65;0.70;0.67;0.44;0.07;-0.27;-0.42;-0.46;-0.50;-0.50;-0.51;-0.59;-0.67;-0.70;-0.67;-0.64;-0.63;-0.60;-0.62;-0.74;-0.87;-0.90;-0.82;-0.60;-0.39;-0.31;-0.30;-0.27;-0.27;-0.27;-0.30;-0.43;-0.47;-0.41;-0.28;-0.09;-0.00;0.03;0.04;0.00;-0.08;-0.31;-0.76;-1.14;-1.15;-0.85;-0.08;0.62;1.00;1.20;0.91;0.80;1.01;1.48;2.29;2.65;2.50;1.51;0.07;-0.64;-0.88;-0.57;-0.04;0.16;0.26;0.30;0.29;0.29;0.27;0.25;0.22;0.17;0.12;0.06;0.12;0.20;0.25;0.30;0.30;
Segment 11;0.48;0.47;0.53;0.45;-0.15;-0.70;-0.88;-0.92;-1.11;-1.29;-1.22;-1.14;-0.72;-0.32;-0.15;-0.06;0.06;0.16;0.10;0.11;-0.28;-0.60;-0.58;-0.49;-0.51;-0.53;-0.40;-0.37;-0.38;-0.41;-0.43;-0.39;-0.20;0.09;0.45;0.98;2.01;3.09;3.63;3.73;2.44;0.88;0.32;0.01;0.25;0.54;0.49;0.27;-0.07;-0.39;-0.48;-0.43;-0.33;-0.19;-0.13;-0.08;-0.03;0.02;0.01;0.01;0.04;0.03;0.05;-0.03;-0.10;-0.17;-0.23;-0.21;-0.22;-0.21;-0.20;-0.19;-0.17;-0.18;-0.24;-0.38;-0.62;-0.84;-0.76;
Segment 12;-0.54;0.10;0.12;-0.01;0.16;-0.06;-0.35;-0.73;-0.90;-0.87;-0.69;-0.58;-0.48;-0.47;-0.45;-0.61;-0.71;-0.88;-0.90;-1.09;-1.07;-0.92;-0.56;-0.29;-0.22;-0.14;-0.13;-0.02;-0.03;0.06;0.04;0.05;-0.05;-0.17;-0.42;-0.58;-0.46;0.29;1.42;2.22;2.33;1.71;1.16;0.85;0.59;0.38;0.17;0.06;0.04;0.08;0.20;0.29;0.27;0.26;0.24;0.23;0.23;0.22;0.23;0.22;0.21;0.19;0.15;0.12;0.09;0.08;0.08;0.09;0.08;0.10;0.07;0.09;0.03;0.11;0.11;0.40;0.27;0.20;-0.57;
Segment 13;-0.14;-0.13;-0.07;0.02;0.16;0.29;0.31;0.21;-0.03;-0.25;-0.40;-0.53;-0.64;-0.76;-0.90;-0.95;-0.93;-0.94;-0.93;-0.93;-0.94;-0.91;-0.87;-0.94;-1.00;-1.01;-1.11;-1.29;-1.40;-1.36;-1.19;-0.91;-0.69;-0.59;-0.55;-0.52;-0.44;-0.30;-0.03;0.25;0.42;0.53;0.50;0.42;0.42;0.45;0.53;0.63;0.77;0.84;0.74;0.79;1.12;1.48;1.81;2.00;1.92;1.65;1.35;1.00;0.69;0.50;0.36;0.25;0.17;0.16;0.18;0.17;0.16;0.15;0.15;0.17;0.22;0.32;0.36;0.33;0.16;-0.15;-0.32;
Segment 14;-0.28;-0.38;-0.45;-0.35;0.31;0.90;0.96;0.64;-0.76;-2.16;-2.47;-2.33;-1.53;-0.74;-0.53;-0.41;-0.55;-0.73;-0.75;-0.77;-1.06;-1.28;-1.18;-1.04;-0.76;-0.41;-0.09;0.38;0.89;1.32;1.60;1.64;1.48;1.21;0.79;0.42;-0.48;-1.24;-1.09;-0.88;-0.12;0.56;0.72;0.83;0.70;0.51;0.29;0.12;-0.01;-0.05;-0.02;0.02;0.11;0.17;0.28;0.28;0.41;0.51;0.48;0.47;0.32;0.19;0.10;0.06;0.13;0.21;0.19;0.16;0.08;-0.00;-0.02;-0.01;0.03;0.12;0.13;0.21;0.78;1.31;1.21;
Segment 15;0.50;-0.12;-0.73;-0.44;-0.09;0.03;-0.00;-0.14;-0.33;-0.66;-1.01;-1.13;-1.18;-1.27;-1.20;-0.91;-0.43;-0.21;-0.43;-0.75;-1.11;-1.29;-1.26;-1.20;-1.08;-1.09;-0.99;-0.65;-0.27;0.13;0.53;0.59;0.46;0.30;0.01;-0.29;-0.42;0.09;1.06;1.91;2.35;2.38;2.33;2.17;1.72;1.15;0.59;0.29;0.12;0.03;0.05;0.08;0.14;0.12;0.08;0.08;0.15;0.24;0.26;0.24;0.19;0.16;0.12;0.08;0.05;0.03;0.03;0.03;0.04;0.08;0.09;0.08;0.04;-0.00;0.03;0.11;0.19;-0.02;-0.37;
Segment 16;0.25;0.15;0.02;-0.02;-0.01;-0.03;-0.14;-0.39;-0.78;-1.08;-1.17;-1.13;-1.01;-0.93;-0.85;-0.85;-0.90;-0.88;-0.87;-0.84;-0.80;-0.81;-0.81;-0.84;-0.85;-0.82;-0.76;-0.72;-0.68;-0.64;-0.58;-0.50;-0.42;-0.35;-0.23;-0.07;0.05;0.11;0.18;0.24;0.26;0.31;0.31;0.30;0.30;0.24;0.24;0.24;0.29;0.54;0.90;1.32;1.67;1.93;2.13;2.14;1.99;1.54;0.88;0.43;0.10;-0.06;-0.07;-0.08;-0.04;-0.02;-0.00;0.03;0.05;0.10;0.14;0.16;0.19;0.18;0.20;0.29;0.41;0.51;0.57;
Segment 17;-0.20;-0.08;0.02;0.07;-0.08;-0.26;-0.50;-0.87;-1.27;-1.57;-1.68;-1.41;-1.17;-0.96;-0.74;-0.94;-1.43;-1.93;-2.10;-1.95;-1.33;-0.62;-0.09;0.29;0.43;0.48;0.68;0.90;0.89;0.82;0.96;0.85;0.59;0.32;0.11;0.05;0.21;0.47;0.67;1.06;1.68;2.22;2.31;2.03;1.24;0.43;0.00;-0.23;-0.22;-0.12;-0.04;0.04;0.09;0.16;0.22;0.28;0.35;0.41;0.41;0.39;0.33;0.23;0.24;0.21;0.29;0.38;0.35;0.35;0.29;0.23;0.21;0.18;0.23;0.23;0.15;-0.05;-0.76;-1.42;-1.43;
Segment 18;-0.23;-0.34;-0.16;-0.02;0.14;0.10;-0.50;-1.13;-1.52;-1.38;-1.07;-0.93;-1.06;-1.30;-1.40;-1.17;-0.64;-0.33;-0.46;-0.63;-0.87;-0.86;-0.76;-0.65;-0.59;-0.82;-0.95;-0.74;-0.26;0.27;0.73;1.01;1.17;1.18;1.04;0.85;0.72;0.65;0.66;0.85;1.32;1.82;2.06;1.83;1.35;0.80;0.37;-0.04;-0.29;-0.32;-0.26;-0.14;-0.09;0.03;0.11;0.16;0.21;0.27;0.30;0.28;0.22;0.21;0.25;0.29;0.28;0.22;0.16;0.10;0.10;0.11;0.15;0.13;0.14;0.09;0.14;0.13;0.10;-0.06;-0.70;

----------------------------------------------------------


Curves
==========================================================
Global Strain A2C
Unit [%]
Time [ms];0.00;10.15;20.30;30.46;40.61;50.76;60.91;71.07;81.22;91.37;101.52;111.68;121.83;131.98;142.13;152.28;162.44;172.59;182.74;192.89;203.05;213.20;223.35;233.50;243.66;253.81;263.96;274.11;284.26;294.42;304.57;314.72;324.87;335.03;345.18;355.33;365.48;375.64;385.79;395.94;406.09;416.24;426.40;436.55;446.70;456.85;467.01;477.16;487.31;497.46;507.62;517.77;527.92;538.07;548.22;558.38;568.53;578.68;588.83;598.99;609.14;619.29;629.44;639.60;649.75;659.90;670.05;680.20;690.36;700.51;710.66;720.81;730.97;741.12;751.27;761.42;771.58;781.73;791.88;
Total;0.00;0.15;0.22;0.21;0.19;0.25;0.27;0.18;-0.08;-0.55;-1.17;-1.84;-2.52;-3.21;-3.89;-4.55;-5.22;-5.87;-6.47;-7.05;-7.58;-8.09;-8.62;-9.17;-9.82;-10.47;-11.09;-11.68;-12.21;-12.70;-13.14;-13.56;-13.97;-14.34;-14.66;-14.91;-15.10;-15.22;-15.33;-15.40;-15.45;-15.51;-15.56;-15.69;-15.80;-15.84;-15.74;-15.50;-15.04;-14.33;-13.39;-12.26;-10.89;-9.42;-7.94;-6.54;-5.24;-4.14;-3.32;-2.77;-2.40;-2.13;-1.86;-1.61;-1.39;-1.19;-1.07;-0.99;-0.93;-0.87;-0.81;-0.76;-0.76;-0.83;-0.98;-1.07;-1.10;-0.90;-0.48;

----------------------------------------------------------


Curves
==========================================================
Global Strain Rate A2C
Unit [1/s]
Time [ms];0.00;10.15;20.30;30.46;40.61;50.76;60.91;71.07;81.22;91.37;101.52;111.68;121.83;131.98;142.13;152.28;162.44;172.59;182.74;192.89;203.05;213.20;223.35;233.50;243.66;253.81;263.96;274.11;284.26;294.42;304.57;314.72;324.87;335.03;345.18;355.33;365.48;375.64;385.79;395.94;406.09;416.24;426.40;436.55;446.70;456.85;467.01;477.16;487.31;497.46;507.62;517.77;527.92;538.07;548.22;558.38;568.53;578.68;588.83;598.99;609.14;619.29;629.44;639.60;649.75;659.90;670.05;680.20;690.36;700.51;710.66;720.81;730.97;741.12;751.27;761.42;771.58;781.73;791.88;
Total;0.15;0.11;0.03;-0.03;0.02;0.05;-0.03;-0.16;-0.37;-0.55;-0.64;-0.67;-0.68;-0.68;-0.66;-0.66;-0.65;-0.62;-0.58;-0.54;-0.51;-0.51;-0.52;-0.59;-0.65;-0.63;-0.60;-0.55;-0.50;-0.46;-0.42;-0.41;-0.39;-0.34;-0.28;-0.21;-0.15;-0.12;-0.09;-0.06;-0.05;-0.05;-0.09;-0.13;-0.08;0.03;0.16;0.34;0.58;0.82;1.02;1.23;1.42;1.46;1.42;1.34;1.19;0.95;0.67;0.44;0.30;0.26;0.26;0.23;0.21;0.15;0.10;0.07;0.06;0.06;0.06;0.03;-0.03;-0.12;-0.13;-0.07;0.08;0.31;0.46;

----------------------------------------------------------


Curves
==========================================================
Global Strain A3C
Unit [%]
Time [ms];0.00;10.15;20.30;30.46;40.61;50.76;60.91;71.07;81.22;91.37;101.52;111.68;121.83;131.98;142.13;152.28;162.44;172.59;182.74;192.89;203.05;213.20;223.35;233.50;243.66;253.81;263.96;274.11;284.26;294.42;304.57;314.72;324.87;335.03;345.18;355.33;365.48;375.64;385.79;395.94;406.09;416.24;426.40;436.55;446.70;456.85;467.01;477.16;487.31;497.46;507.62;517.77;527.92;538.07;548.22;558.38;568.53;578.68;588.83;598.99;609.14;619.29;629.44;639.60;649.75;659.90;670.05;680.20;690.36;700.51;710.66;720.81;730.97;741.12;751.27;761.42;771.58;781.73;791.88;
Total;0.00;-0.52;-1.08;-1.62;-2.02;-2.07;-1.96;-1.87;-1.93;-2.58;-3.43;-4.36;-5.18;-5.85;-6.39;-6.95;-7.52;-8.29;-9.11;-9.98;-10.86;-11.73;-12.51;-13.14;-13.60;-14.06;-14.34;-14.46;-14.30;-14.08;-13.63;-13.20;-12.77;-12.60;-12.44;-12.28;-11.97;-11.52;-10.81;-9.82;-8.61;-7.23;-5.82;-4.45;-3.33;-2.46;-1.91;-1.58;-1.42;-1.41;-1.43;-1.46;-1.40;-1.29;-1.08;-0.86;-0.63;-0.43;-0.26;-0.09;0.05;0.21;0.33;0.45;0.52;0.55;0.53;0.52;0.53;0.56;0.62;0.68;0.73;0.79;0.80;0.79;0.66;0.50;0.26;

----------------------------------------------------------


Curves
==========================================================
Global Strain Rate A3C
Unit [1/s]
Time [ms];0.00;10.15;20.30;30.46;40.61;50.76;60.91;71.07;81.22;91.37;101.52;111.68;121.83;131.98;142.13;152.28;162.44;172.59;182.74;192.89;203.05;213.20;223.35;233.50;243.66;253.81;263.96;274.11;284.26;294.42;304.57;314.72;324.87;335.03;345.18;355.33;365.48;375.64;385.79;395.94;406.09;416.24;426.40;436.55;446.70;456.85;467.01;477.16;487.31;497.46;507.62;517.77;527.92;538.07;548.22;558.38;568.53;578.68;588.83;598.99;609.14;619.29;629.44;639.60;649.75;659.90;670.05;680.20;690.36;700.51;710.66;720.81;730.97;741.12;751.27;761.42;771.58;781.73;791.88;
Total;-0.51;-0.53;-0.55;-0.49;-0.22;0.05;0.11;0.06;-0.35;-0.78;-0.90;-0.87;-0.74;-0.58;-0.53;-0.55;-0.66;-0.80;-0.83;-0.86;-0.87;-0.82;-0.70;-0.53;-0.46;-0.37;-0.20;0.03;0.19;0.33;0.45;0.44;0.30;0.14;0.15;0.22;0.37;0.57;0.84;1.09;1.29;1.39;1.38;1.24;0.98;0.70;0.43;0.24;0.07;-0.01;-0.03;0.01;0.08;0.16;0.22;0.22;0.21;0.18;0.17;0.15;0.15;0.14;0.12;0.09;0.05;0.01;-0.02;-0.00;0.02;0.05;0.07;0.05;0.06;0.04;0.01;-0.07;-0.15;-0.20;-0.25;

----------------------------------------------------------


Curves
==========================================================
Global Strain A4C
Unit [%]
Time [ms];0.00;10.15;20.30;30.46;40.61;50.76;60.91;71.07;81.22;91.37;101.52;111.68;121.83;131.98;142.13;152.28;162.44;172.59;182.74;192.89;203.05;213.20;223.35;233.50;243.66;253.81;263.96;274.11;284.26;294.42;304.57;314.72;324.87;335.03;345.18;355.33;365.48;375.64;385.79;395.94;406.09;416.24;426.40;436.55;446.70;456.85;467.01;477.16;487.31;497.46;507.62;517.77;527.92;538.07;548.22;558.38;568.53;578.68;588.83;598.99;609.14;619.29;629.44;639.60;649.75;659.90;670.05;680.20;690.36;700.51;710.66;720.81;730.97;741.12;751.27;761.42;771.58;781.73;791.88;
Total;0.00;0.39;0.76;1.01;1.18;1.22;1.07;0.66;0.04;-0.72;-1.52;-2.32;-3.08;-3.80;-4.50;-5.15;-5.77;-6.37;-6.96;-7.56;-8.14;-8.74;-9.29;-9.87;-10.39;-10.92;-11.44;-11.90;-12.19;-12.30;-12.22;-12.03;-11.82;-11.68;-11.66;-12.01;-12.46;-12.76;-12.55;-11.76;-10.47;-8.69;-6.61;-4.63;-3.13;-2.22;-1.73;-1.35;-0.97;-0.56;-0.19;0.08;0.28;0.44;0.48;0.52;0.55;0.64;0.76;0.88;0.98;1.07;1.15;1.24;1.32;1.38;1.40;1.40;1.38;1.36;1.35;1.34;1.32;1.30;1.29;1.37;1.54;1.56;1.25;

----------------------------------------------------------


Curves
==========================================================
Global Strain Rate A4C
Unit [1/s]
Time [ms];0.00;10.15;20.30;30.46;40.61;50.76;60.91;71.07;81.22;91.37;101.52;111.68;121.83;131.98;142.13;152.28;162.44;172.59;182.74;192.89;203.05;213.20;223.35;233.50;243.66;253.81;263.96;274.11;284.26;294.42;304.57;314.72;324.87;335.03;345.18;355.33;365.48;375.64;385.79;395.94;406.09;416.24;426.40;436.55;446.70;456.85;467.01;477.16;487.31;497.46;507.62;517.77;527.92;538.07;548.22;558.38;568.53;578.68;588.83;598.99;609.14;619.29;629.44;639.60;649.75;659.90;670.05;680.20;690.36;700.51;710.66;720.81;730.97;741.12;751.27;761.42;771.58;781.73;791.88;
Total;0.38;0.39;0.31;0.20;0.11;-0.04;-0.27;-0.52;-0.69;-0.77;-0.79;-0.77;-0.73;-0.70;-0.66;-0.63;-0.60;-0.58;-0.59;-0.58;-0.59;-0.56;-0.56;-0.54;-0.51;-0.52;-0.50;-0.38;-0.20;-0.01;0.15;0.21;0.18;0.10;-0.16;-0.43;-0.41;-0.07;0.50;1.03;1.52;1.94;2.05;1.75;1.18;0.66;0.41;0.37;0.39;0.39;0.32;0.23;0.18;0.10;0.03;0.03;0.06;0.11;0.12;0.11;0.10;0.08;0.08;0.08;0.07;0.04;0.01;-0.01;-0.02;-0.02;-0.01;-0.01;-0.02;-0.02;0.03;0.14;0.11;-0.08;-0.78;

----------------------------------------------------------


