PatientInformation
==========================================================
PatientID;No patientID
Name;,,
Date of Birth;
Sex;
Version;AutoStrainCap2 2.1.0.491925

Results
==========================================================
Global
----------------------------------------------------------
RVFWSL;-19.51;%
RV4CSL;-17.19;%
ED;0.00;ms
ES;360.05;ms

Curves
==========================================================
Longitudinal Strain
Unit [%]
Time [ms];0.00;14.34;28.69;43.03;57.38;71.72;86.07;100.41;114.76;129.10;143.45;157.79;172.14;186.48;200.83;215.17;229.52;243.86;258.21;272.55;286.90;301.24;315.59;329.93;344.28;358.62;372.96;387.31;401.65;416.00;430.34;444.69;459.03;473.38;487.72;502.07;516.41;530.76;545.10;559.45;573.79;588.14;602.48;616.83;631.17;645.52;
Basal;0.00;0.89;1.16;0.80;-0.82;-4.28;-8.19;-10.97;-12.94;-14.22;-15.02;-15.87;-16.41;-16.63;-16.74;-17.04;-17.72;-18.82;-20.25;-21.77;-23.19;-24.48;-25.70;-26.77;-27.67;-28.05;-28.07;-27.88;-25.66;-22.91;-19.62;-15.84;-12.07;-8.75;-6.76;-6.90;-7.81;-8.30;-7.96;-6.72;-5.07;-3.52;-2.51;-2.37;-2.32;-1.49;
Mid;0.00;1.30;1.79;1.55;-0.01;-3.45;-7.29;-9.87;-11.58;-12.64;-13.18;-13.65;-13.81;-13.73;-13.61;-13.72;-14.16;-14.87;-15.83;-16.84;-17.80;-18.72;-19.62;-20.35;-20.98;-21.37;-21.45;-21.15;-19.32;-16.90;-13.93;-10.42;-6.93;-3.94;-2.35;-3.03;-4.52;-5.49;-5.59;-4.66;-3.28;-1.99;-1.25;-1.44;-1.73;-1.23;
Apical;0.00;1.47;1.85;2.06;1.17;-1.50;-4.68;-6.76;-8.06;-8.70;-8.76;-8.94;-8.82;-8.63;-8.37;-8.19;-8.23;-8.35;-8.68;-9.06;-9.41;-9.78;-10.20;-10.35;-10.44;-10.07;-9.54;-9.23;-8.36;-6.80;-4.71;-2.34;0.02;2.15;3.16;2.28;0.79;-0.39;-0.76;-0.27;0.54;1.11;1.13;0.46;-0.33;-0.49;

----------------------------------------------------------


