PatientInformation
==========================================================
PatientID;No patientID
Name;,,
Date of Birth;
Sex;
Version;AutoStrainCap2 2.1.0.491925

Results
==========================================================
Global
----------------------------------------------------------
LaSr_ED;24.26;%
LaScd_ED;-16.07;%
LaSct_ED;-8.19;%
LaSr_AC;22.45;%
LaScd_AC;-14.87;%
LaSct_AC;-7.58;%
ED;0.00;ms
ES;321.36;ms
PreA;622.45;ms

Curves
==========================================================
Longitudinal Strain
Unit [%]
Time [ms];0.00;10.14;20.28;30.41;40.55;50.69;60.83;70.96;81.10;91.24;101.38;111.51;121.65;131.79;141.93;152.06;162.20;172.34;182.48;192.61;202.75;212.89;223.03;233.16;243.30;253.44;263.58;273.72;283.85;293.99;304.13;314.27;324.40;334.54;344.68;354.82;364.95;375.09;385.23;395.37;405.50;415.64;425.78;435.92;446.05;456.19;466.33;476.47;486.61;496.74;506.88;517.02;527.16;537.29;547.43;557.57;567.71;577.84;587.98;598.12;608.26;618.39;628.53;638.67;648.81;658.94;669.08;679.22;689.36;699.49;709.63;719.77;729.91;740.05;750.18;760.32;770.46;780.60;790.73;800.87;811.01;821.15;831.28;841.42;851.56;861.70;871.83;881.97;892.11;902.25;912.38;
LAS_ED;0.00;-0.29;-0.51;-0.63;-0.52;-0.01;0.76;1.61;2.72;3.53;4.60;5.60;6.93;8.04;9.36;10.67;11.91;12.89;13.76;14.67;15.60;16.83;18.10;19.29;20.51;21.06;21.64;22.10;22.57;23.22;23.77;24.17;24.24;23.85;23.22;22.59;22.08;22.00;22.14;22.47;22.92;23.47;23.88;23.88;23.32;21.82;19.84;17.56;15.31;13.42;11.88;10.48;9.54;8.51;7.95;7.54;7.47;7.34;7.39;7.58;7.77;8.09;8.32;8.50;8.52;8.41;8.17;7.86;7.61;7.25;7.04;6.88;6.86;6.96;7.17;7.38;7.58;7.74;7.81;7.70;7.53;6.62;5.69;4.59;3.48;2.36;1.37;0.56;0.05;-0.18;-0.20;
LAS_AC;-7.49;-7.75;-7.96;-8.07;-7.97;-7.50;-6.79;-6.00;-4.98;-4.22;-3.24;-2.30;-1.08;-0.05;1.17;2.38;3.53;4.43;5.24;6.08;6.95;8.08;9.26;10.36;11.48;12.00;12.53;12.96;13.39;13.99;14.50;14.87;14.93;14.57;13.99;13.41;12.94;12.87;12.99;13.30;13.72;14.23;14.60;14.60;14.09;12.70;10.86;8.76;6.68;4.93;3.50;2.21;1.34;0.38;-0.13;-0.51;-0.57;-0.70;-0.65;-0.47;-0.30;0.00;0.20;0.37;0.39;0.29;0.07;-0.22;-0.45;-0.78;-0.98;-1.13;-1.14;-1.05;-0.86;-0.66;-0.48;-0.33;-0.26;-0.36;-0.52;-1.36;-2.23;-3.24;-4.27;-5.30;-6.22;-6.97;-7.44;-7.66;-7.67;

----------------------------------------------------------


