PatientInformation
==========================================================
PatientID;No patientID
Name;,,
Date of Birth;
Sex;
Version;AutoStrainCap2 2.1.0.491925

Results
==========================================================
Global
----------------------------------------------------------
RVFWSL;-27.18;%
RV4CSL;-20.81;%
ED;0.00;ms
ES;382.28;ms

Curves
==========================================================
Longitudinal Strain
Unit [%]
Time [ms];0.00;9.32;18.65;27.97;37.30;46.62;55.94;65.27;74.59;83.92;93.24;102.56;111.89;121.21;130.54;139.86;149.18;158.51;167.83;177.16;186.48;195.80;205.13;214.45;223.78;233.10;242.42;251.75;261.07;270.40;279.72;289.04;298.37;307.69;317.02;326.34;335.66;344.99;354.31;363.64;372.96;382.28;391.61;400.93;410.26;419.58;428.90;438.23;447.55;456.88;466.20;475.52;484.85;494.17;503.50;512.82;522.14;531.47;540.79;550.12;559.44;568.76;578.09;587.41;596.74;606.06;615.38;624.71;634.03;643.36;652.68;662.00;671.33;680.65;689.98;699.30;708.62;717.95;727.27;736.60;745.92;755.24;764.57;773.89;783.22;792.54;801.86;811.19;820.51;829.84;839.16;848.48;857.81;867.13;876.46;885.78;895.10;904.43;913.75;923.08;932.40;941.72;
Basal;0.00;-0.74;-1.95;-2.81;-3.41;-3.66;-4.31;-4.83;-5.68;-6.49;-7.72;-8.78;-10.15;-11.45;-12.76;-13.95;-14.97;-15.88;-16.70;-17.47;-18.25;-19.13;-20.01;-20.84;-21.58;-22.21;-22.73;-23.21;-23.74;-24.47;-25.48;-26.96;-28.71;-30.62;-32.45;-34.15;-35.66;-36.95;-38.06;-39.07;-39.70;-39.87;-39.57;-38.95;-38.11;-37.15;-36.34;-35.39;-34.24;-32.80;-31.01;-28.60;-26.01;-23.45;-21.15;-19.35;-18.43;-18.08;-18.13;-18.39;-18.73;-18.82;-18.81;-18.68;-18.48;-18.22;-18.11;-17.96;-17.78;-17.54;-17.29;-16.97;-16.68;-16.38;-16.11;-15.83;-15.58;-15.33;-15.11;-14.87;-14.59;-14.24;-13.88;-13.61;-13.50;-13.66;-14.25;-15.00;-15.79;-16.38;-16.69;-16.42;-15.81;-14.81;-13.63;-12.18;-10.71;-9.05;-7.39;-5.55;-3.79;-1.61;
Mid;0.00;-1.20;-2.66;-3.47;-3.68;-3.65;-3.60;-3.63;-3.78;-4.11;-4.63;-5.63;-6.75;-7.94;-9.08;-10.04;-10.82;-11.41;-11.96;-12.51;-13.16;-13.86;-14.66;-15.48;-16.25;-16.93;-17.49;-17.97;-18.43;-18.96;-19.62;-20.45;-21.38;-22.31;-23.13;-23.71;-24.02;-24.00;-23.78;-23.40;-23.07;-23.02;-22.99;-22.78;-22.30;-21.50;-20.23;-18.67;-16.86;-14.85;-12.72;-10.53;-8.34;-6.28;-4.58;-3.53;-3.52;-4.20;-5.30;-6.56;-7.74;-8.52;-9.02;-9.24;-9.21;-8.93;-8.33;-7.53;-6.62;-5.66;-4.70;-3.85;-3.09;-2.42;-1.88;-1.52;-1.49;-1.64;-1.89;-2.19;-2.48;-2.79;-3.11;-3.49;-4.00;-4.67;-5.62;-6.67;-7.66;-8.50;-8.99;-8.99;-8.61;-7.99;-7.19;-6.38;-5.71;-5.08;-4.39;-3.57;-2.62;-1.12;
Apical;0.00;-0.81;-1.70;-2.20;-2.18;-1.93;-1.85;-1.86;-2.05;-2.35;-2.82;-3.36;-3.99;-4.62;-5.20;-5.62;-5.94;-6.11;-6.24;-6.42;-6.74;-7.34;-8.08;-8.87;-9.62;-10.22;-10.77;-11.19;-11.56;-11.98;-12.57;-13.29;-14.16;-15.04;-15.83;-16.43;-16.95;-17.20;-17.29;-17.25;-17.23;-17.29;-17.34;-17.20;-16.82;-16.16;-15.24;-14.08;-12.73;-11.24;-9.67;-7.91;-6.18;-4.61;-3.40;-2.78;-3.25;-4.30;-5.68;-7.13;-8.45;-9.11;-9.46;-9.55;-9.43;-9.14;-8.97;-8.71;-8.37;-7.98;-7.59;-7.22;-6.91;-6.67;-6.52;-6.43;-6.37;-6.36;-6.39;-6.44;-6.45;-6.42;-6.36;-6.32;-6.35;-6.49;-6.82;-7.22;-7.62;-7.92;-8.06;-7.93;-7.62;-7.12;-6.51;-5.76;-5.07;-4.30;-3.52;-2.66;-1.85;-0.72;

----------------------------------------------------------


