PatientInformation
==========================================================
PatientID;No patientID
Name;,,
Date of Birth;
Sex;
Version;AutoStrainCap2 2.1.0.491925

Results
==========================================================
Global
----------------------------------------------------------
RVFWSL;-17.86;%
RV4CSL;-13.01;%
ED;0.00;ms
ES;297.22;ms

Curves
==========================================================
Longitudinal Strain
Unit [%]
Time [ms];0.00;13.82;27.65;41.47;55.30;69.12;82.94;96.77;110.59;124.42;138.24;152.06;165.89;179.71;193.54;207.36;221.18;235.01;248.83;262.66;276.48;290.30;304.13;317.95;331.78;345.60;359.42;373.25;387.07;400.90;414.72;428.54;442.37;456.19;470.02;483.84;497.66;511.49;525.31;539.14;552.96;566.78;580.61;
Basal;0.00;-3.76;-7.97;-12.09;-15.20;-17.51;-18.88;-18.94;-18.27;-17.44;-16.54;-15.27;-14.23;-13.81;-14.09;-15.28;-17.13;-19.90;-22.70;-24.90;-26.44;-27.34;-28.05;-25.98;-24.86;-25.26;-26.33;-27.13;-27.40;-26.88;-25.76;-24.67;-23.14;-20.99;-18.52;-16.03;-13.78;-11.89;-10.23;-8.49;-6.63;-4.88;-2.87;
Mid;0.00;-3.57;-7.46;-11.05;-13.56;-15.27;-16.23;-16.25;-15.54;-14.51;-13.35;-11.90;-10.75;-10.27;-10.41;-11.14;-12.47;-14.79;-17.13;-18.82;-19.87;-20.44;-20.84;-19.39;-18.75;-19.25;-20.30;-21.17;-21.43;-20.87;-19.74;-18.75;-17.55;-16.17;-14.52;-12.59;-10.63;-8.87;-7.36;-5.97;-4.59;-3.44;-2.11;
Apical;0.00;-2.57;-5.29;-8.38;-10.26;-10.89;-10.25;-8.15;-5.56;-3.56;-2.12;-0.50;0.78;1.55;1.95;1.88;1.42;0.06;-1.27;-2.03;-1.98;-1.11;-0.16;0.32;0.15;-0.49;-1.75;-3.62;-5.30;-5.87;-5.87;-6.18;-6.06;-5.48;-4.43;-2.92;-1.77;-1.29;-1.32;-1.37;-1.18;-1.08;-0.88;

----------------------------------------------------------


