PatientInformation
==========================================================
PatientID;No patientID
Name;,,
Date of Birth;
Sex;
Version;AutoStrainCap2 2.1.0.491925

Results
==========================================================
Global
----------------------------------------------------------
LaSr_ED;9.78;%
LaScd_ED;-8.83;%
LaSct_ED;-0.96;%
LaSr_AC;9.70;%
LaScd_AC;-8.75;%
LaSct_AC;-0.95;%
ED;0.00;ms
ES;347.91;ms
PreA;589.18;ms

Curves
==========================================================
Longitudinal Strain
Unit [%]
Time [ms];0.00;10.77;21.54;32.31;43.08;53.86;64.63;75.40;86.17;96.94;107.71;118.48;129.25;140.03;150.80;161.57;172.34;183.11;193.88;204.65;215.42;226.20;236.97;247.74;258.51;269.28;280.05;290.82;301.59;312.36;323.14;333.91;344.68;355.45;366.22;376.99;387.76;398.53;409.31;420.08;430.85;441.62;452.39;463.16;473.93;484.70;495.47;506.25;517.02;527.79;538.56;549.33;560.10;570.87;581.64;592.42;603.19;613.96;624.73;635.50;646.27;657.04;667.81;678.59;689.36;700.13;710.90;721.67;732.44;743.21;753.98;764.75;775.53;786.30;797.07;807.84;818.61;
LAS_ED;0.00;0.50;0.38;-0.33;-1.55;-2.97;-4.03;-4.51;-4.35;-3.67;-2.75;-1.59;-0.42;0.69;1.69;2.63;3.47;4.26;5.00;5.61;6.22;6.85;7.67;8.45;9.11;9.44;9.60;9.63;9.65;9.67;9.75;9.75;9.78;9.77;9.72;9.63;9.59;9.46;9.41;9.31;9.21;8.95;8.61;7.93;7.06;5.87;4.31;2.72;1.57;1.14;1.19;1.38;1.39;1.33;1.14;0.87;0.51;0.21;-0.09;-0.41;-0.93;-1.79;-2.73;-3.51;-3.95;-4.12;-4.17;-4.16;-4.15;-4.05;-4.01;-3.91;-3.76;-3.76;-3.52;-2.81;-1.54;
LAS_AC;-0.86;-0.37;-0.48;-1.19;-2.40;-3.80;-4.86;-5.33;-5.17;-4.50;-3.59;-2.44;-1.28;-0.18;0.82;1.74;2.58;3.36;4.10;4.70;5.30;5.93;6.74;7.51;8.17;8.50;8.66;8.69;8.71;8.73;8.80;8.81;8.84;8.83;8.78;8.69;8.65;8.52;8.47;8.37;8.27;8.02;7.67;7.00;6.14;4.96;3.41;1.84;0.70;0.27;0.32;0.51;0.52;0.46;0.27;0.00;-0.36;-0.65;-0.95;-1.27;-1.78;-2.64;-3.57;-4.34;-4.78;-4.95;-5.00;-4.98;-4.97;-4.87;-4.84;-4.73;-4.59;-4.59;-4.35;-3.64;-2.38;

----------------------------------------------------------


