PatientInformation
==========================================================
PatientID;No patientID
Name;,,
Date of Birth;
Sex;
Version;AutoStrainCap2 2.1.0.491925

Results
==========================================================
Global
----------------------------------------------------------
RVFWSL;-26.11;%
RV4CSL;-18.33;%
ED;0.00;ms
ES;308.03;ms

Curves
==========================================================
Longitudinal Strain
Unit [%]
Time [ms];0.00;15.96;31.92;47.88;63.84;79.80;95.76;111.72;127.68;143.64;159.60;175.56;191.52;207.48;223.44;239.40;255.36;271.32;287.28;303.24;319.20;335.16;351.12;367.08;383.04;399.00;414.96;430.92;446.88;462.84;478.80;494.76;510.72;526.68;542.64;558.60;574.56;590.52;606.48;622.44;638.40;654.36;670.32;686.28;702.24;718.20;734.16;750.12;766.08;782.04;798.00;
Basal;0.00;-2.16;-4.27;-6.42;-8.63;-10.81;-13.08;-15.39;-17.51;-19.26;-20.81;-22.34;-23.77;-25.12;-26.58;-28.30;-29.90;-31.04;-31.71;-31.99;-31.83;-31.17;-30.08;-28.58;-27.50;-27.42;-27.83;-28.14;-27.66;-25.81;-23.24;-20.69;-18.18;-15.69;-13.35;-11.23;-9.01;-6.50;-3.78;-1.06;1.07;2.00;2.56;3.65;4.55;4.74;4.54;4.09;3.48;2.68;1.50;
Mid;0.00;-1.78;-3.43;-5.11;-6.86;-8.63;-10.52;-12.46;-14.31;-15.90;-17.31;-18.58;-19.71;-20.77;-21.92;-23.23;-24.35;-25.01;-25.33;-25.56;-25.50;-25.00;-24.11;-22.85;-21.96;-21.90;-22.21;-22.34;-21.80;-20.22;-18.11;-16.08;-14.12;-12.20;-10.44;-8.88;-7.22;-5.26;-3.06;-0.80;0.97;1.67;2.07;3.03;3.84;4.00;3.81;3.43;2.94;2.30;1.31;
Apical;0.00;-1.55;-2.67;-3.80;-5.02;-6.28;-7.70;-9.09;-10.44;-11.72;-12.88;-13.86;-14.65;-15.42;-16.33;-17.36;-18.22;-18.71;-18.92;-19.06;-19.02;-18.65;-17.97;-17.02;-16.44;-16.49;-16.87;-17.10;-16.72;-15.43;-13.73;-12.09;-10.55;-9.11;-7.82;-6.70;-5.45;-4.00;-2.30;-0.52;0.90;1.47;1.75;2.58;3.26;3.38;3.27;2.96;2.62;2.21;1.31;

----------------------------------------------------------


