PatientInformation
==========================================================
PatientID;No patientID
Name;,,
Date of Birth;
Sex;
Version;AutoStrainCap2 2.1.0.491925

Results
==========================================================
Global
----------------------------------------------------------
LaSr_ED;8.33;%
LaScd_ED;-11.00;%
LaSct_ED;2.67;%
LaSr_AC;8.56;%
LaScd_AC;-11.30;%
LaSct_AC;2.74;%
ED;0.00;ms
ES;315.99;ms
PreA;702.43;ms

Curves
==========================================================
Longitudinal Strain
Unit [%]
Time [ms];0.00;21.35;42.70;64.05;85.40;106.75;128.10;149.45;170.80;192.15;213.50;234.85;256.20;277.56;298.91;320.26;341.61;362.96;384.31;405.66;427.01;448.36;469.71;491.06;512.41;533.76;555.11;576.46;597.81;619.16;640.51;661.86;683.21;704.56;725.91;747.26;768.61;789.96;811.31;832.67;854.02;875.37;896.72;918.07;939.42;960.77;982.12;1003.47;1024.82;1046.17;1067.52;
LAS_ED;0.00;0.77;1.26;1.63;1.98;2.63;3.59;4.69;5.73;6.20;6.65;7.32;7.97;8.26;8.32;8.33;8.25;8.03;6.92;4.21;1.22;-1.16;-2.61;-3.22;-3.22;-2.62;-1.92;-1.30;-1.08;-1.61;-2.31;-2.54;-2.63;-2.67;-2.64;-2.45;-2.29;-2.15;-2.06;-2.00;-1.90;-1.79;-1.66;-1.66;-1.59;-1.38;-1.08;-0.79;-0.49;-0.21;-0.03;
LAS_AC;2.74;3.53;4.04;4.42;4.78;5.45;6.43;7.56;8.62;9.11;9.57;10.26;10.93;11.23;11.29;11.30;11.22;10.99;9.85;7.06;4.00;1.54;0.06;-0.57;-0.56;0.05;0.76;1.40;1.63;1.09;0.37;0.13;0.04;0.00;0.03;0.22;0.39;0.53;0.63;0.69;0.79;0.90;1.04;1.04;1.10;1.33;1.63;1.93;2.24;2.53;2.71;

----------------------------------------------------------


