PatientInformation
==========================================================
PatientID;No patientID
Name;,,
Date of Birth;
Sex;
Version;AutoStrainCap2 2.1.0.491925

Results
==========================================================
Global
----------------------------------------------------------
RVFWSL;-16.30;%
RV4CSL;-17.08;%
ED;0.00;ms
ES;246.24;ms

Curves
==========================================================
Longitudinal Strain
Unit [%]
Time [ms];0.00;8.64;17.28;25.92;34.56;43.20;51.84;60.48;69.12;77.76;86.40;95.04;103.68;112.32;120.96;129.60;138.24;146.88;155.52;164.16;172.80;181.44;190.08;198.72;207.36;216.00;224.64;233.28;241.92;250.56;259.20;267.84;276.48;285.12;293.76;302.40;311.04;319.68;328.32;336.96;345.60;354.24;362.88;371.52;380.16;388.80;397.44;406.08;414.72;423.36;432.00;440.64;449.28;457.92;466.56;475.20;483.84;492.48;501.12;509.76;518.40;527.04;535.68;544.32;552.96;561.60;570.24;578.88;587.52;596.16;604.80;613.44;622.08;630.72;639.36;648.00;656.64;665.28;673.92;682.56;691.20;699.84;708.48;717.12;725.76;734.40;743.04;751.68;760.32;768.96;777.60;786.24;794.88;803.52;812.16;820.80;829.44;838.08;846.72;855.36;864.00;872.64;881.28;889.92;898.56;907.20;915.84;924.48;933.12;941.76;950.40;959.04;967.68;976.32;984.96;993.60;1002.24;1010.88;1019.52;1028.16;1036.80;1045.44;1054.08;1062.72;1071.36;1080.00;1088.64;1097.28;1105.92;1114.56;1123.20;1131.84;1140.48;1149.12;
Basal;0.00;-2.36;-4.25;-5.18;-5.39;-4.67;-3.43;-2.98;-2.86;-3.17;-3.69;-4.38;-5.00;-5.80;-6.47;-7.09;-7.64;-8.13;-8.61;-9.10;-9.64;-10.12;-10.56;-10.89;-11.11;-11.26;-11.28;-11.17;-10.99;-10.74;-10.43;-10.11;-9.69;-9.12;-8.88;-8.38;-7.41;-5.92;-4.06;-2.13;-0.21;1.42;2.88;3.19;3.48;3.76;4.28;5.19;6.60;8.36;10.48;12.77;14.99;16.91;18.27;18.89;18.85;18.33;17.44;16.36;15.25;14.32;13.51;12.76;12.10;11.50;10.99;10.38;9.84;9.35;8.91;8.52;8.16;7.93;7.75;7.67;7.70;7.88;8.25;8.74;9.37;10.05;10.71;11.23;11.55;11.53;11.28;10.84;10.30;9.71;9.14;8.71;8.37;8.09;7.88;7.74;7.66;7.56;7.50;7.47;7.46;7.45;7.43;7.36;7.27;7.17;7.07;6.98;6.93;6.93;6.96;7.02;7.09;7.16;7.22;7.24;7.24;7.20;7.12;6.99;6.80;6.54;6.27;6.00;5.80;5.71;5.80;6.13;6.55;6.83;6.80;6.23;4.92;2.69;
Mid;0.00;-3.29;-5.86;-7.00;-6.87;-5.59;-3.86;-3.06;-2.89;-3.37;-4.22;-5.28;-6.40;-7.37;-8.27;-9.06;-9.80;-10.50;-11.17;-11.80;-12.40;-12.96;-13.48;-13.95;-14.38;-14.78;-15.13;-15.40;-15.61;-15.75;-15.84;-15.88;-15.81;-15.59;-15.65;-15.47;-15.09;-14.31;-13.39;-12.28;-11.09;-9.79;-8.52;-6.75;-5.07;-3.44;-1.85;-0.14;2.11;4.70;7.72;10.76;13.65;16.14;17.96;18.74;18.82;18.41;17.67;16.78;15.81;14.81;13.87;13.00;12.23;11.48;10.88;10.43;10.10;9.77;9.50;9.28;9.09;8.92;8.79;8.75;8.77;8.88;9.01;9.19;9.35;9.51;9.62;9.63;9.58;9.46;9.28;8.98;8.63;8.22;7.79;7.32;6.88;6.48;6.15;5.88;5.73;5.66;5.70;5.77;5.86;5.95;6.02;6.07;6.08;6.07;6.06;6.06;6.07;6.05;6.07;6.09;6.14;6.21;6.30;6.41;6.53;6.62;6.68;6.69;6.61;6.45;6.26;6.10;6.05;6.15;6.51;7.19;8.00;8.61;8.81;8.19;6.55;3.56;
Apical;0.00;-2.57;-4.64;-5.55;-5.42;-4.44;-3.09;-3.08;-3.49;-4.41;-5.60;-6.95;-8.34;-9.56;-10.73;-11.84;-12.90;-13.90;-14.84;-15.70;-16.48;-17.22;-17.89;-18.51;-19.10;-19.72;-20.31;-20.81;-21.23;-21.55;-21.81;-21.93;-21.94;-21.80;-21.63;-21.23;-20.57;-19.33;-17.86;-16.19;-14.39;-12.51;-10.57;-8.19;-5.77;-3.35;-0.89;1.63;4.25;6.18;8.13;9.99;11.65;12.97;13.82;14.21;14.11;13.62;12.84;11.92;10.95;10.24;9.57;8.98;8.46;8.00;7.64;7.12;6.71;6.35;6.07;5.87;5.76;5.86;6.03;6.28;6.57;6.91;7.24;7.48;7.68;7.86;8.00;8.07;8.08;7.91;7.68;7.35;6.97;6.57;6.18;5.89;5.66;5.48;5.36;5.28;5.28;5.24;5.26;5.30;5.37;5.43;5.47;5.47;5.44;5.40;5.34;5.29;5.25;5.22;5.20;5.20;5.21;5.22;5.24;5.26;5.28;5.29;5.28;5.24;5.17;5.04;4.92;4.80;4.74;4.75;4.92;5.28;5.72;6.04;6.15;5.81;4.91;2.69;

----------------------------------------------------------


