PatientInformation
==========================================================
PatientID;No patientID
Name;,,
Date of Birth;
Sex;
Version;AutoStrainCap2 2.1.0.491925

Results
==========================================================
Global
----------------------------------------------------------
LaSr_ED;44.21;%
LaScd_ED;-29.62;%
LaSct_ED;-14.59;%
LaSr_AC;38.58;%
LaScd_AC;-25.85;%
LaSct_AC;-12.73;%
ED;0.00;ms
ES;412.26;ms
PreA;674.61;ms

Curves
==========================================================
Longitudinal Strain
Unit [%]
Time [ms];0.00;18.74;37.48;56.22;74.96;93.70;112.44;131.17;149.91;168.65;187.39;206.13;224.87;243.61;262.35;281.09;299.83;318.57;337.31;356.04;374.78;393.52;412.26;431.00;449.74;468.48;487.22;505.96;524.70;543.44;562.18;580.92;599.65;618.39;637.13;655.87;674.61;693.35;712.09;730.83;749.57;768.31;787.05;805.79;824.52;843.26;862.00;880.74;899.48;918.22;
LAS_ED;0.00;3.85;2.49;6.01;11.84;15.85;18.99;22.38;25.11;26.40;27.52;29.28;31.47;34.12;36.90;39.63;41.52;42.13;41.77;41.96;42.50;43.48;44.21;43.15;40.08;32.72;26.05;22.71;20.53;18.46;16.02;14.31;13.26;12.38;12.56;13.60;14.59;14.68;14.21;14.94;15.92;17.68;17.50;16.18;13.97;9.74;8.37;7.45;7.93;2.27;
LAS_AC;-12.73;-9.37;-10.56;-7.48;-2.40;1.10;3.84;6.80;9.18;10.30;11.29;12.82;14.73;17.05;19.47;21.86;23.50;24.04;23.72;23.88;24.35;25.21;25.85;24.92;22.24;15.82;10.00;7.09;5.19;3.38;1.25;-0.24;-1.16;-1.92;-1.78;-0.87;0.00;0.08;-0.33;0.31;1.16;2.70;2.54;1.39;-0.54;-4.23;-5.43;-6.23;-5.81;-10.76;

----------------------------------------------------------


