PatientInformation
==========================================================
PatientID;No patientID
Name;,,
Date of Birth;
Sex;
Version;AutoStrainCap2 2.1.0.491925

Results
==========================================================
Global
----------------------------------------------------------
RVFWSL;-29.98;%
RV4CSL;-25.50;%
ED;0.00;ms
ES;384.19;ms

Curves
==========================================================
Longitudinal Strain
Unit [%]
Time [ms];0.00;11.14;22.27;33.41;44.54;55.68;66.82;77.95;89.09;100.22;111.36;122.50;133.63;144.77;155.90;167.04;178.18;189.31;200.45;211.58;222.72;233.86;244.99;256.13;267.26;278.40;289.54;300.67;311.81;322.94;334.08;345.22;356.35;367.49;378.62;389.76;400.90;412.03;423.17;434.30;445.44;456.58;467.71;478.85;489.98;501.12;512.26;523.39;534.53;545.66;556.80;567.94;579.07;590.21;601.34;612.48;623.62;634.75;645.89;657.02;668.16;679.30;690.43;701.57;712.70;723.84;734.98;746.11;757.25;768.38;779.52;790.66;801.79;812.93;824.06;835.20;846.34;857.47;868.61;879.74;890.88;902.02;913.15;924.29;935.42;946.56;957.70;
Basal;0.00;-0.31;-1.57;-3.36;-5.35;-7.28;-9.12;-10.93;-12.70;-14.45;-16.18;-17.94;-19.80;-21.81;-23.86;-25.84;-27.70;-29.38;-30.94;-32.42;-33.89;-35.35;-36.72;-37.84;-38.65;-38.96;-38.94;-38.64;-38.12;-37.56;-37.02;-36.49;-36.03;-35.82;-35.66;-35.39;-34.92;-34.12;-32.90;-31.17;-28.83;-25.65;-22.00;-18.12;-14.23;-10.78;-7.61;-4.75;-2.40;-0.78;0.27;0.98;1.46;1.85;2.16;2.42;2.61;2.79;2.87;2.79;2.59;2.21;1.78;1.33;0.91;0.58;0.29;0.11;-0.02;-0.03;0.12;0.57;1.37;2.45;3.70;4.80;5.42;5.23;4.42;3.21;1.81;0.56;-0.50;-1.23;-1.24;-1.37;-0.76;
Mid;0.00;0.11;-0.46;-1.40;-2.53;-3.65;-4.79;-5.99;-7.27;-8.80;-10.40;-12.02;-13.62;-15.04;-16.40;-17.66;-18.79;-19.78;-20.68;-21.60;-22.64;-23.98;-25.38;-26.64;-27.63;-28.17;-28.41;-28.46;-28.36;-28.35;-28.36;-28.36;-28.41;-28.67;-28.97;-29.17;-29.18;-28.91;-28.29;-27.24;-25.71;-23.48;-20.85;-17.98;-15.13;-12.63;-10.32;-8.17;-6.24;-4.71;-3.52;-2.57;-1.75;-0.67;0.33;1.20;1.88;2.18;2.31;2.28;2.15;1.76;1.32;0.86;0.39;0.02;-0.36;-0.68;-0.98;-1.14;-1.13;-0.81;-0.01;1.39;3.06;4.58;5.55;5.58;4.93;3.87;2.61;1.25;0.06;-0.82;-1.03;-1.19;-0.70;
Apical;0.00;0.28;-0.20;-1.06;-2.05;-3.08;-4.04;-4.98;-5.92;-6.95;-7.98;-9.05;-10.19;-11.25;-12.35;-13.37;-14.29;-15.07;-15.79;-16.51;-17.31;-18.28;-19.31;-20.27;-21.08;-21.62;-21.96;-22.17;-22.27;-22.50;-22.65;-22.75;-22.88;-23.20;-23.54;-23.78;-23.88;-23.69;-23.23;-22.40;-21.20;-19.40;-17.23;-14.84;-12.47;-10.19;-8.05;-6.03;-4.09;-2.44;-0.95;0.34;1.33;1.82;2.01;2.00;1.87;1.79;1.69;1.56;1.52;1.59;1.75;1.94;2.08;2.13;2.09;2.02;1.91;1.82;1.84;2.08;2.61;3.31;4.13;4.83;5.18;5.01;4.36;3.37;2.17;1.12;0.23;-0.34;-0.14;-0.70;-0.46;

----------------------------------------------------------


