PatientInformation
==========================================================
PatientID;No patientID
Name;,,
Date of Birth;
Sex;
Version;AutoStrainCap2 2.1.0.491925

Results
==========================================================
Global
----------------------------------------------------------
LaSr_ED;27.75;%
LaScd_ED;-9.59;%
LaSct_ED;-18.16;%
LaSr_AC;23.47;%
LaScd_AC;-8.11;%
LaSct_AC;-15.36;%
ED;0.00;ms
ES;288.23;ms
PreA;582.87;ms

Curves
==========================================================
Longitudinal Strain
Unit [%]
Time [ms];0.00;21.35;42.70;64.05;85.40;106.75;128.10;149.45;170.80;192.15;213.50;234.85;256.20;277.56;298.91;320.26;341.61;362.96;384.31;405.66;427.01;448.36;469.71;491.06;512.41;533.76;555.11;576.46;597.81;619.16;640.51;661.86;683.21;704.56;725.91;747.26;768.61;789.97;811.32;832.67;854.02;
LAS_ED;0.00;-0.57;-0.79;0.93;3.96;6.22;8.65;11.54;14.91;18.48;21.77;24.48;26.38;27.57;27.61;26.45;25.06;24.61;24.81;25.42;25.80;25.38;24.73;22.61;20.40;19.23;18.66;18.25;18.05;18.12;18.19;18.23;18.26;18.37;18.37;18.04;16.94;14.72;10.87;4.31;-0.40;
LAS_AC;-15.43;-15.91;-16.10;-14.65;-12.08;-10.17;-8.12;-5.68;-2.82;0.19;2.98;5.27;6.88;7.89;7.92;6.93;5.76;5.38;5.55;6.06;6.38;6.03;5.48;3.69;1.82;0.83;0.35;0.00;-0.16;-0.11;-0.05;-0.01;0.01;0.10;0.10;-0.18;-1.10;-2.98;-6.24;-11.79;-15.77;

----------------------------------------------------------


