PatientInformation
==========================================================
PatientID;No patientID
Name;,,
Date of Birth;
Sex;
Version;AutoStrainCap2 2.1.0.491925

Results
==========================================================
Global
----------------------------------------------------------
RVFWSL;-29.12;%
RV4CSL;-23.55;%
ED;0.00;ms
ES;353.34;ms

Curves
==========================================================
Longitudinal Strain
Unit [%]
Time [ms];0.00;12.44;24.88;37.32;49.77;62.21;74.65;87.09;99.53;111.97;124.42;136.86;149.30;161.74;174.18;186.62;199.07;211.51;223.95;236.39;248.83;261.27;273.72;286.16;298.60;311.04;323.48;335.92;348.36;360.81;373.25;385.69;398.13;410.57;423.01;435.46;447.90;460.34;472.78;485.22;497.66;510.11;522.55;534.99;547.43;559.87;572.31;584.76;597.20;609.64;622.08;634.52;646.96;659.40;671.85;684.29;696.73;709.17;721.61;734.05;746.50;758.94;771.38;783.82;796.26;808.70;821.15;833.59;846.03;858.47;
Basal;0.00;-0.14;-4.43;-10.19;-15.48;-19.88;-23.31;-25.87;-27.61;-28.63;-29.04;-29.03;-28.96;-29.33;-29.73;-29.80;-29.11;-28.11;-27.22;-26.86;-27.02;-27.63;-28.81;-30.30;-32.03;-33.58;-34.92;-35.70;-35.92;-35.40;-33.99;-32.08;-29.64;-27.16;-24.94;-22.96;-21.10;-19.26;-17.49;-15.77;-14.29;-12.98;-12.05;-11.47;-11.13;-10.68;-9.94;-9.06;-8.35;-7.94;-7.74;-7.55;-7.16;-6.68;-6.12;-5.56;-4.68;-3.22;-0.97;1.41;3.13;3.40;2.70;1.58;0.36;-0.77;-2.00;-3.26;-4.02;-3.30;
Mid;0.00;-0.20;-4.21;-9.45;-13.99;-17.61;-20.37;-22.44;-23.78;-24.42;-24.35;-23.95;-23.58;-23.76;-24.06;-24.05;-23.31;-22.22;-21.22;-20.59;-20.40;-20.56;-21.15;-21.98;-23.07;-24.33;-25.49;-26.28;-26.59;-26.33;-25.36;-24.09;-22.31;-20.37;-18.40;-16.52;-14.71;-12.99;-11.38;-9.90;-8.75;-7.86;-7.29;-6.97;-6.83;-6.60;-6.18;-5.61;-5.06;-4.47;-3.95;-3.38;-2.65;-1.90;-1.36;-1.45;-1.46;-0.85;0.94;2.99;4.38;4.19;2.93;1.04;-1.33;-3.57;-5.36;-5.91;-5.43;-3.63;
Apical;0.00;0.21;-3.10;-7.57;-11.48;-14.38;-16.62;-18.33;-19.62;-20.35;-20.47;-20.26;-20.02;-20.26;-20.60;-20.74;-20.38;-19.77;-19.23;-18.95;-19.02;-19.26;-19.86;-20.57;-21.54;-22.47;-23.39;-24.02;-24.35;-24.28;-23.56;-22.87;-21.65;-20.29;-18.86;-17.45;-16.04;-14.61;-13.16;-11.71;-10.53;-9.51;-8.85;-8.38;-8.13;-7.80;-7.18;-6.41;-5.72;-5.15;-4.73;-4.32;-3.82;-3.33;-2.97;-2.82;-2.55;-1.82;-0.43;1.16;2.34;2.62;2.12;1.06;-0.49;-2.04;-3.36;-4.11;-4.17;-3.07;

----------------------------------------------------------


