PatientInformation
==========================================================
PatientID;No patientID
Name;,,
Date of Birth;
Sex;
Version;AutoStrainCap2 2.1.0.491925

Results
==========================================================
Global
----------------------------------------------------------
LaSr_ED;11.67;%
LaScd_ED;-16.18;%
LaSct_ED;4.51;%
LaSr_AC;12.15;%
LaScd_AC;-16.85;%
LaSct_AC;4.70;%
ED;0.00;ms
ES;273.29;ms
PreA;627.70;ms

Curves
==========================================================
Longitudinal Strain
Unit [%]
Time [ms];0.00;21.35;42.70;64.05;85.40;106.75;128.10;149.45;170.80;192.15;213.50;234.85;256.20;277.56;298.91;320.26;341.61;362.96;384.31;405.66;427.01;448.36;469.71;491.06;512.41;533.76;555.11;576.46;597.81;619.16;640.51;661.86;683.21;704.56;725.91;747.26;768.61;789.96;811.31;832.67;854.02;875.37;896.72;918.07;939.42;960.77;
LAS_ED;0.00;-0.11;-1.29;-1.15;-0.61;-0.27;1.07;4.47;7.83;9.02;9.38;10.41;11.41;11.66;11.22;10.03;9.27;10.34;10.31;5.84;-0.52;-6.28;-10.15;-11.12;-10.59;-9.60;-8.01;-5.66;-3.62;-3.99;-5.63;-8.32;-10.43;-10.25;-9.11;-7.38;-5.56;-4.15;-3.09;-2.59;-2.68;-3.94;-4.97;-4.46;-3.32;-2.24;
LAS_AC;4.16;4.05;2.82;2.96;3.53;3.88;5.27;8.81;12.31;13.56;13.93;15.01;16.04;16.30;15.85;14.60;13.82;14.94;14.90;10.24;3.62;-2.38;-6.42;-7.42;-6.87;-5.84;-4.18;-1.74;0.39;0.00;-1.71;-4.51;-6.71;-6.52;-5.32;-3.52;-1.64;-0.16;0.94;1.46;1.37;0.06;-1.01;-0.48;0.70;1.83;

----------------------------------------------------------


