PatientInformation
==========================================================
PatientID;No patientID
Name;,,
Date of Birth;
Sex;
Version;AutoStrainCap2 2.1.0.491925

Results
==========================================================
Global
----------------------------------------------------------
RVFWSL;-12.87;%
RV4CSL;-10.10;%
ED;0.00;ms
ES;273.29;ms

Curves
==========================================================
Longitudinal Strain
Unit [%]
Time [ms];0.00;21.35;42.70;64.05;85.40;106.75;128.10;149.45;170.80;192.15;213.50;234.85;256.20;277.56;298.91;320.26;341.61;362.96;384.31;405.66;427.01;448.36;469.71;491.06;512.41;533.76;555.11;576.46;597.81;619.16;640.51;661.86;683.21;704.56;725.91;747.26;768.61;789.96;811.31;832.67;854.02;875.37;896.72;918.07;939.42;960.77;
Basal;0.00;-2.38;-2.80;-4.08;-5.90;-8.35;-10.53;-11.66;-12.50;-12.82;-13.22;-14.25;-15.07;-15.30;-15.09;-15.03;-14.76;-13.68;-11.72;-8.47;-5.26;-3.84;-3.02;-1.99;-0.84;0.23;1.19;1.69;1.48;0.39;-0.89;-1.42;-1.41;-0.97;-0.48;-0.35;-0.54;-1.10;-1.52;-1.19;-0.59;-0.45;-0.47;-0.46;-0.26;0.51;
Mid;0.00;-2.90;-2.60;-2.49;-3.15;-5.53;-7.88;-9.03;-9.85;-10.69;-11.40;-11.58;-11.53;-11.76;-11.74;-11.78;-11.67;-11.47;-10.58;-8.03;-5.22;-3.67;-2.59;-1.67;-0.74;0.19;1.18;1.96;2.06;1.04;-0.27;-0.91;-1.02;-0.70;-0.23;0.03;0.02;-0.44;-0.89;-0.78;-0.44;-0.40;-0.41;-0.28;0.06;0.79;
Apical;0.00;-2.03;-1.73;-1.78;-2.74;-5.92;-9.03;-10.05;-10.35;-10.32;-10.32;-10.76;-11.12;-11.48;-11.42;-11.39;-10.91;-9.96;-8.26;-5.24;-2.12;-0.38;0.67;1.38;1.75;1.82;2.06;2.61;2.80;1.90;0.78;0.32;0.23;0.40;0.58;0.56;0.37;-0.17;-0.37;0.37;1.22;1.30;0.97;0.43;0.10;0.57;

----------------------------------------------------------


