PatientInformation
==========================================================
PatientID;No patientID
Name;,,
Date of Birth;
Sex;
Version;AutoStrainCap2 2.1.0.491925

Results
==========================================================
Global
----------------------------------------------------------
LaSr_ED;9.18;%
LaScd_ED;-10.75;%
LaSct_ED;1.58;%
LaSr_AC;9.32;%
LaScd_AC;-10.93;%
LaSct_AC;1.60;%
ED;0.00;ms
ES;322.39;ms
PreA;664.00;ms

Curves
==========================================================
Longitudinal Strain
Unit [%]
Time [ms];0.00;21.35;42.70;64.05;85.40;106.75;128.10;149.45;170.80;192.15;213.50;234.85;256.20;277.56;298.91;320.26;341.61;362.96;384.31;405.66;427.01;448.36;469.71;491.06;512.41;533.76;555.11;576.46;597.81;619.16;640.51;661.86;683.21;704.56;725.91;747.26;768.61;789.96;811.32;832.67;854.02;875.37;896.72;918.07;939.42;960.77;982.12;
LAS_ED;0.00;2.09;4.41;6.08;7.10;7.07;6.81;6.69;6.92;7.19;7.56;8.20;8.78;8.97;9.03;9.17;8.93;7.73;5.84;2.94;0.50;-0.03;0.26;0.42;0.46;-0.17;-0.96;-1.64;-2.03;-1.83;-1.61;-1.57;-1.76;-2.02;-2.02;-1.79;-1.52;-1.77;-2.16;-2.04;-1.88;-1.63;-1.40;-1.53;-1.63;-1.36;-0.95;
LAS_AC;1.59;3.71;6.07;7.77;8.81;8.78;8.51;8.39;8.62;8.90;9.27;9.93;10.51;10.70;10.77;10.91;10.66;9.44;7.52;4.58;2.10;1.57;1.85;2.02;2.06;1.42;0.62;-0.07;-0.47;-0.26;-0.04;0.00;-0.20;-0.46;-0.46;-0.22;0.05;-0.20;-0.60;-0.48;-0.31;-0.06;0.17;0.04;-0.07;0.21;0.63;

----------------------------------------------------------


