PatientInformation
==========================================================
PatientID;No patientID
Name;,,
Date of Birth;
Sex;
Version;AutoStrainCap2 2.1.0.491925

Results
==========================================================
Global
----------------------------------------------------------
RVFWSL;-19.94;%
RV4CSL;-14.29;%
ED;0.00;ms
ES;294.94;ms

Curves
==========================================================
Longitudinal Strain
Unit [%]
Time [ms];0.00;9.58;19.15;28.73;38.30;47.88;57.46;67.03;76.61;86.18;95.76;105.34;114.91;124.49;134.06;143.64;153.22;162.79;172.37;181.94;191.52;201.10;210.67;220.25;229.82;239.40;248.98;258.55;268.13;277.70;287.28;296.86;306.43;316.01;325.58;335.16;344.74;354.31;363.89;373.46;383.04;392.62;402.19;411.77;421.34;430.92;440.50;450.07;459.65;469.22;478.80;488.38;497.95;507.53;517.10;526.68;536.26;545.83;555.41;564.98;574.56;584.14;593.71;603.29;612.86;622.44;632.02;641.59;651.17;660.74;670.32;679.90;689.47;699.05;708.62;718.20;727.78;737.35;746.93;756.50;766.08;775.66;785.23;794.81;804.38;813.96;823.54;833.11;842.69;852.26;861.84;871.42;880.99;
Basal;0.00;-0.86;-1.72;-3.43;-5.06;-5.81;-5.89;-5.69;-5.57;-5.96;-6.63;-7.47;-8.38;-9.36;-10.37;-11.45;-12.68;-14.05;-15.52;-16.92;-18.13;-18.93;-19.50;-19.97;-20.45;-21.13;-21.87;-22.65;-23.39;-24.05;-24.50;-24.63;-24.32;-23.51;-22.23;-20.54;-18.54;-16.40;-14.37;-12.77;-11.93;-12.24;-13.20;-14.39;-15.37;-15.56;-15.17;-14.27;-12.86;-10.98;-8.77;-6.40;-3.93;-1.59;0.59;2.50;3.95;4.82;5.22;5.29;5.12;4.82;4.43;3.98;3.52;3.13;2.82;2.68;2.75;3.13;3.69;4.29;4.80;4.98;5.01;4.96;4.94;5.04;5.20;5.36;5.50;5.61;5.66;5.65;5.58;5.44;5.27;5.10;4.95;4.80;4.48;3.72;2.34;
Mid;0.00;-1.33;-2.45;-4.11;-5.59;-6.19;-6.15;-5.87;-5.73;-6.32;-7.25;-8.37;-9.50;-10.60;-11.63;-12.64;-13.71;-14.76;-15.87;-16.93;-17.87;-18.50;-18.96;-19.30;-19.54;-19.81;-20.05;-20.30;-20.63;-21.08;-21.48;-21.65;-21.40;-20.58;-19.24;-17.48;-15.36;-12.98;-10.60;-8.49;-6.96;-6.33;-6.20;-6.23;-6.09;-5.35;-4.24;-2.89;-1.48;-0.29;0.80;1.87;2.96;4.02;4.99;5.70;6.06;5.91;5.44;4.80;4.20;3.93;3.78;3.63;3.38;2.87;2.31;1.83;1.55;1.60;1.87;2.26;2.65;2.94;3.16;3.33;3.46;3.60;3.71;3.81;3.88;3.93;3.93;3.89;3.77;3.55;3.33;3.20;3.27;3.71;4.06;3.90;2.80;
Apical;0.00;-0.36;-0.68;-1.74;-2.80;-3.28;-3.23;-2.98;-2.80;-3.20;-3.81;-4.52;-5.23;-6.00;-6.71;-7.36;-8.05;-8.62;-9.25;-9.86;-10.42;-10.79;-11.06;-11.26;-11.37;-11.52;-11.62;-11.74;-11.90;-12.12;-12.36;-12.53;-12.55;-12.48;-12.16;-11.60;-10.78;-9.84;-8.82;-7.93;-7.34;-7.26;-7.45;-7.65;-7.64;-6.93;-5.89;-4.63;-3.26;-1.85;-0.48;0.82;2.06;3.02;3.83;4.40;4.65;4.48;4.06;3.52;3.02;2.72;2.53;2.34;2.12;1.80;1.46;1.18;1.04;1.09;1.29;1.59;1.88;2.03;2.11;2.16;2.21;2.32;2.45;2.56;2.65;2.71;2.73;2.71;2.66;2.56;2.48;2.48;2.63;2.96;3.18;2.98;2.08;

----------------------------------------------------------


