PatientInformation
==========================================================
PatientID;6665296
Name;???,Huang Shi Tian,
Date of Birth;
Sex;
Version;AutoStrainCap2 2.1.0.491925

Results
==========================================================
Global
----------------------------------------------------------
LaSr_ED;35.78;%
LaScd_ED;-13.98;%
LaSct_ED;-21.80;%
LaSr_AC;29.37;%
LaScd_AC;-11.47;%
LaSct_AC;-17.90;%
ED;0.00;ms
ES;347.81;ms
PreA;666.27;ms

Curves
==========================================================
Longitudinal Strain
Unit [%]
Time [ms];0.00;8.63;17.26;25.89;34.52;43.15;51.78;60.41;69.04;77.67;86.30;94.93;103.56;112.20;120.83;129.46;138.09;146.72;155.35;163.98;172.61;181.24;189.87;198.50;207.13;215.76;224.39;233.02;241.65;250.28;258.91;267.54;276.17;284.80;293.43;302.06;310.69;319.32;327.96;336.59;345.22;353.85;362.48;371.11;379.74;388.37;397.00;405.63;414.26;422.89;431.52;440.15;448.78;457.41;466.04;474.67;483.30;491.93;500.56;509.19;517.82;526.45;535.09;543.72;552.35;560.98;569.61;578.24;586.87;595.50;604.13;612.76;621.39;630.02;638.65;647.28;655.91;664.54;673.17;681.80;690.43;699.06;707.69;716.32;724.95;733.58;742.21;750.85;759.48;768.11;776.74;785.37;794.00;802.63;811.26;819.89;828.52;837.15;845.78;854.41;863.04;871.67;880.30;888.93;897.56;906.19;914.82;923.45;932.08;940.71;949.34;957.97;966.61;975.24;
LAS_ED;0.00;0.98;1.13;1.06;0.71;1.13;1.57;3.02;4.60;6.54;8.61;9.97;11.26;12.45;13.30;14.29;14.69;15.34;15.82;16.62;17.42;18.67;19.91;21.43;22.78;24.28;25.28;26.36;27.24;28.13;29.01;29.83;30.68;31.50;32.32;33.06;33.90;34.56;35.17;35.47;35.76;35.74;35.71;35.43;35.11;34.78;34.47;34.23;34.01;33.81;33.64;33.36;32.91;32.19;30.82;29.08;26.26;23.38;20.26;17.73;15.62;14.25;13.36;13.15;13.31;13.57;13.94;14.21;14.67;15.11;15.92;16.90;18.19;19.44;20.61;21.69;21.80;21.83;21.65;21.44;21.20;21.08;20.98;20.94;20.94;20.97;21.28;21.59;21.91;22.18;22.40;22.07;21.64;21.09;20.31;19.41;18.23;16.84;15.04;12.92;10.45;7.31;4.04;0.83;-2.15;-4.50;-7.00;-8.73;-9.84;-10.31;-9.50;-8.41;-5.96;-3.04;
LAS_AC;-17.92;-17.11;-16.99;-17.04;-17.34;-16.99;-16.63;-15.43;-14.14;-12.55;-10.85;-9.73;-8.67;-7.69;-7.00;-6.19;-5.86;-5.33;-4.93;-4.28;-3.62;-2.59;-1.57;-0.33;0.78;2.01;2.84;3.72;4.44;5.18;5.89;6.57;7.27;7.94;8.62;9.22;9.91;10.45;10.96;11.20;11.44;11.42;11.40;11.17;10.90;10.64;10.38;10.18;10.00;9.84;9.70;9.47;9.09;8.51;7.39;5.96;3.64;1.28;-1.28;-3.36;-5.09;-6.22;-6.95;-7.12;-6.99;-6.78;-6.47;-6.25;-5.87;-5.51;-4.85;-4.05;-2.98;-1.96;-1.00;-0.11;-0.02;0.00;-0.15;-0.32;-0.52;-0.61;-0.69;-0.73;-0.73;-0.70;-0.45;-0.19;0.07;0.29;0.48;0.20;-0.15;-0.60;-1.24;-1.98;-2.95;-4.09;-5.57;-7.31;-9.34;-11.91;-14.60;-17.23;-19.68;-21.61;-23.66;-25.08;-25.99;-26.38;-25.71;-24.82;-22.81;-20.41;

----------------------------------------------------------


