PatientInformation
==========================================================
PatientID;6665296
Name;???,Huang Shi Tian,
Date of Birth;
Sex;
Version;AutoStrainCap2 2.1.0.491925

Results
==========================================================
Global
----------------------------------------------------------
GLS(3P);-11.04;%
GLS(4Ch);-15.63;%
GLS(2Ch);-0.17;%
GLS(3Ch);-17.33;%
ED;0.00;ms
ES;331.36;ms

Results
==========================================================
Longitudinal Strain
T2P
Minimum
----------------------------------------------------------
Segment 0 [mean];271.54;ms
----------------------------------------------------------
Segment 1 [ant];617.66;ms
Segment 2 [ant/sept];382.98;ms
Segment 3 [inf/sept];297.56;ms
Segment 4 [inf];592.31;ms
Segment 5 [inf/lat];335.11;ms
Segment 6 [ant/lat];343.56;ms
----------------------------------------------------------
Segment 7 [ant];13.14;ms
Segment 8 [ant/sept];256.26;ms
Segment 9 [inf/sept];338.87;ms
Segment 10 [inf];0.00;ms
Segment 11 [inf/lat];321.97;ms
Segment 12 [ant/lat];266.59;ms
----------------------------------------------------------
Segment 13 [ant];15.96;ms
Segment 14 [ant/sept];273.16;ms
Segment 15 [inf/sept];261.89;ms
Segment 16 [inf];3.75;ms
Segment 17 [inf/lat];274.10;ms
Segment 18 [ant/lat];292.87;ms
----------------------------------------------------------


Results
==========================================================
Longitudinal Strain
End-systolic

----------------------------------------------------------
Segment 0 [mean];-9.61;%
----------------------------------------------------------
Segment 1 [ant];3.92;%
Segment 2 [ant/sept];-7.48;%
Segment 3 [inf/sept];-9.16;%
Segment 4 [inf];-3.22;%
Segment 5 [inf/lat];-6.11;%
Segment 6 [ant/lat];-17.00;%
----------------------------------------------------------
Segment 7 [ant];5.06;%
Segment 8 [ant/sept];-10.78;%
Segment 9 [inf/sept];-14.84;%
Segment 10 [inf];4.64;%
Segment 11 [inf/lat];-17.43;%
Segment 12 [ant/lat];-16.33;%
----------------------------------------------------------
Segment 13 [ant];4.84;%
Segment 14 [ant/sept];-26.32;%
Segment 15 [inf/sept];-19.42;%
Segment 16 [inf];4.09;%
Segment 17 [inf/lat];-31.76;%
Segment 18 [ant/lat];-15.62;%
----------------------------------------------------------


Results
==========================================================
Longitudinal Strain
Peak-systolic

----------------------------------------------------------
Segment 0 [mean];-11.77;%
----------------------------------------------------------
Segment 1 [ant];0.00;%
Segment 2 [ant/sept];-7.48;%
Segment 3 [inf/sept];-11.20;%
Segment 4 [inf];-3.22;%
Segment 5 [inf/lat];-6.11;%
Segment 6 [ant/lat];-17.00;%
----------------------------------------------------------
Segment 7 [ant];-0.47;%
Segment 8 [ant/sept];-13.85;%
Segment 9 [inf/sept];-14.84;%
Segment 10 [inf];0.00;%
Segment 11 [inf/lat];-17.66;%
Segment 12 [ant/lat];-17.25;%
----------------------------------------------------------
Segment 13 [ant];-0.79;%
Segment 14 [ant/sept];-29.62;%
Segment 15 [inf/sept];-20.07;%
Segment 16 [inf];-0.01;%
Segment 17 [inf/lat];-33.20;%
Segment 18 [ant/lat];-19.14;%
----------------------------------------------------------


Curves
==========================================================
Longitudinal Strain
Unit [%]
Time [ms];0.00;9.39;18.77;28.16;37.55;46.93;56.32;65.71;75.09;84.48;93.87;103.26;112.64;122.03;131.42;140.80;150.19;159.58;168.96;178.35;187.74;197.12;206.51;215.90;225.28;234.67;244.06;253.45;262.83;272.22;281.61;290.99;300.38;309.77;319.15;328.54;337.93;347.31;356.70;366.09;375.47;384.86;394.25;403.64;413.02;422.41;431.80;441.18;450.57;459.96;469.34;478.73;488.12;497.50;506.89;516.28;525.66;535.05;544.44;553.82;563.21;572.60;581.99;591.37;600.76;610.15;619.53;628.92;638.31;647.69;657.08;666.47;675.85;685.24;694.63;704.01;713.40;722.79;732.18;741.56;750.95;760.34;769.72;779.11;788.50;797.88;807.27;816.66;826.04;
Total;0.00;0.22;0.54;0.77;0.82;0.65;0.35;-0.03;-0.46;-0.87;-1.31;-1.77;-2.24;-2.77;-3.31;-3.87;-4.41;-4.99;-5.56;-6.12;-6.63;-7.10;-7.52;-7.90;-8.26;-8.64;-8.97;-9.25;-9.44;-9.54;-9.59;-9.62;-9.65;-9.73;-9.81;-9.81;-9.71;-9.39;-8.96;-8.46;-7.91;-7.42;-6.83;-6.19;-5.38;-4.74;-3.99;-3.32;-2.81;-2.50;-2.40;-2.43;-2.53;-2.63;-2.72;-2.80;-2.86;-2.90;-2.93;-2.95;-2.98;-2.99;-3.01;-3.02;-3.01;-2.96;-2.87;-2.75;-2.60;-2.44;-2.29;-2.16;-2.06;-1.98;-1.89;-1.78;-1.58;-1.32;-0.96;-0.55;-0.11;0.28;0.61;0.87;1.04;1.14;1.28;1.27;0.78;
Segment 1;0.00;0.18;0.88;3.18;5.34;6.34;6.81;6.82;6.76;6.79;6.81;6.79;6.84;6.97;7.09;7.19;7.32;7.49;7.67;7.83;7.73;7.45;7.19;6.95;6.79;6.69;6.59;6.46;6.12;5.70;5.28;4.89;4.62;4.38;4.15;3.96;3.83;3.72;3.65;3.54;3.37;3.22;3.09;2.96;2.81;2.67;2.55;2.40;2.22;2.02;1.82;1.67;1.55;1.41;1.25;1.07;0.88;0.67;0.44;0.15;-0.17;-0.51;-0.82;-1.10;-1.31;-1.47;-1.51;-1.39;-1.19;-0.90;-0.66;-0.48;-0.30;-0.10;0.14;0.44;0.73;1.01;1.17;1.22;1.28;1.29;1.01;0.61;0.38;0.37;1.10;1.80;1.13;
Segment 2;0.00;0.95;1.34;0.21;-1.19;-1.46;-1.55;-1.74;-2.11;-3.33;-4.53;-5.49;-6.07;-5.30;-4.27;-3.13;-2.33;-2.74;-3.58;-4.62;-5.61;-6.05;-6.29;-6.44;-6.45;-6.83;-7.08;-7.31;-7.36;-7.33;-7.17;-6.98;-6.91;-6.89;-7.08;-7.36;-7.79;-8.18;-8.66;-9.10;-9.32;-9.40;-8.91;-8.06;-6.35;-4.77;-2.63;-0.63;0.76;1.50;1.45;1.02;0.64;0.39;0.40;0.47;0.46;0.45;0.28;0.14;0.01;-0.00;0.02;0.05;0.05;0.01;-0.05;-0.12;-0.17;-0.18;-0.17;-0.22;-0.33;-0.54;-0.74;-0.89;-0.79;-0.77;-0.52;-0.19;0.18;0.67;1.01;1.18;0.97;0.47;-0.24;-0.77;-0.91;
Segment 3;0.00;1.60;3.18;1.92;-0.47;-1.84;-2.74;-3.17;-3.54;-3.80;-4.13;-4.56;-4.77;-5.37;-5.72;-6.20;-6.66;-7.11;-7.55;-7.98;-8.28;-8.55;-8.70;-8.88;-9.10;-9.40;-9.76;-10.09;-10.49;-10.78;-11.03;-11.11;-11.16;-10.58;-10.00;-9.34;-8.86;-8.82;-8.84;-8.74;-8.24;-7.30;-5.92;-4.88;-3.71;-3.39;-2.92;-2.68;-2.16;-1.84;-1.41;-0.94;-0.70;-0.69;-0.91;-1.20;-1.45;-1.57;-1.57;-1.55;-1.42;-1.40;-1.33;-1.28;-1.34;-1.32;-1.44;-1.50;-1.64;-1.67;-1.74;-1.78;-1.78;-1.83;-1.68;-1.54;-0.84;-0.16;0.96;2.09;2.92;3.68;3.92;4.14;4.14;4.21;3.97;3.45;2.21;
Segment 4;0.00;1.04;1.67;1.12;0.55;0.67;0.84;0.87;0.93;1.12;1.11;0.81;0.46;0.08;-0.40;-1.00;-1.37;-1.51;-1.67;-1.83;-1.89;-1.88;-1.94;-2.04;-2.15;-2.27;-2.41;-2.54;-2.55;-2.53;-2.55;-2.61;-2.75;-2.92;-3.08;-3.20;-3.26;-3.27;-3.22;-3.14;-3.05;-2.96;-2.89;-2.82;-2.75;-2.68;-2.62;-2.62;-2.68;-2.72;-2.75;-2.78;-2.81;-2.86;-2.93;-3.02;-3.12;-3.22;-3.34;-3.54;-3.71;-3.74;-3.73;-3.79;-3.72;-3.43;-2.98;-2.37;-1.66;-0.83;-0.17;0.23;0.52;0.70;0.95;1.28;1.44;1.46;1.59;1.79;1.81;1.72;1.80;1.91;1.77;1.53;1.49;1.38;0.78;
Segment 5;0.00;1.31;2.66;3.23;3.17;3.32;3.07;2.81;2.89;3.08;3.59;4.25;4.42;4.67;4.40;4.16;4.00;3.61;3.43;3.29;3.21;3.20;3.15;3.00;2.61;1.91;1.05;0.15;-0.54;-1.14;-1.57;-2.13;-2.85;-4.05;-5.24;-5.95;-6.15;-4.74;-2.93;-1.26;-0.13;-0.57;-1.52;-2.67;-3.58;-4.42;-4.87;-4.81;-4.67;-4.38;-4.16;-4.04;-3.89;-3.72;-3.47;-3.37;-3.28;-3.56;-3.83;-4.19;-4.35;-4.32;-4.12;-3.87;-3.80;-3.68;-3.76;-3.81;-3.76;-3.62;-3.38;-3.20;-3.17;-3.48;-3.87;-4.23;-4.20;-3.95;-3.36;-2.76;-2.41;-2.27;-2.41;-2.53;-2.42;-2.03;-1.31;-0.65;-0.05;
Segment 6;0.00;0.56;1.29;0.77;-0.16;-0.65;-0.92;-1.13;-1.31;-1.51;-1.79;-2.22;-2.73;-3.51;-4.36;-5.20;-6.15;-6.90;-7.72;-8.48;-9.20;-9.99;-10.72;-11.37;-11.98;-12.42;-12.79;-13.06;-13.19;-13.25;-13.27;-13.43;-13.80;-14.70;-15.75;-16.73;-17.47;-17.53;-17.13;-16.39;-15.07;-14.02;-12.56;-10.75;-9.24;-6.60;-4.44;-2.42;-0.54;-0.01;0.50;0.56;0.43;0.04;-0.45;-0.93;-1.20;-1.44;-1.46;-1.44;-1.36;-1.42;-1.47;-1.53;-1.59;-1.51;-1.47;-1.41;-1.45;-1.56;-1.74;-1.93;-2.06;-2.09;-2.13;-2.27;-2.68;-3.71;-4.82;-5.67;-6.00;-5.24;-3.97;-2.53;-1.13;-0.01;0.74;1.02;0.86;
Segment 7;0.00;-0.40;-0.15;2.01;4.19;5.25;5.94;6.33;6.75;7.35;7.91;8.40;8.69;8.73;8.65;8.46;8.31;8.17;8.02;7.85;7.68;7.50;7.30;7.10;6.89;6.70;6.51;6.33;6.21;6.11;6.00;5.87;5.70;5.50;5.29;5.10;4.96;4.83;4.71;4.58;4.44;4.30;4.17;4.05;3.94;3.85;3.76;3.66;3.56;3.46;3.36;3.26;3.15;3.05;2.95;2.84;2.74;2.63;2.52;2.40;2.28;2.16;2.04;1.95;1.89;1.87;1.90;1.97;2.10;2.29;2.54;2.86;3.20;3.56;3.86;4.12;4.32;4.47;4.54;4.53;4.43;4.24;3.92;3.53;3.19;2.97;3.33;3.47;2.02;
Segment 8;0.00;-2.59;-3.99;-2.62;-0.95;-1.13;-2.08;-3.46;-5.00;-6.31;-7.50;-8.50;-9.03;-9.19;-8.94;-8.71;-8.63;-9.00;-9.64;-10.41;-11.16;-11.85;-12.42;-12.84;-13.21;-13.48;-13.72;-13.84;-13.83;-13.75;-13.51;-13.16;-12.71;-12.08;-11.45;-10.91;-10.48;-9.94;-9.41;-8.84;-8.10;-7.73;-7.09;-6.28;-5.20;-3.88;-2.49;-1.13;-0.01;0.45;0.58;0.54;0.25;-0.19;-0.74;-1.26;-1.65;-1.70;-1.60;-1.49;-1.36;-1.36;-1.37;-1.37;-1.35;-1.24;-1.09;-0.93;-0.80;-0.70;-0.66;-0.66;-0.73;-0.73;-0.70;-0.50;-0.12;0.38;1.08;1.91;2.70;3.39;3.91;4.25;4.51;4.69;4.71;4.34;3.19;
Segment 9;0.00;0.49;0.97;1.09;0.66;0.02;-0.64;-1.25;-1.84;-2.61;-3.39;-4.17;-4.98;-5.87;-6.78;-7.68;-8.56;-9.40;-10.20;-10.96;-11.63;-12.29;-12.87;-13.43;-13.88;-14.27;-14.51;-14.60;-14.45;-13.78;-13.09;-12.53;-12.16;-12.87;-13.72;-14.60;-15.19;-14.79;-13.91;-12.91;-11.60;-11.12;-10.46;-9.89;-9.51;-9.43;-9.72;-9.94;-10.23;-9.89;-9.59;-9.30;-9.08;-9.03;-9.02;-9.05;-9.05;-8.86;-8.64;-8.37;-8.26;-8.24;-8.35;-8.48;-8.49;-8.45;-8.23;-8.03;-7.77;-7.56;-7.35;-7.17;-7.01;-6.83;-6.62;-6.27;-5.85;-5.40;-4.83;-4.19;-3.30;-2.35;-1.24;-0.30;0.50;1.02;1.26;1.18;0.75;
Segment 10;0.00;1.46;2.99;4.85;6.38;7.14;7.53;7.61;7.65;7.78;7.88;7.93;7.94;7.92;7.87;7.77;7.62;7.43;7.23;7.00;6.81;6.64;6.46;6.27;6.09;5.92;5.75;5.61;5.53;5.47;5.41;5.33;5.19;5.03;4.86;4.69;4.53;4.37;4.22;4.06;3.91;3.76;3.59;3.43;3.28;3.14;2.99;2.85;2.70;2.57;2.43;2.28;2.13;1.96;1.80;1.67;1.55;1.41;1.27;1.09;0.90;0.74;0.60;0.51;0.46;0.45;0.47;0.53;0.61;0.71;0.85;1.01;1.18;1.35;1.56;1.81;2.01;2.17;2.26;2.28;2.24;2.13;1.95;1.74;1.55;1.45;1.81;2.06;1.22;
Segment 11;0.00;-1.02;-2.38;-2.54;-2.21;-2.38;-2.74;-3.42;-4.34;-5.27;-6.24;-7.19;-7.80;-8.87;-9.65;-10.42;-11.09;-11.90;-12.68;-13.37;-14.06;-14.45;-14.82;-15.13;-15.37;-15.86;-16.29;-16.65;-16.94;-16.99;-17.01;-17.03;-17.14;-17.44;-17.64;-17.55;-16.92;-15.57;-13.87;-12.12;-11.02;-10.22;-9.94;-9.70;-9.11;-8.91;-8.22;-7.53;-6.88;-6.59;-6.60;-6.74;-6.88;-6.83;-6.66;-6.40;-6.13;-5.76;-5.44;-5.12;-4.97;-4.99;-5.12;-5.28;-5.30;-5.26;-5.07;-4.89;-4.72;-4.62;-4.56;-4.53;-4.51;-4.48;-4.41;-4.22;-3.94;-3.47;-2.93;-2.32;-1.76;-1.24;-0.88;-0.65;-0.72;-1.12;-1.59;-1.83;-1.42;
Segment 12;0.00;1.31;2.52;1.29;-0.71;-1.75;-2.47;-2.91;-3.46;-4.09;-4.95;-5.85;-6.80;-7.65;-8.45;-9.25;-10.00;-10.74;-11.43;-12.07;-12.71;-13.32;-13.94;-14.51;-15.08;-15.79;-16.44;-16.94;-17.22;-17.21;-17.01;-16.73;-16.53;-16.36;-16.34;-16.33;-16.36;-16.58;-16.61;-16.32;-15.16;-14.20;-12.11;-9.99;-7.30;-5.86;-4.31;-3.32;-2.77;-2.19;-2.18;-2.05;-2.05;-1.79;-1.53;-1.14;-0.92;-0.76;-0.77;-0.75;-0.77;-0.70;-0.62;-0.54;-0.44;-0.41;-0.36;-0.33;-0.29;-0.19;-0.10;0.01;0.08;0.13;0.13;0.09;0.01;-0.17;-0.22;-0.16;0.21;0.69;1.38;2.01;2.53;2.76;2.65;2.13;1.21;
Segment 13;0.00;-0.59;-0.70;0.53;1.99;3.04;4.05;5.08;6.03;6.88;7.58;8.13;8.48;8.61;8.58;8.38;8.13;7.84;7.54;7.24;6.98;6.74;6.54;6.37;6.25;6.15;6.06;5.97;5.85;5.70;5.53;5.38;5.25;5.14;5.01;4.88;4.75;4.60;4.46;4.32;4.17;4.04;3.91;3.80;3.69;3.59;3.49;3.40;3.31;3.21;3.11;2.98;2.84;2.69;2.54;2.41;2.28;2.16;2.04;1.92;1.81;1.68;1.57;1.48;1.42;1.40;1.43;1.56;1.72;1.92;2.16;2.44;2.71;2.97;3.14;3.22;3.26;3.28;3.27;3.24;3.13;2.96;2.67;2.33;2.08;1.96;2.33;2.55;1.50;
Segment 14;0.00;-1.15;-1.93;-2.00;-1.77;-2.69;-4.15;-5.93;-7.72;-8.90;-9.93;-10.95;-12.03;-13.75;-15.53;-17.30;-19.09;-20.35;-21.62;-22.79;-23.85;-24.93;-25.87;-26.73;-27.55;-28.21;-28.81;-29.24;-29.51;-29.62;-29.54;-29.24;-28.79;-28.14;-27.39;-26.57;-25.76;-25.17;-24.49;-23.75;-22.81;-21.30;-19.66;-17.94;-16.29;-15.01;-13.87;-12.83;-12.00;-11.38;-10.98;-10.88;-10.88;-10.89;-10.85;-10.79;-10.68;-10.78;-10.85;-10.91;-10.93;-10.80;-10.65;-10.48;-10.30;-10.17;-10.01;-9.84;-9.64;-9.46;-9.30;-9.19;-9.14;-9.18;-9.18;-9.06;-8.73;-7.80;-6.66;-5.46;-4.34;-3.66;-3.16;-2.77;-2.34;-1.60;-0.84;-0.17;0.10;
Segment 15;0.00;0.68;1.28;0.48;-0.93;-2.48;-3.99;-5.50;-6.81;-7.97;-8.94;-9.86;-10.88;-11.88;-12.98;-14.01;-14.88;-15.52;-16.00;-16.39;-16.79;-17.30;-17.84;-18.37;-18.88;-19.35;-19.72;-19.98;-20.07;-19.93;-19.93;-19.86;-19.79;-19.73;-19.66;-19.49;-19.23;-18.76;-18.19;-17.53;-16.77;-15.49;-14.10;-12.46;-10.65;-9.31;-7.94;-6.70;-5.74;-5.15;-4.82;-4.84;-5.02;-5.23;-5.49;-5.77;-5.94;-5.99;-5.91;-5.80;-5.69;-5.67;-5.69;-5.71;-5.71;-5.68;-5.61;-5.52;-5.41;-5.33;-5.26;-5.25;-5.28;-5.35;-5.41;-5.37;-5.17;-4.43;-3.50;-2.41;-1.21;-0.44;0.32;0.96;1.45;1.82;1.96;1.71;1.12;
Segment 16;0.00;0.01;0.25;1.13;2.12;2.96;3.75;4.52;5.21;5.83;6.35;6.80;7.07;7.13;7.05;6.84;6.56;6.23;5.90;5.57;5.32;5.15;5.04;4.97;4.91;4.86;4.84;4.83;4.80;4.76;4.70;4.63;4.53;4.41;4.27;4.13;3.98;3.82;3.67;3.49;3.30;3.10;2.92;2.73;2.55;2.38;2.22;2.06;1.91;1.75;1.59;1.43;1.26;1.09;0.93;0.76;0.59;0.45;0.33;0.27;0.24;0.23;0.22;0.19;0.19;0.23;0.33;0.52;0.76;1.06;1.39;1.76;2.12;2.48;2.73;2.89;3.00;3.07;3.11;3.13;3.08;2.98;2.73;2.43;2.24;2.16;2.41;2.49;1.45;
Segment 17;0.00;-0.43;-1.52;-1.94;-2.07;-2.72;-3.60;-4.69;-6.08;-7.76;-9.65;-11.56;-13.43;-15.48;-17.43;-19.28;-21.06;-22.66;-24.20;-25.67;-26.99;-28.25;-29.36;-30.38;-31.26;-31.95;-32.49;-32.87;-33.08;-33.20;-33.16;-33.03;-32.83;-32.70;-32.42;-31.97;-31.16;-30.27;-29.12;-27.87;-26.82;-25.46;-24.27;-22.92;-21.15;-19.06;-16.63;-14.40;-12.89;-12.15;-12.24;-12.70;-13.13;-13.19;-12.92;-12.46;-11.94;-11.61;-11.34;-11.08;-10.88;-10.70;-10.55;-10.43;-10.27;-10.13;-9.93;-9.70;-9.47;-9.24;-9.03;-8.82;-8.62;-8.37;-8.07;-7.70;-7.19;-6.39;-5.44;-4.40;-3.33;-2.45;-1.73;-1.22;-1.20;-1.55;-2.06;-2.28;-1.66;
Segment 18;0.00;0.47;1.24;1.26;0.93;0.01;-0.83;-1.76;-2.68;-3.68;-4.71;-5.79;-6.92;-8.00;-9.09;-10.15;-11.12;-12.09;-12.95;-13.73;-14.43;-15.05;-15.61;-16.13;-16.58;-16.94;-17.23;-17.50;-17.81;-18.34;-18.85;-19.13;-18.97;-18.20;-17.10;-15.94;-14.94;-14.10;-13.48;-12.78;-12.20;-11.10;-9.89;-8.54;-6.47;-5.53;-4.10;-3.00;-2.33;-1.55;-1.21;-1.04;-1.20;-1.51;-2.01;-2.54;-3.03;-3.26;-3.40;-3.48;-3.51;-3.50;-3.45;-3.38;-3.29;-3.21;-3.11;-3.02;-2.94;-2.93;-2.94;-2.96;-3.00;-2.94;-2.89;-2.82;-2.72;-2.35;-1.88;-1.26;-0.39;0.33;1.19;2.01;2.57;2.93;2.81;2.40;1.33;

----------------------------------------------------------


Curves
==========================================================
Longitudinal Strain Rate
Unit [1/s]
Time [ms];0.00;9.39;18.77;28.16;37.55;46.93;56.32;65.71;75.09;84.48;93.87;103.26;112.64;122.03;131.42;140.80;150.19;159.58;168.96;178.35;187.74;197.12;206.51;215.90;225.28;234.67;244.06;253.45;262.83;272.22;281.61;290.99;300.38;309.77;319.15;328.54;337.93;347.31;356.70;366.09;375.47;384.86;394.25;403.64;413.02;422.41;431.80;441.18;450.57;459.96;469.34;478.73;488.12;497.50;506.89;516.28;525.66;535.05;544.44;553.82;563.21;572.60;581.99;591.37;600.76;610.15;619.53;628.92;638.31;647.69;657.08;666.47;675.85;685.24;694.63;704.01;713.40;722.79;732.18;741.56;750.95;760.34;769.72;779.11;788.50;797.88;807.27;816.66;826.04;
Segment 1;0.14;0.35;1.64;2.58;1.69;0.73;0.23;-0.07;-0.01;0.04;-0.01;0.01;0.10;0.14;0.11;0.12;0.17;0.19;0.20;0.05;-0.23;-0.30;-0.27;-0.21;-0.13;-0.10;-0.11;-0.25;-0.42;-0.46;-0.44;-0.35;-0.26;-0.25;-0.23;-0.17;-0.13;-0.09;-0.09;-0.15;-0.17;-0.15;-0.14;-0.15;-0.15;-0.13;-0.14;-0.18;-0.20;-0.22;-0.19;-0.14;-0.14;-0.16;-0.18;-0.20;-0.21;-0.23;-0.28;-0.33;-0.35;-0.35;-0.32;-0.26;-0.20;-0.11;0.04;0.17;0.27;0.30;0.22;0.18;0.20;0.23;0.29;0.32;0.31;0.24;0.10;0.05;0.05;-0.13;-0.39;-0.36;-0.17;0.39;0.92;0.04;-1.06;
Segment 2;1.07;0.83;-0.41;-1.55;-0.91;-0.10;-0.14;-0.24;-0.86;-1.37;-1.16;-0.90;0.11;1.05;1.18;1.13;0.21;-0.74;-1.03;-1.13;-0.77;-0.33;-0.21;-0.05;-0.21;-0.37;-0.26;-0.16;-0.00;0.11;0.20;0.15;0.05;-0.09;-0.25;-0.39;-0.44;-0.46;-0.52;-0.35;-0.18;0.20;0.69;1.40;1.77;1.97;2.29;1.83;1.14;0.35;-0.31;-0.46;-0.35;-0.12;0.06;0.04;-0.01;-0.10;-0.17;-0.15;-0.08;0.01;0.03;0.02;-0.02;-0.05;-0.08;-0.07;-0.03;0.00;-0.01;-0.08;-0.18;-0.23;-0.20;-0.01;0.07;0.13;0.32;0.37;0.47;0.46;0.28;-0.01;-0.39;-0.68;-0.69;-0.42;0.43;
Segment 3;1.65;1.90;0.27;-2.24;-2.10;-1.15;-0.69;-0.40;-0.33;-0.30;-0.43;-0.32;-0.43;-0.53;-0.43;-0.51;-0.48;-0.47;-0.47;-0.39;-0.30;-0.22;-0.17;-0.21;-0.27;-0.36;-0.36;-0.39;-0.38;-0.29;-0.17;-0.11;0.28;0.66;0.67;0.65;0.27;-0.03;0.01;0.30;0.76;1.30;1.30;1.21;0.80;0.37;0.37;0.40;0.46;0.38;0.51;0.39;0.13;-0.12;-0.28;-0.30;-0.21;-0.05;0.01;0.08;0.08;0.04;0.08;-0.01;-0.02;-0.06;-0.10;-0.11;-0.10;-0.05;-0.07;-0.01;-0.04;0.05;0.13;0.45;0.74;0.95;1.25;1.04;0.86;0.53;0.23;0.11;0.04;-0.07;-0.38;-0.88;-1.88;
Segment 4;1.15;0.97;0.02;-0.73;-0.24;0.22;0.10;0.02;0.15;0.12;-0.17;-0.36;-0.38;-0.45;-0.60;-0.54;-0.25;-0.15;-0.18;-0.12;-0.01;-0.02;-0.10;-0.12;-0.12;-0.14;-0.15;-0.07;0.01;0.01;-0.04;-0.11;-0.18;-0.18;-0.15;-0.10;-0.04;0.02;0.07;0.09;0.10;0.08;0.07;0.08;0.07;0.07;0.03;-0.04;-0.06;-0.04;-0.03;-0.03;-0.04;-0.07;-0.09;-0.10;-0.11;-0.11;-0.17;-0.21;-0.11;0.00;-0.03;-0.02;0.19;0.40;0.57;0.70;0.84;0.82;0.56;0.36;0.24;0.22;0.32;0.27;0.08;0.07;0.20;0.13;-0.06;-0.02;0.14;-0.00;-0.24;-0.16;-0.03;-0.37;-0.77;
Segment 5;1.37;1.47;1.08;0.19;0.04;-0.03;-0.33;-0.10;0.14;0.36;0.69;0.44;0.23;-0.00;-0.32;-0.18;-0.31;-0.32;-0.15;-0.12;-0.04;-0.02;-0.09;-0.27;-0.58;-0.85;-0.96;-0.86;-0.69;-0.53;-0.50;-0.66;-1.03;-1.34;-1.03;-0.57;0.65;1.84;1.89;1.60;0.36;-0.84;-1.16;-1.11;-0.94;-0.72;-0.18;0.13;0.24;0.29;0.17;0.13;0.17;0.24;0.19;0.12;-0.10;-0.31;-0.35;-0.30;-0.06;0.13;0.27;0.16;0.10;0.03;-0.09;-0.00;0.10;0.22;0.24;0.13;-0.16;-0.39;-0.43;-0.19;0.15;0.46;0.68;0.52;0.26;-0.02;-0.17;-0.02;0.26;0.61;0.76;0.71;0.35;
Segment 6;0.54;0.78;0.16;-0.91;-0.79;-0.37;-0.25;-0.21;-0.20;-0.25;-0.38;-0.49;-0.68;-0.89;-0.90;-0.97;-0.91;-0.82;-0.85;-0.78;-0.81;-0.81;-0.73;-0.68;-0.56;-0.43;-0.35;-0.21;-0.10;-0.03;-0.08;-0.25;-0.68;-1.08;-1.10;-0.96;-0.44;0.21;0.59;1.14;1.28;1.28;1.81;1.70;2.22;2.65;2.18;2.18;1.27;0.48;0.32;-0.05;-0.28;-0.49;-0.54;-0.39;-0.27;-0.14;0.02;0.06;0.01;-0.07;-0.05;-0.07;0.01;0.07;0.06;0.02;-0.08;-0.16;-0.21;-0.18;-0.08;-0.03;-0.08;-0.25;-0.78;-1.20;-1.07;-0.69;0.23;1.14;1.47;1.54;1.36;1.01;0.55;0.08;-0.57;
Segment 7;-0.49;-0.22;1.33;2.53;1.73;0.87;0.56;0.40;0.55;0.64;0.57;0.43;0.16;-0.03;-0.15;-0.19;-0.15;-0.15;-0.17;-0.18;-0.18;-0.20;-0.22;-0.22;-0.21;-0.21;-0.20;-0.16;-0.12;-0.11;-0.12;-0.16;-0.20;-0.22;-0.22;-0.18;-0.14;-0.13;-0.14;-0.14;-0.15;-0.14;-0.13;-0.12;-0.11;-0.10;-0.10;-0.10;-0.11;-0.11;-0.11;-0.11;-0.11;-0.11;-0.11;-0.11;-0.11;-0.12;-0.12;-0.13;-0.13;-0.13;-0.11;-0.08;-0.04;0.01;0.05;0.11;0.17;0.23;0.31;0.36;0.37;0.36;0.30;0.24;0.19;0.12;0.03;-0.06;-0.15;-0.27;-0.39;-0.39;-0.34;0.08;0.43;-0.67;-1.97;
Segment 8;-2.90;-2.33;0.04;1.95;0.84;-0.71;-1.27;-1.60;-1.54;-1.32;-1.19;-0.83;-0.37;0.07;0.29;0.20;-0.14;-0.57;-0.77;-0.82;-0.77;-0.68;-0.53;-0.41;-0.34;-0.27;-0.20;-0.05;0.05;0.17;0.32;0.42;0.58;0.69;0.63;0.50;0.51;0.58;0.57;0.73;0.58;0.50;0.78;1.00;1.29;1.46;1.48;1.37;0.85;0.27;0.05;-0.17;-0.40;-0.54;-0.58;-0.51;-0.24;0.05;0.12;0.14;0.07;-0.01;-0.01;-0.00;0.07;0.15;0.16;0.16;0.13;0.08;0.02;-0.05;-0.04;0.01;0.11;0.31;0.47;0.64;0.83;0.88;0.80;0.65;0.45;0.31;0.24;0.13;-0.16;-0.68;-2.35;
Segment 9;0.51;0.54;0.36;-0.18;-0.61;-0.71;-0.68;-0.62;-0.72;-0.84;-0.83;-0.84;-0.90;-0.97;-0.97;-0.95;-0.92;-0.87;-0.83;-0.76;-0.71;-0.66;-0.61;-0.54;-0.45;-0.34;-0.17;0.01;0.45;0.77;0.67;0.57;-0.19;-0.91;-0.94;-0.85;-0.11;0.75;1.00;1.30;0.96;0.54;0.69;0.52;0.26;-0.14;-0.28;-0.31;0.02;0.39;0.31;0.28;0.14;0.02;-0.01;-0.04;0.10;0.23;0.27;0.22;0.07;-0.05;-0.15;-0.07;0.02;0.14;0.23;0.25;0.25;0.22;0.21;0.18;0.18;0.20;0.30;0.42;0.46;0.54;0.63;0.82;0.99;1.11;1.11;0.93;0.71;0.40;0.09;-0.27;-0.65;
Segment 10;1.55;1.57;1.83;1.89;1.22;0.58;0.23;0.04;0.10;0.13;0.07;0.03;-0.00;-0.04;-0.08;-0.13;-0.18;-0.21;-0.23;-0.22;-0.19;-0.19;-0.20;-0.19;-0.19;-0.18;-0.17;-0.12;-0.07;-0.06;-0.08;-0.12;-0.16;-0.17;-0.18;-0.18;-0.17;-0.17;-0.16;-0.16;-0.16;-0.17;-0.18;-0.16;-0.16;-0.15;-0.15;-0.15;-0.15;-0.14;-0.15;-0.16;-0.17;-0.17;-0.16;-0.14;-0.14;-0.14;-0.17;-0.20;-0.19;-0.16;-0.12;-0.08;-0.03;0.01;0.04;0.07;0.10;0.13;0.16;0.18;0.18;0.20;0.25;0.25;0.19;0.13;0.06;-0.01;-0.08;-0.15;-0.21;-0.22;-0.19;0.14;0.44;-0.30;-1.18;
Segment 11;-1.02;-1.36;-0.87;0.23;0.12;-0.31;-0.55;-0.87;-0.99;-1.01;-1.06;-0.79;-0.89;-1.02;-0.81;-0.76;-0.78;-0.86;-0.78;-0.75;-0.58;-0.38;-0.37;-0.27;-0.39;-0.51;-0.41;-0.36;-0.18;-0.02;-0.02;-0.05;-0.23;-0.30;-0.08;0.36;1.07;1.66;1.91;1.54;1.00;0.57;0.21;0.47;0.41;0.45;0.77;0.73;0.52;0.13;-0.10;-0.17;-0.05;0.13;0.24;0.28;0.35;0.38;0.34;0.26;0.07;-0.09;-0.17;-0.10;0.00;0.13;0.21;0.19;0.15;0.08;0.04;0.03;0.02;0.04;0.14;0.24;0.40;0.55;0.62;0.63;0.58;0.47;0.32;0.10;-0.26;-0.50;-0.42;0.04;1.01;
Segment 12;1.37;1.52;0.05;-1.98;-1.68;-0.88;-0.59;-0.50;-0.63;-0.79;-0.95;-1.00;-0.96;-0.87;-0.85;-0.82;-0.79;-0.77;-0.71;-0.68;-0.66;-0.66;-0.64;-0.59;-0.68;-0.74;-0.62;-0.43;-0.14;0.13;0.27;0.26;0.20;0.10;0.00;0.01;-0.14;-0.17;0.09;0.82;1.11;1.61;2.27;2.66;2.23;1.53;1.41;0.77;0.62;0.31;0.04;0.06;0.12;0.29;0.36;0.34;0.20;0.07;-0.00;-0.00;0.03;0.08;0.08;0.10;0.07;0.04;0.04;0.03;0.08;0.10;0.11;0.10;0.06;0.03;-0.03;-0.06;-0.15;-0.13;-0.01;0.23;0.46;0.63;0.72;0.63;0.41;0.07;-0.33;-0.77;-1.16;
Segment 13;-0.68;-0.47;0.62;1.56;1.34;1.06;1.09;1.06;0.96;0.83;0.67;0.48;0.25;0.05;-0.13;-0.24;-0.29;-0.32;-0.32;-0.30;-0.27;-0.23;-0.20;-0.16;-0.12;-0.10;-0.09;-0.11;-0.15;-0.17;-0.17;-0.15;-0.12;-0.13;-0.14;-0.14;-0.15;-0.15;-0.15;-0.15;-0.15;-0.14;-0.13;-0.12;-0.11;-0.11;-0.10;-0.10;-0.10;-0.11;-0.12;-0.15;-0.16;-0.16;-0.15;-0.14;-0.13;-0.13;-0.13;-0.12;-0.13;-0.13;-0.11;-0.08;-0.05;0.00;0.09;0.16;0.20;0.23;0.28;0.30;0.29;0.24;0.12;0.06;0.03;0.00;-0.02;-0.07;-0.14;-0.25;-0.35;-0.32;-0.23;0.14;0.45;-0.42;-1.45;
Segment 14;-1.27;-1.07;-0.45;0.22;-0.31;-1.34;-1.75;-1.96;-1.59;-1.13;-1.08;-1.07;-1.49;-1.92;-1.88;-1.94;-1.63;-1.31;-1.32;-1.18;-1.14;-1.08;-0.95;-0.90;-0.79;-0.67;-0.55;-0.37;-0.20;-0.02;0.20;0.40;0.59;0.75;0.83;0.90;0.74;0.65;0.76;0.85;1.31;1.72;1.79;1.83;1.57;1.27;1.17;1.01;0.77;0.55;0.26;0.04;-0.01;0.01;0.05;0.11;0.01;-0.11;-0.07;-0.05;0.06;0.16;0.17;0.19;0.17;0.14;0.18;0.20;0.20;0.19;0.14;0.09;0.00;-0.04;0.05;0.20;0.67;1.14;1.26;1.28;0.96;0.60;0.46;0.41;0.63;0.82;0.79;0.52;0.07;
Segment 15;0.71;0.79;-0.07;-1.28;-1.61;-1.63;-1.62;-1.51;-1.32;-1.13;-0.98;-1.04;-1.07;-1.12;-1.15;-1.02;-0.81;-0.58;-0.45;-0.41;-0.48;-0.57;-0.57;-0.56;-0.52;-0.46;-0.34;-0.19;0.05;0.09;0.03;0.08;0.07;0.06;0.13;0.22;0.39;0.56;0.66;0.73;1.09;1.44;1.59;1.89;1.69;1.41;1.42;1.19;0.82;0.49;0.16;-0.13;-0.21;-0.25;-0.30;-0.25;-0.12;0.02;0.11;0.13;0.07;-0.01;-0.02;-0.01;0.02;0.05;0.09;0.11;0.10;0.08;0.05;-0.01;-0.06;-0.08;-0.02;0.10;0.50;0.92;1.08;1.27;1.05;0.79;0.76;0.60;0.47;0.29;-0.06;-0.44;-0.93;
Segment 16;-0.01;0.09;0.60;1.05;0.98;0.85;0.83;0.78;0.70;0.61;0.53;0.39;0.17;-0.01;-0.16;-0.27;-0.33;-0.36;-0.36;-0.31;-0.22;-0.15;-0.09;-0.07;-0.06;-0.04;-0.01;-0.02;-0.04;-0.05;-0.07;-0.09;-0.12;-0.14;-0.15;-0.16;-0.16;-0.17;-0.17;-0.20;-0.21;-0.20;-0.20;-0.20;-0.19;-0.18;-0.17;-0.17;-0.17;-0.17;-0.17;-0.18;-0.18;-0.18;-0.18;-0.18;-0.17;-0.14;-0.09;-0.04;-0.02;-0.01;-0.02;-0.02;0.02;0.07;0.16;0.23;0.29;0.34;0.37;0.39;0.39;0.34;0.22;0.14;0.09;0.06;0.03;-0.01;-0.07;-0.18;-0.31;-0.27;-0.16;0.10;0.28;-0.50;-1.41;
Segment 17;-0.35;-0.86;-0.88;-0.19;-0.38;-0.85;-1.04;-1.31;-1.64;-1.92;-2.04;-2.00;-2.09;-2.15;-2.02;-1.94;-1.80;-1.66;-1.62;-1.49;-1.37;-1.26;-1.13;-1.02;-0.84;-0.65;-0.49;-0.31;-0.17;-0.04;0.09;0.18;0.18;0.20;0.37;0.68;0.91;1.09;1.31;1.20;1.29;1.37;1.30;1.65;2.06;2.44;2.55;2.03;1.20;0.32;-0.35;-0.52;-0.27;0.13;0.40;0.55;0.46;0.31;0.29;0.24;0.20;0.18;0.14;0.15;0.16;0.18;0.23;0.25;0.25;0.24;0.22;0.21;0.24;0.29;0.35;0.45;0.70;0.95;1.07;1.14;1.05;0.85;0.68;0.29;-0.19;-0.50;-0.45;0.16;1.27;
Segment 18;0.44;0.72;0.47;-0.18;-0.69;-0.98;-0.93;-0.98;-1.02;-1.09;-1.12;-1.18;-1.18;-1.16;-1.16;-1.07;-1.03;-0.98;-0.87;-0.79;-0.70;-0.62;-0.57;-0.52;-0.43;-0.34;-0.29;-0.29;-0.45;-0.58;-0.45;-0.09;0.50;1.03;1.24;1.16;0.99;0.76;0.70;0.65;0.88;1.27;1.30;1.92;1.62;1.19;1.43;0.90;0.78;0.62;0.26;0.01;-0.26;-0.43;-0.57;-0.56;-0.39;-0.18;-0.12;-0.06;-0.01;0.04;0.06;0.08;0.09;0.10;0.10;0.10;0.05;-0.00;-0.01;-0.04;0.01;0.07;0.06;0.07;0.25;0.46;0.56;0.82;0.85;0.83;0.92;0.75;0.50;0.13;-0.27;-0.78;-1.32;

----------------------------------------------------------


Curves
==========================================================
Global Strain A2C
Unit [%]
Time [ms];0.00;9.39;18.77;28.16;37.55;46.93;56.32;65.71;75.09;84.48;93.87;103.26;112.64;122.03;131.42;140.80;150.19;159.58;168.96;178.35;187.74;197.12;206.51;215.90;225.28;234.67;244.06;253.45;262.83;272.22;281.61;290.99;300.38;309.77;319.15;328.54;337.93;347.31;356.70;366.09;375.47;384.86;394.25;403.64;413.02;422.41;431.80;441.18;450.57;459.96;469.34;478.73;488.12;497.50;506.89;516.28;525.66;535.05;544.44;553.82;563.21;572.60;581.99;591.37;600.76;610.15;619.53;628.92;638.31;647.69;657.08;666.47;675.85;685.24;694.63;704.01;713.40;722.79;732.18;741.56;750.95;760.34;769.72;779.11;788.50;797.88;807.27;816.66;826.04;
Total;0.00;0.25;0.78;2.08;3.39;4.20;4.79;5.18;5.54;5.95;6.26;6.47;6.58;6.58;6.48;6.28;6.11;5.96;5.80;5.64;5.47;5.29;5.12;4.96;4.82;4.70;4.59;4.47;4.35;4.22;4.08;3.93;3.77;3.61;3.44;3.28;3.15;3.03;2.93;2.83;2.71;2.59;2.48;2.38;2.27;2.17;2.08;1.98;1.85;1.73;1.61;1.49;1.37;1.24;1.11;0.97;0.84;0.70;0.56;0.40;0.24;0.11;-0.01;-0.11;-0.17;-0.15;-0.05;0.15;0.40;0.72;1.03;1.31;1.58;1.84;2.08;2.30;2.47;2.59;2.67;2.71;2.68;2.57;2.36;2.10;1.88;1.75;2.09;2.30;1.35;

----------------------------------------------------------


Curves
==========================================================
Global Strain Rate A2C
Unit [1/s]
Time [ms];0.00;9.39;18.77;28.16;37.55;46.93;56.32;65.71;75.09;84.48;93.87;103.26;112.64;122.03;131.42;140.80;150.19;159.58;168.96;178.35;187.74;197.12;206.51;215.90;225.28;234.67;244.06;253.45;262.83;272.22;281.61;290.99;300.38;309.77;319.15;328.54;337.93;347.31;356.70;366.09;375.47;384.86;394.25;403.64;413.02;422.41;431.80;441.18;450.57;459.96;469.34;478.73;488.12;497.50;506.89;516.28;525.66;535.05;544.44;553.82;563.21;572.60;581.99;591.37;600.76;610.15;619.53;628.92;638.31;647.69;657.08;666.47;675.85;685.24;694.63;704.01;713.40;722.79;732.18;741.56;750.95;760.34;769.72;779.11;788.50;797.88;807.27;816.66;826.04;
Total;0.23;0.36;0.99;1.49;1.14;0.72;0.51;0.38;0.41;0.40;0.28;0.17;0.05;-0.05;-0.16;-0.20;-0.17;-0.16;-0.17;-0.18;-0.18;-0.18;-0.18;-0.16;-0.14;-0.13;-0.12;-0.12;-0.13;-0.14;-0.16;-0.17;-0.17;-0.18;-0.18;-0.15;-0.13;-0.11;-0.11;-0.12;-0.13;-0.12;-0.12;-0.11;-0.11;-0.10;-0.10;-0.12;-0.13;-0.13;-0.13;-0.13;-0.13;-0.14;-0.14;-0.14;-0.14;-0.14;-0.16;-0.17;-0.16;-0.13;-0.12;-0.09;-0.02;0.06;0.16;0.24;0.31;0.34;0.32;0.29;0.28;0.26;0.25;0.21;0.15;0.10;0.07;0.00;-0.08;-0.17;-0.26;-0.26;-0.22;0.12;0.42;-0.37;-1.31;

----------------------------------------------------------


Curves
==========================================================
Global Strain A3C
Unit [%]
Time [ms];0.00;9.39;18.77;28.16;37.55;46.93;56.32;65.71;75.09;84.48;93.87;103.26;112.64;122.03;131.42;140.80;150.19;159.58;168.96;178.35;187.74;197.12;206.51;215.90;225.28;234.67;244.06;253.45;262.83;272.22;281.61;290.99;300.38;309.77;319.15;328.54;337.93;347.31;356.70;366.09;375.47;384.86;394.25;403.64;413.02;422.41;431.80;441.18;450.57;459.96;469.34;478.73;488.12;497.50;506.89;516.28;525.66;535.05;544.44;553.82;563.21;572.60;581.99;591.37;600.76;610.15;619.53;628.92;638.31;647.69;657.08;666.47;675.85;685.24;694.63;704.01;713.40;722.79;732.18;741.56;750.95;760.34;769.72;779.11;788.50;797.88;807.27;816.66;826.04;
Total;0.00;-0.42;-0.90;-0.89;-0.82;-1.16;-1.82;-2.68;-3.65;-4.62;-5.54;-6.37;-7.12;-7.84;-8.50;-9.12;-9.76;-10.60;-11.48;-12.35;-13.15;-13.80;-14.34;-14.84;-15.31;-15.86;-16.37;-16.80;-17.08;-17.23;-17.25;-17.22;-17.21;-17.28;-17.33;-17.21;-16.84;-16.04;-15.04;-14.01;-13.18;-12.57;-12.06;-11.48;-10.55;-9.68;-8.49;-7.29;-6.36;-5.85;-5.76;-5.90;-6.07;-6.14;-6.07;-5.97;-5.84;-5.78;-5.74;-5.72;-5.69;-5.63;-5.56;-5.49;-5.41;-5.33;-5.23;-5.13;-5.00;-4.87;-4.74;-4.65;-4.62;-4.66;-4.69;-4.63;-4.35;-3.85;-3.16;-2.39;-1.69;-1.13;-0.76;-0.51;-0.43;-0.44;-0.46;-0.46;-0.26;

----------------------------------------------------------


Curves
==========================================================
Global Strain Rate A3C
Unit [1/s]
Time [ms];0.00;9.39;18.77;28.16;37.55;46.93;56.32;65.71;75.09;84.48;93.87;103.26;112.64;122.03;131.42;140.80;150.19;159.58;168.96;178.35;187.74;197.12;206.51;215.90;225.28;234.67;244.06;253.45;262.83;272.22;281.61;290.99;300.38;309.77;319.15;328.54;337.93;347.31;356.70;366.09;375.47;384.86;394.25;403.64;413.02;422.41;431.80;441.18;450.57;459.96;469.34;478.73;488.12;497.50;506.89;516.28;525.66;535.05;544.44;553.82;563.21;572.60;581.99;591.37;600.76;610.15;619.53;628.92;638.31;647.69;657.08;666.47;675.85;685.24;694.63;704.01;713.40;722.79;732.18;741.56;750.95;760.34;769.72;779.11;788.50;797.88;807.27;816.66;826.04;
Total;-0.43;-0.52;-0.26;0.11;-0.12;-0.55;-0.83;-0.99;-1.04;-1.01;-0.94;-0.83;-0.78;-0.74;-0.68;-0.65;-0.79;-0.93;-0.94;-0.90;-0.77;-0.62;-0.55;-0.50;-0.55;-0.58;-0.51;-0.38;-0.23;-0.08;0.02;0.03;-0.04;-0.08;0.03;0.24;0.62;0.99;1.11;1.00;0.76;0.58;0.54;0.82;0.96;1.09;1.32;1.16;0.78;0.31;-0.05;-0.19;-0.13;0.00;0.10;0.13;0.10;0.04;0.03;0.02;0.05;0.07;0.07;0.08;0.08;0.10;0.11;0.12;0.14;0.14;0.12;0.07;-0.01;-0.05;0.01;0.17;0.41;0.65;0.80;0.80;0.68;0.49;0.33;0.17;0.03;-0.03;-0.03;0.11;0.26;

----------------------------------------------------------


Curves
==========================================================
Global Strain A4C
Unit [%]
Time [ms];0.00;9.39;18.77;28.16;37.55;46.93;56.32;65.71;75.09;84.48;93.87;103.26;112.64;122.03;131.42;140.80;150.19;159.58;168.96;178.35;187.74;197.12;206.51;215.90;225.28;234.67;244.06;253.45;262.83;272.22;281.61;290.99;300.38;309.77;319.15;328.54;337.93;347.31;356.70;366.09;375.47;384.86;394.25;403.64;413.02;422.41;431.80;441.18;450.57;459.96;469.34;478.73;488.12;497.50;506.89;516.28;525.66;535.05;544.44;553.82;563.21;572.60;581.99;591.37;600.76;610.15;619.53;628.92;638.31;647.69;657.08;666.47;675.85;685.24;694.63;704.01;713.40;722.79;732.18;741.56;750.95;760.34;769.72;779.11;788.50;797.88;807.27;816.66;826.04;
Total;0.00;0.84;1.74;1.13;-0.11;-1.11;-1.92;-2.61;-3.26;-3.94;-4.64;-5.41;-6.19;-7.05;-7.91;-8.77;-9.59;-10.32;-11.01;-11.64;-12.21;-12.79;-13.33;-13.83;-14.31;-14.75;-15.13;-15.42;-15.60;-15.62;-15.62;-15.57;-15.51;-15.52;-15.53;-15.50;-15.43;-15.17;-14.77;-14.18;-13.25;-12.27;-10.91;-9.47;-7.85;-6.70;-5.56;-4.64;-3.91;-3.38;-3.06;-2.88;-2.88;-2.99;-3.20;-3.40;-3.57;-3.62;-3.60;-3.54;-3.48;-3.46;-3.46;-3.46;-3.44;-3.39;-3.33;-3.27;-3.21;-3.17;-3.16;-3.15;-3.15;-3.12;-3.08;-3.01;-2.87;-2.70;-2.40;-1.96;-1.33;-0.60;0.23;1.02;1.66;2.11;2.22;1.97;1.24;

----------------------------------------------------------


Curves
==========================================================
Global Strain Rate A4C
Unit [1/s]
Time [ms];0.00;9.39;18.77;28.16;37.55;46.93;56.32;65.71;75.09;84.48;93.87;103.26;112.64;122.03;131.42;140.80;150.19;159.58;168.96;178.35;187.74;197.12;206.51;215.90;225.28;234.67;244.06;253.45;262.83;272.22;281.61;290.99;300.38;309.77;319.15;328.54;337.93;347.31;356.70;366.09;375.47;384.86;394.25;403.64;413.02;422.41;431.80;441.18;450.57;459.96;469.34;478.73;488.12;497.50;506.89;516.28;525.66;535.05;544.44;553.82;563.21;572.60;581.99;591.37;600.76;610.15;619.53;628.92;638.31;647.69;657.08;666.47;675.85;685.24;694.63;704.01;713.40;722.79;732.18;741.56;750.95;760.34;769.72;779.11;788.50;797.88;807.27;816.66;826.04;
Total;0.86;1.04;0.21;-1.11;-1.24;-0.95;-0.79;-0.70;-0.70;-0.74;-0.79;-0.82;-0.88;-0.93;-0.91;-0.90;-0.83;-0.75;-0.70;-0.64;-0.62;-0.60;-0.55;-0.52;-0.49;-0.44;-0.36;-0.25;-0.11;-0.00;0.03;0.07;0.03;-0.02;0.01;0.04;0.17;0.35;0.51;0.83;1.01;1.24;1.50;1.67;1.49;1.20;1.12;0.88;0.67;0.45;0.27;0.09;-0.07;-0.17;-0.23;-0.21;-0.12;-0.01;0.05;0.07;0.04;0.01;0.00;0.01;0.03;0.06;0.07;0.07;0.05;0.03;0.01;0.00;0.01;0.04;0.06;0.11;0.16;0.24;0.39;0.57;0.74;0.84;0.88;0.77;0.59;0.31;-0.06;-0.51;-1.08;

----------------------------------------------------------


