PatientInformation
==========================================================
PatientID;6665296
Name;???,Huang Shi Tian,
Date of Birth;
Sex;
Version;AutoStrainCap2 2.1.0.491925

Results
==========================================================
Global
----------------------------------------------------------
RVFWSL;-23.05;%
RV4CSL;-19.69;%
ED;0.00;ms
ES;354.17;ms

Curves
==========================================================
Longitudinal Strain
Unit [%]
Time [ms];0.00;12.30;24.60;36.89;49.19;61.49;73.79;86.08;98.38;110.68;122.98;135.27;147.57;159.87;172.17;184.46;196.76;209.06;221.36;233.65;245.95;258.25;270.55;282.84;295.14;307.44;319.74;332.04;344.33;356.63;368.93;381.23;393.52;405.82;418.12;430.42;442.71;455.01;467.31;479.61;491.90;504.20;516.50;528.80;541.09;553.39;565.69;577.99;590.28;602.58;614.88;627.18;639.48;651.77;664.07;676.37;688.67;700.96;713.26;725.56;737.86;750.15;762.45;774.75;787.05;799.34;811.64;823.94;836.24;848.53;860.83;873.13;885.43;897.72;910.02;922.32;934.62;946.92;959.21;971.51;
Basal;0.00;0.27;-0.31;-1.58;-3.65;-4.94;-5.69;-6.24;-6.91;-7.84;-9.06;-10.30;-11.52;-12.36;-13.10;-13.77;-14.40;-15.48;-16.52;-17.58;-18.55;-19.42;-20.16;-20.74;-21.13;-21.19;-21.10;-20.98;-20.93;-21.18;-21.45;-21.69;-21.66;-21.50;-20.98;-20.14;-19.00;-17.30;-15.40;-13.38;-11.48;-10.07;-8.95;-8.16;-7.76;-8.02;-8.50;-8.95;-9.18;-8.87;-8.37;-7.78;-7.32;-7.09;-7.08;-7.17;-7.28;-7.31;-7.30;-7.32;-7.37;-7.49;-7.58;-7.58;-7.36;-6.93;-6.26;-5.45;-4.57;-3.74;-2.91;-2.06;-1.25;-0.46;0.17;0.59;0.67;0.44;0.07;-0.15;
Mid;0.00;0.21;-0.25;-1.31;-3.15;-4.53;-5.59;-6.48;-7.43;-8.52;-9.77;-11.03;-12.19;-13.09;-13.85;-14.55;-15.26;-16.35;-17.47;-18.55;-19.52;-20.24;-20.81;-21.28;-21.66;-22.11;-22.50;-22.81;-23.05;-23.14;-23.12;-23.02;-22.73;-22.42;-21.86;-21.07;-19.98;-18.50;-16.75;-14.84;-12.93;-11.34;-9.95;-8.84;-8.15;-8.06;-8.27;-8.51;-8.63;-8.43;-8.10;-7.71;-7.43;-7.33;-7.40;-7.54;-7.70;-7.79;-7.83;-7.87;-7.93;-8.01;-8.06;-8.04;-7.84;-7.54;-7.04;-6.38;-5.55;-4.63;-3.59;-2.51;-1.45;-0.44;0.39;0.95;1.14;0.91;0.49;0.12;
Apical;0.00;-0.04;-0.67;-1.74;-3.65;-4.94;-5.88;-6.66;-7.58;-8.69;-10.06;-11.46;-12.78;-13.83;-14.72;-15.54;-16.34;-17.51;-18.67;-19.79;-20.83;-21.73;-22.51;-23.17;-23.67;-24.01;-24.20;-24.29;-24.31;-24.19;-23.98;-23.66;-23.13;-22.73;-22.12;-21.36;-20.46;-19.16;-17.68;-16.01;-14.22;-12.60;-11.02;-9.63;-8.60;-8.23;-8.16;-8.19;-8.15;-7.87;-7.50;-7.12;-6.89;-6.82;-6.96;-7.19;-7.43;-7.60;-7.73;-7.84;-7.94;-8.04;-8.11;-8.12;-7.99;-7.77;-7.37;-6.78;-5.96;-5.05;-3.96;-2.81;-1.72;-0.72;0.05;0.58;0.81;0.78;0.56;0.29;

----------------------------------------------------------


