PatientInformation
==========================================================
PatientID;No patientID
Name;,,
Date of Birth;
Sex;
Version;AutoStrainCap2 2.1.0.491925

Results
==========================================================
Global
----------------------------------------------------------
RVFWSL;-23.82;%
RV4CSL;-18.59;%
ED;0.00;ms
ES;260.47;ms

Curves
==========================================================
Longitudinal Strain
Unit [%]
Time [ms];0.00;21.35;42.70;64.05;85.40;106.75;128.10;149.45;170.80;192.15;213.50;234.85;256.20;277.55;298.91;320.26;341.61;362.96;384.31;405.66;427.01;448.36;469.71;491.06;512.41;533.76;555.11;576.46;597.81;
Basal;0.00;-2.08;-5.75;-8.60;-10.47;-12.60;-15.30;-17.92;-19.89;-21.16;-22.31;-23.15;-23.76;-23.52;-22.15;-20.02;-17.61;-13.75;-10.71;-8.87;-7.00;-5.46;-4.30;-3.12;-1.75;-1.16;-0.65;-0.16;0.11;
Mid;0.00;-2.60;-6.19;-8.88;-11.01;-13.76;-16.55;-19.17;-20.94;-22.02;-23.02;-23.76;-24.12;-23.33;-21.69;-19.32;-16.72;-12.57;-9.54;-7.52;-5.70;-4.28;-3.30;-2.23;-1.06;-0.66;-0.34;-0.01;0.09;
Apical;0.00;-1.86;-4.60;-6.09;-7.60;-10.37;-13.54;-16.55;-18.53;-20.05;-21.24;-21.96;-22.36;-22.37;-20.97;-19.19;-16.38;-12.40;-8.98;-6.49;-4.31;-2.86;-1.85;-0.81;0.25;0.50;0.70;0.83;0.68;

----------------------------------------------------------


