PatientInformation
==========================================================
PatientID;8016424
Name;???,Xin Qin Bei,
Date of Birth;
Sex;
Version;AutoStrainCap2 2.1.0.491925

Results
==========================================================
Global
----------------------------------------------------------
RVFWSL;-10.39;%
RV4CSL;-10.93;%
ED;0.00;ms
ES;255.82;ms

Curves
==========================================================
Longitudinal Strain
Unit [%]
Time [ms];0.00;12.24;24.48;36.72;48.96;61.20;73.44;85.68;97.92;110.16;122.40;134.64;146.88;159.12;171.36;183.60;195.84;208.08;220.32;232.56;244.80;257.04;269.28;281.52;293.76;306.00;318.24;330.48;342.72;354.96;367.20;379.44;391.68;403.92;416.16;428.40;440.64;452.88;465.12;477.36;489.60;501.84;514.08;526.32;538.56;550.80;563.04;575.28;587.52;599.76;612.00;624.24;636.48;648.72;660.96;673.20;685.44;697.68;709.92;722.16;734.40;746.64;758.88;771.12;783.36;
Basal;0.00;1.64;5.52;9.17;9.48;8.02;5.83;3.77;1.84;-0.11;-2.37;-4.61;-6.62;-8.12;-9.19;-9.84;-9.80;-9.59;-9.35;-9.89;-10.33;-10.58;-10.18;-9.56;-8.97;-8.75;-8.49;-7.60;-5.59;-2.83;0.21;3.02;5.98;9.37;13.39;17.75;21.99;25.34;27.25;26.86;23.30;18.51;14.51;13.33;13.68;14.34;14.28;13.68;12.91;12.32;11.84;11.39;10.88;10.39;10.03;9.87;9.84;9.81;9.68;9.67;10.01;10.87;11.13;9.55;5.00;
Mid;0.00;1.39;4.27;6.79;6.88;5.51;3.63;1.81;0.30;-1.02;-2.03;-2.87;-3.50;-4.29;-4.90;-5.53;-6.29;-7.23;-8.09;-9.32;-10.21;-10.84;-10.42;-9.72;-8.93;-8.13;-7.30;-6.12;-4.85;-3.22;-1.61;-0.50;0.73;2.55;5.58;9.25;13.17;17.34;20.21;20.51;16.82;11.63;7.28;5.76;5.93;6.45;6.05;5.19;4.38;4.20;4.31;4.42;4.30;4.07;3.89;3.82;3.85;3.96;4.09;4.43;5.13;6.29;6.97;6.19;3.27;
Apical;0.00;0.99;3.33;5.51;5.65;4.52;2.64;0.55;-1.55;-3.46;-5.23;-6.59;-7.47;-7.81;-7.87;-7.94;-8.15;-8.58;-8.99;-9.67;-10.06;-10.21;-9.93;-9.52;-9.29;-9.27;-9.36;-8.96;-7.83;-6.06;-4.12;-2.50;-0.65;1.91;5.65;9.93;14.04;16.77;18.07;17.22;13.66;8.96;4.93;3.31;3.05;3.07;2.85;2.29;1.88;1.93;2.27;2.58;2.61;2.48;2.37;2.35;2.45;2.65;2.91;3.39;4.24;5.52;6.36;5.80;3.13;

----------------------------------------------------------


