PatientInformation
==========================================================
PatientID;No patientID
Name;,,
Date of Birth;
Sex;
Version;AutoStrainCap2 2.1.0.491925

Results
==========================================================
Global
----------------------------------------------------------
LaSr_ED;3.41;%
LaScd_ED;-1.09;%
LaSct_ED;-2.31;%
LaSr_AC;3.33;%
LaScd_AC;-1.07;%
LaSct_AC;-2.26;%
ED;0.00;ms
ES;336.95;ms
PreA;375.62;ms

Curves
==========================================================
Longitudinal Strain
Unit [%]
Time [ms];0.00;9.21;18.41;27.62;36.83;46.03;55.24;64.44;73.65;82.86;92.06;101.27;110.48;119.68;128.89;138.10;147.30;156.51;165.72;174.92;184.13;193.33;202.54;211.75;220.95;230.16;239.37;248.57;257.78;266.99;276.19;285.40;294.60;303.81;313.02;322.22;331.43;340.64;349.84;359.05;368.26;377.46;386.67;395.88;405.08;
LAS_ED;0.00;0.32;0.27;0.22;0.24;0.13;0.03;0.04;0.09;0.20;0.31;0.42;0.50;0.56;0.63;0.86;1.12;1.31;1.44;1.40;1.36;1.47;1.62;1.74;1.81;1.84;1.87;1.94;1.99;1.99;1.98;2.05;2.24;2.58;2.95;3.22;3.38;3.40;3.32;3.24;2.91;2.13;1.04;-0.46;-1.23;
LAS_AC;-2.08;-1.77;-1.82;-1.87;-1.85;-1.96;-2.05;-2.05;-1.99;-1.89;-1.78;-1.67;-1.59;-1.54;-1.46;-1.24;-0.99;-0.80;-0.67;-0.71;-0.75;-0.64;-0.49;-0.38;-0.31;-0.28;-0.26;-0.18;-0.13;-0.14;-0.14;-0.08;0.11;0.44;0.80;1.07;1.23;1.24;1.16;1.09;0.77;0.00;-1.06;-2.53;-3.29;

----------------------------------------------------------


