PatientInformation
==========================================================
PatientID;No patientID
Name;,,
Date of Birth;
Sex;
Version;AutoStrainCap2 2.1.0.491925

Results
==========================================================
Global
----------------------------------------------------------
GLS(3P);-6.64;%
GLS(4Ch);-1.78;%
GLS(2Ch);-9.77;%
GLS(3Ch);-8.35;%
ED;0.00;ms
ES;281.11;ms

Results
==========================================================
Longitudinal Strain
T2P
Minimum
----------------------------------------------------------
Segment 0 [mean];384.81;ms
----------------------------------------------------------
Segment 1 [ant];280.18;ms
Segment 2 [ant/sept];484.29;ms
Segment 3 [inf/sept];605.83;ms
Segment 4 [inf];278.33;ms
Segment 5 [inf/lat];450.89;ms
Segment 6 [ant/lat];586.35;ms
----------------------------------------------------------
Segment 7 [ant];274.62;ms
Segment 8 [ant/sept];387.80;ms
Segment 9 [inf/sept];574.28;ms
Segment 10 [inf];261.63;ms
Segment 11 [inf/lat];362.75;ms
Segment 12 [ant/lat];441.61;ms
----------------------------------------------------------
Segment 13 [ant];204.11;ms
Segment 14 [ant/sept];342.34;ms
Segment 15 [inf/sept];423.99;ms
Segment 16 [inf];200.40;ms
Segment 17 [inf/lat];336.78;ms
Segment 18 [ant/lat];430.48;ms
----------------------------------------------------------


Results
==========================================================
Longitudinal Strain
End-systolic

----------------------------------------------------------
Segment 0 [mean];-5.49;%
----------------------------------------------------------
Segment 1 [ant];-9.18;%
Segment 2 [ant/sept];-3.58;%
Segment 3 [inf/sept];4.74;%
Segment 4 [inf];-12.88;%
Segment 5 [inf/lat];-3.57;%
Segment 6 [ant/lat];1.98;%
----------------------------------------------------------
Segment 7 [ant];-8.80;%
Segment 8 [ant/sept];-8.55;%
Segment 9 [inf/sept];1.77;%
Segment 10 [inf];-11.09;%
Segment 11 [inf/lat];-9.68;%
Segment 12 [ant/lat];-0.46;%
----------------------------------------------------------
Segment 13 [ant];-7.04;%
Segment 14 [ant/sept];-7.98;%
Segment 15 [inf/sept];-4.30;%
Segment 16 [inf];-9.05;%
Segment 17 [inf/lat];-8.44;%
Segment 18 [ant/lat];-2.67;%
----------------------------------------------------------


Results
==========================================================
Longitudinal Strain
Peak-systolic

----------------------------------------------------------
Segment 0 [mean];-6.56;%
----------------------------------------------------------
Segment 1 [ant];-9.20;%
Segment 2 [ant/sept];-3.58;%
Segment 3 [inf/sept];0.00;%
Segment 4 [inf];-12.93;%
Segment 5 [inf/lat];-3.57;%
Segment 6 [ant/lat];0.00;%
----------------------------------------------------------
Segment 7 [ant];-8.94;%
Segment 8 [ant/sept];-8.55;%
Segment 9 [inf/sept];0.00;%
Segment 10 [inf];-11.65;%
Segment 11 [inf/lat];-9.68;%
Segment 12 [ant/lat];-0.46;%
----------------------------------------------------------
Segment 13 [ant];-12.47;%
Segment 14 [ant/sept];-7.98;%
Segment 15 [inf/sept];-4.30;%
Segment 16 [inf];-13.60;%
Segment 17 [inf/lat];-8.44;%
Segment 18 [ant/lat];-2.67;%
----------------------------------------------------------


Curves
==========================================================
Longitudinal Strain
Unit [%]
Time [ms];0.00;9.28;18.56;27.83;37.11;46.39;55.67;64.94;74.22;83.50;92.78;102.05;111.33;120.61;129.89;139.16;148.44;157.72;167.00;176.27;185.55;194.83;204.11;213.39;222.66;231.94;241.22;250.50;259.77;269.05;278.33;287.61;296.88;306.16;315.44;324.72;333.99;343.27;352.55;361.83;371.10;380.38;389.66;398.94;408.21;417.49;426.77;436.05;445.33;454.60;463.88;473.16;482.44;491.71;500.99;510.27;519.55;528.82;538.10;547.38;556.66;565.93;575.21;584.49;593.77;603.04;612.32;
Total;0.00;0.39;0.54;0.56;0.55;0.48;0.39;0.21;-0.03;-0.31;-0.62;-0.94;-1.25;-1.53;-1.79;-2.06;-2.35;-2.68;-3.03;-3.36;-3.68;-3.94;-4.14;-4.29;-4.43;-4.60;-4.78;-4.95;-5.19;-5.37;-5.50;-5.47;-5.34;-5.08;-4.80;-4.47;-4.21;-3.98;-3.82;-3.65;-3.49;-3.31;-3.16;-3.07;-3.04;-3.01;-2.98;-2.95;-2.90;-2.80;-2.67;-2.49;-2.30;-2.05;-1.80;-1.59;-1.37;-1.12;-0.85;-0.62;-0.48;-0.37;-0.27;-0.22;-0.20;-0.19;-0.15;
Segment 1;0.00;0.80;1.35;1.72;1.69;1.43;1.12;0.79;0.49;0.14;-0.39;-0.93;-1.43;-1.71;-1.94;-2.22;-2.60;-3.00;-3.40;-3.58;-3.76;-3.73;-3.81;-3.74;-3.84;-3.96;-4.51;-4.97;-6.63;-7.83;-9.17;-8.71;-7.96;-6.30;-4.93;-3.20;-1.90;-1.01;-0.65;-0.31;-0.03;0.33;0.53;0.69;0.68;0.64;0.70;0.76;0.78;0.75;0.69;0.63;0.60;0.60;0.63;0.62;0.66;0.68;0.84;0.92;1.05;0.84;0.67;0.22;0.15;-0.04;-0.03;
Segment 2;0.00;0.44;0.87;1.31;1.80;2.28;2.67;2.86;2.83;2.70;2.48;2.23;1.93;1.61;1.27;0.92;0.58;0.25;-0.09;-0.43;-0.80;-1.20;-1.59;-1.96;-2.29;-2.58;-2.83;-3.05;-3.24;-3.40;-3.54;-3.64;-3.70;-3.68;-3.59;-3.43;-3.23;-3.00;-2.79;-2.62;-2.55;-2.59;-2.74;-2.96;-3.27;-3.69;-4.19;-4.77;-5.42;-6.11;-6.70;-7.18;-7.51;-7.40;-6.90;-6.08;-5.13;-4.11;-3.06;-2.17;-1.65;-1.29;-1.05;-0.91;-0.79;-0.66;-0.38;
Segment 3;0.00;0.85;1.68;2.30;2.66;2.91;3.19;3.44;3.68;3.91;4.12;4.34;4.58;4.79;4.95;5.06;5.11;5.03;4.87;4.75;4.68;4.65;4.69;4.79;4.88;4.93;4.96;4.95;4.89;4.82;4.76;4.71;4.69;4.76;4.88;4.95;4.94;4.90;4.87;4.84;4.82;4.80;4.79;4.77;4.71;4.65;4.59;4.55;4.52;4.53;4.57;4.59;4.59;4.54;4.33;3.95;3.51;3.13;2.77;2.36;1.85;1.30;0.83;0.42;0.10;-0.04;-0.03;
Segment 4;0.00;1.44;1.50;0.84;0.58;0.21;-0.27;-1.06;-1.99;-2.93;-3.79;-4.54;-5.17;-5.64;-6.02;-6.30;-6.59;-6.85;-7.17;-7.57;-7.94;-8.09;-7.96;-7.75;-7.66;-8.16;-8.91;-9.94;-11.21;-12.30;-12.93;-12.41;-11.43;-9.92;-8.68;-7.16;-6.02;-4.31;-3.06;-1.72;-1.10;-0.48;-0.20;0.08;0.11;0.19;-0.14;-0.34;-0.67;-0.62;-0.64;-0.49;-0.43;-0.33;-0.38;-0.55;-0.82;-1.02;-1.10;-1.12;-1.21;-1.48;-1.76;-1.98;-1.82;-1.48;-0.81;
Segment 5;0.00;0.05;0.20;0.49;0.60;0.62;0.69;0.71;0.67;0.57;0.40;0.17;-0.10;-0.35;-0.37;-0.31;-0.24;-0.32;-0.50;-0.73;-1.00;-1.29;-1.61;-1.99;-2.45;-2.89;-3.25;-3.36;-3.38;-3.39;-3.52;-3.73;-3.97;-4.18;-4.33;-4.50;-4.73;-5.14;-5.59;-6.02;-6.20;-6.26;-6.33;-6.51;-6.79;-7.05;-7.31;-7.59;-7.77;-7.79;-7.34;-6.83;-6.45;-5.87;-5.23;-4.85;-4.18;-3.13;-2.01;-1.22;-1.35;-1.43;-1.36;-1.12;-0.80;-0.44;-0.19;
Segment 6;0.00;1.25;2.46;3.28;3.61;3.77;4.01;4.27;4.51;4.74;4.95;5.10;5.18;5.22;5.24;5.24;5.19;5.09;4.93;4.71;4.38;4.03;3.74;3.50;3.25;2.94;2.59;2.34;2.22;2.14;2.03;1.88;1.76;1.71;1.70;1.65;1.50;1.32;1.17;1.03;0.89;0.78;0.67;0.53;0.31;0.07;-0.15;-0.37;-0.53;-0.56;-0.50;-0.45;-0.41;-0.40;-0.50;-0.77;-1.03;-1.10;-1.07;-1.07;-1.18;-1.32;-1.40;-1.47;-1.41;-1.10;-0.56;
Segment 7;0.00;-0.12;-0.02;-0.06;-0.39;-0.86;-1.42;-1.85;-2.30;-2.76;-3.27;-3.80;-4.35;-4.94;-5.52;-6.07;-6.61;-7.11;-7.60;-8.02;-8.37;-8.59;-8.65;-8.57;-8.41;-8.21;-8.05;-8.15;-8.43;-8.85;-8.89;-8.38;-7.34;-6.18;-5.09;-4.17;-3.27;-2.67;-2.08;-1.57;-0.85;-0.16;0.45;0.81;1.02;1.15;1.22;1.29;1.33;1.36;1.36;1.38;1.40;1.47;1.55;1.72;1.88;2.10;2.25;2.45;2.57;2.77;2.74;2.61;1.94;1.28;0.56;
Segment 8;0.00;0.22;0.48;0.78;1.01;1.19;1.33;1.42;1.45;1.36;1.12;0.68;0.17;-0.39;-0.88;-1.34;-1.81;-2.28;-2.74;-3.21;-3.67;-4.10;-4.55;-5.02;-5.54;-6.07;-6.60;-7.08;-7.54;-7.98;-8.42;-8.86;-9.27;-9.67;-10.06;-10.38;-10.62;-10.74;-10.79;-10.79;-10.82;-10.85;-10.86;-10.79;-10.65;-10.49;-10.30;-10.06;-9.78;-9.46;-9.15;-8.71;-8.10;-7.38;-6.55;-5.60;-4.73;-3.98;-3.29;-2.64;-1.96;-1.37;-0.89;-0.52;-0.24;-0.04;0.03;
Segment 9;0.00;0.43;0.85;1.19;1.41;1.61;1.88;2.19;2.48;2.73;2.96;3.20;3.50;3.76;3.85;3.81;3.73;3.70;3.66;3.58;3.48;3.36;3.20;3.02;2.82;2.60;2.37;2.19;2.09;2.00;1.83;1.59;1.34;1.10;0.85;0.60;0.34;0.08;-0.15;-0.36;-0.54;-0.69;-0.81;-0.91;-0.99;-1.03;-1.07;-1.11;-1.12;-1.07;-0.97;-0.89;-0.82;-0.77;-0.75;-0.75;-0.78;-0.85;-0.95;-1.06;-1.21;-1.35;-1.39;-1.33;-1.17;-0.87;-0.44;
Segment 10;0.00;0.46;0.47;0.16;-0.17;-0.62;-1.10;-1.81;-2.56;-3.41;-4.32;-5.26;-6.08;-6.77;-7.32;-7.83;-8.36;-8.87;-9.40;-9.88;-10.35;-10.67;-10.86;-10.93;-11.02;-11.10;-11.29;-11.45;-11.64;-11.57;-11.27;-10.54;-9.49;-8.02;-6.23;-4.35;-2.85;-1.98;-1.61;-1.34;-0.90;-0.38;0.08;0.31;0.45;0.56;0.70;0.88;1.03;1.16;1.26;1.35;1.41;1.47;1.54;1.66;1.80;1.90;1.97;2.00;2.04;2.07;2.07;1.89;1.52;0.98;0.49;
Segment 11;0.00;0.04;0.02;-0.07;-0.07;-0.02;-0.01;-0.09;-0.28;-0.54;-0.84;-1.18;-1.55;-1.95;-2.40;-2.86;-3.30;-3.76;-4.23;-4.68;-5.15;-5.64;-6.12;-6.58;-6.99;-7.40;-7.81;-8.27;-8.74;-9.19;-9.58;-9.92;-10.24;-10.57;-10.90;-11.21;-11.47;-11.60;-11.67;-11.71;-11.69;-11.65;-11.61;-11.61;-11.65;-11.62;-11.49;-11.22;-10.73;-10.00;-8.89;-7.63;-6.29;-5.11;-4.10;-3.27;-2.79;-2.67;-2.65;-2.62;-2.46;-2.23;-1.94;-1.59;-1.21;-0.79;-0.39;
Segment 12;0.00;-0.19;-0.36;-0.42;-0.33;-0.19;-0.04;0.13;0.30;0.46;0.61;0.78;0.99;1.19;1.27;1.28;1.21;1.05;0.83;0.65;0.51;0.41;0.34;0.31;0.27;0.20;0.12;0.02;-0.10;-0.24;-0.41;-0.60;-0.81;-1.00;-1.20;-1.41;-1.63;-1.85;-2.03;-2.17;-2.30;-2.42;-2.54;-2.65;-2.75;-2.85;-2.91;-2.94;-2.94;-2.92;-2.88;-2.79;-2.62;-2.42;-2.24;-2.10;-1.93;-1.67;-1.35;-1.05;-0.79;-0.54;-0.34;-0.18;-0.05;0.01;0.01;
Segment 13;0.00;0.75;0.33;-0.47;-1.00;-1.53;-2.19;-3.07;-4.07;-5.10;-6.06;-6.92;-7.65;-8.31;-8.87;-9.42;-9.98;-10.55;-11.12;-11.65;-12.09;-12.36;-12.47;-12.34;-12.00;-11.42;-10.68;-9.81;-8.90;-7.98;-7.18;-6.85;-6.65;-6.38;-5.80;-5.13;-4.43;-3.73;-3.07;-2.45;-1.93;-1.51;-1.23;-1.05;-0.95;-0.83;-0.68;-0.47;-0.27;-0.12;-0.02;0.06;0.14;0.20;0.22;0.20;0.17;0.13;0.11;0.11;0.18;0.32;0.42;0.35;-0.14;-0.64;-0.85;
Segment 14;0.00;-0.23;-0.45;-0.65;-0.72;-0.72;-0.74;-0.88;-1.15;-1.46;-1.77;-2.05;-2.31;-2.57;-2.87;-3.20;-3.55;-3.94;-4.35;-4.77;-5.15;-5.47;-5.78;-6.07;-6.35;-6.63;-6.90;-7.17;-7.44;-7.70;-7.92;-8.11;-8.31;-8.54;-8.82;-9.06;-9.23;-9.29;-9.20;-8.96;-8.62;-8.17;-7.57;-6.93;-6.27;-5.59;-4.91;-4.24;-3.69;-3.30;-3.23;-3.27;-3.35;-3.22;-2.95;-2.66;-2.34;-2.01;-1.70;-1.39;-1.08;-0.79;-0.53;-0.33;-0.20;-0.14;-0.08;
Segment 15;0.00;-0.22;-0.44;-0.57;-0.61;-0.60;-0.56;-0.49;-0.44;-0.42;-0.44;-0.46;-0.51;-0.57;-0.61;-0.63;-0.70;-0.88;-1.12;-1.37;-1.62;-1.88;-2.14;-2.40;-2.68;-2.97;-3.27;-3.55;-3.80;-4.02;-4.24;-4.45;-4.64;-4.79;-4.93;-5.06;-5.18;-5.30;-5.42;-5.56;-5.68;-5.77;-5.84;-5.91;-5.98;-6.04;-6.05;-6.02;-5.94;-5.80;-5.60;-5.31;-4.86;-4.34;-3.86;-3.41;-2.96;-2.43;-1.85;-1.29;-0.76;-0.27;0.15;0.54;0.78;0.71;0.37;
Segment 16;0.00;1.08;0.87;0.28;-0.28;-0.87;-1.56;-2.50;-3.55;-4.63;-5.75;-6.78;-7.75;-8.51;-9.22;-9.92;-10.66;-11.41;-12.11;-12.72;-13.18;-13.55;-13.59;-13.51;-13.29;-12.98;-12.49;-11.90;-11.12;-10.30;-9.25;-8.71;-7.94;-7.16;-6.13;-5.15;-4.22;-3.37;-2.69;-2.10;-1.53;-0.97;-0.50;-0.20;0.00;0.15;0.34;0.51;0.67;0.78;0.87;0.92;0.99;1.04;1.07;1.01;0.94;0.83;0.73;0.64;0.60;0.64;0.66;0.62;0.35;0.07;-0.22;
Segment 17;0.00;0.12;0.22;0.31;0.37;0.39;0.35;0.23;0.03;-0.24;-0.54;-0.84;-1.14;-1.45;-1.78;-2.14;-2.51;-2.92;-3.36;-3.80;-4.23;-4.65;-5.07;-5.51;-5.96;-6.42;-6.87;-7.28;-7.67;-8.02;-8.35;-8.66;-8.95;-9.23;-9.51;-9.72;-9.85;-9.83;-9.70;-9.48;-9.18;-8.82;-8.42;-8.00;-7.58;-7.19;-6.87;-6.67;-6.47;-6.27;-6.09;-5.87;-5.60;-5.29;-4.94;-4.60;-4.16;-3.62;-3.07;-2.54;-2.07;-1.64;-1.23;-0.91;-0.63;-0.38;-0.17;
Segment 18;0.00;-0.09;-0.18;-0.20;-0.14;-0.06;-0.03;-0.03;-0.04;-0.08;-0.14;-0.21;-0.29;-0.38;-0.49;-0.63;-0.79;-0.97;-1.16;-1.35;-1.54;-1.71;-1.86;-1.97;-2.06;-2.16;-2.24;-2.33;-2.42;-2.52;-2.63;-2.75;-2.86;-2.96;-3.04;-3.13;-3.20;-3.28;-3.38;-3.50;-3.63;-3.74;-3.84;-3.94;-4.02;-4.09;-4.11;-4.11;-4.08;-4.01;-3.90;-3.75;-3.54;-3.27;-2.97;-2.60;-2.23;-1.88;-1.54;-1.20;-0.83;-0.46;-0.17;0.04;0.18;0.20;0.10;

----------------------------------------------------------


Curves
==========================================================
Longitudinal Strain Rate
Unit [1/s]
Time [ms];0.00;9.28;18.56;27.83;37.11;46.39;55.67;64.94;74.22;83.50;92.78;102.05;111.33;120.61;129.89;139.16;148.44;157.72;167.00;176.27;185.55;194.83;204.11;213.39;222.66;231.94;241.22;250.50;259.77;269.05;278.33;287.61;296.88;306.16;315.44;324.72;333.99;343.27;352.55;361.83;371.10;380.38;389.66;398.94;408.21;417.49;426.77;436.05;445.33;454.60;463.88;473.16;482.44;491.71;500.99;510.27;519.55;528.82;538.10;547.38;556.66;565.93;575.21;584.49;593.77;603.04;612.32;
Segment 1;0.90;0.73;0.50;0.19;-0.18;-0.32;-0.35;-0.34;-0.34;-0.48;-0.59;-0.58;-0.42;-0.25;-0.27;-0.36;-0.43;-0.45;-0.31;-0.19;-0.07;-0.02;-0.01;-0.01;-0.10;-0.38;-0.47;-1.17;-1.61;-1.46;-0.50;0.72;1.33;1.66;1.67;1.70;1.18;0.64;0.35;0.33;0.35;0.31;0.19;0.09;-0.04;0.01;0.07;0.04;-0.00;-0.05;-0.07;-0.04;-0.02;0.02;0.01;0.02;0.03;0.10;0.13;0.13;-0.05;-0.21;-0.36;-0.29;-0.13;-0.11;0.04;
Segment 2;0.47;0.47;0.47;0.50;0.53;0.48;0.32;0.08;-0.10;-0.19;-0.25;-0.30;-0.34;-0.36;-0.37;-0.37;-0.36;-0.36;-0.36;-0.38;-0.42;-0.43;-0.42;-0.38;-0.33;-0.29;-0.25;-0.23;-0.19;-0.16;-0.13;-0.09;-0.02;0.06;0.14;0.20;0.24;0.24;0.21;0.13;0.02;-0.10;-0.21;-0.29;-0.39;-0.50;-0.58;-0.66;-0.74;-0.70;-0.58;-0.46;-0.13;0.34;0.73;0.97;1.06;1.12;1.08;0.76;0.45;0.32;0.20;0.14;0.12;0.22;0.36;
Segment 3;0.92;0.92;0.80;0.52;0.31;0.28;0.29;0.26;0.25;0.24;0.23;0.24;0.24;0.20;0.15;0.09;-0.02;-0.14;-0.16;-0.10;-0.05;-0.00;0.08;0.11;0.08;0.04;0.01;-0.03;-0.07;-0.07;-0.06;-0.05;0.03;0.11;0.12;0.03;-0.04;-0.04;-0.03;-0.03;-0.02;-0.01;-0.02;-0.04;-0.07;-0.06;-0.05;-0.04;-0.01;0.03;0.03;0.01;-0.02;-0.13;-0.32;-0.46;-0.44;-0.39;-0.41;-0.50;-0.58;-0.55;-0.48;-0.41;-0.25;-0.06;0.03;
Segment 4;1.76;0.85;-0.46;-0.53;-0.30;-0.45;-0.68;-0.95;-1.02;-0.98;-0.87;-0.74;-0.59;-0.46;-0.35;-0.30;-0.29;-0.31;-0.39;-0.43;-0.30;-0.00;0.21;0.21;-0.21;-0.70;-0.95;-1.27;-1.32;-0.99;-0.05;0.85;1.39;1.50;1.50;1.41;1.54;1.63;1.41;1.06;0.63;0.49;0.30;0.16;0.07;-0.14;-0.30;-0.30;-0.15;0.04;0.06;0.12;0.09;0.04;-0.12;-0.25;-0.27;-0.15;-0.04;-0.04;-0.19;-0.31;-0.30;-0.04;0.28;0.54;0.82;
Segment 5;0.04;0.10;0.26;0.23;0.05;0.05;0.06;-0.01;-0.08;-0.14;-0.22;-0.27;-0.30;-0.15;0.03;0.08;0.01;-0.15;-0.23;-0.27;-0.30;-0.33;-0.37;-0.46;-0.50;-0.45;-0.26;-0.05;-0.00;-0.07;-0.19;-0.25;-0.25;-0.19;-0.16;-0.20;-0.35;-0.48;-0.50;-0.34;-0.11;-0.06;-0.13;-0.26;-0.30;-0.28;-0.30;-0.26;-0.14;0.24;0.56;0.46;0.50;0.70;0.53;0.52;0.94;1.21;1.10;0.33;-0.19;-0.01;0.17;0.31;0.38;0.34;0.23;
Segment 6;1.34;1.35;1.13;0.60;0.22;0.21;0.28;0.26;0.25;0.24;0.20;0.12;0.06;0.03;0.02;-0.02;-0.08;-0.14;-0.20;-0.30;-0.38;-0.35;-0.28;-0.25;-0.30;-0.37;-0.33;-0.20;-0.09;-0.10;-0.14;-0.15;-0.09;-0.02;-0.03;-0.11;-0.18;-0.18;-0.16;-0.15;-0.14;-0.11;-0.13;-0.20;-0.26;-0.25;-0.23;-0.21;-0.11;0.02;0.06;0.05;0.04;-0.04;-0.21;-0.31;-0.19;-0.01;0.04;-0.06;-0.15;-0.12;-0.08;-0.02;0.19;0.48;0.61;
Segment 7;-0.16;-0.00;0.07;-0.20;-0.45;-0.58;-0.54;-0.46;-0.49;-0.52;-0.57;-0.58;-0.61;-0.64;-0.61;-0.59;-0.56;-0.53;-0.49;-0.42;-0.31;-0.15;0.02;0.13;0.20;0.22;0.04;-0.21;-0.42;-0.29;0.24;0.87;1.23;1.23;1.07;0.99;0.81;0.62;0.57;0.66;0.78;0.72;0.53;0.29;0.18;0.11;0.08;0.06;0.03;0.01;0.01;0.02;0.05;0.07;0.14;0.18;0.21;0.20;0.19;0.17;0.18;0.10;-0.06;-0.44;-0.75;-0.75;-0.70;
Segment 8;0.23;0.25;0.31;0.30;0.22;0.17;0.13;0.07;-0.03;-0.17;-0.37;-0.52;-0.59;-0.57;-0.51;-0.50;-0.50;-0.50;-0.51;-0.50;-0.48;-0.47;-0.49;-0.54;-0.57;-0.57;-0.55;-0.50;-0.48;-0.47;-0.48;-0.46;-0.44;-0.42;-0.38;-0.31;-0.20;-0.09;-0.02;-0.01;-0.03;-0.03;0.02;0.12;0.17;0.18;0.23;0.28;0.33;0.33;0.39;0.56;0.72;0.84;0.97;1.00;0.87;0.76;0.71;0.72;0.69;0.58;0.46;0.34;0.27;0.15;0.01;
Segment 9;0.46;0.47;0.42;0.30;0.21;0.25;0.32;0.33;0.29;0.25;0.25;0.29;0.31;0.19;0.02;-0.08;-0.06;-0.04;-0.06;-0.09;-0.12;-0.15;-0.18;-0.21;-0.22;-0.25;-0.23;-0.15;-0.09;-0.13;-0.23;-0.27;-0.27;-0.26;-0.27;-0.28;-0.28;-0.26;-0.24;-0.21;-0.18;-0.15;-0.12;-0.09;-0.06;-0.05;-0.04;-0.03;0.02;0.08;0.10;0.08;0.06;0.04;0.01;-0.02;-0.05;-0.09;-0.11;-0.14;-0.17;-0.10;0.01;0.11;0.24;0.40;0.48;
Segment 10;0.56;0.27;-0.20;-0.35;-0.42;-0.49;-0.64;-0.80;-0.86;-0.96;-1.01;-0.96;-0.81;-0.66;-0.57;-0.56;-0.56;-0.56;-0.55;-0.52;-0.43;-0.27;-0.13;-0.08;-0.09;-0.15;-0.19;-0.20;-0.08;0.19;0.55;0.96;1.36;1.78;2.02;1.87;1.29;0.63;0.30;0.37;0.53;0.55;0.38;0.18;0.12;0.13;0.18;0.18;0.15;0.12;0.10;0.08;0.06;0.07;0.10;0.14;0.14;0.10;0.05;0.04;0.03;0.03;-0.09;-0.30;-0.51;-0.57;-0.52;
Segment 11;0.05;0.02;-0.07;-0.06;0.04;0.04;-0.03;-0.15;-0.24;-0.31;-0.35;-0.38;-0.42;-0.46;-0.49;-0.49;-0.49;-0.50;-0.50;-0.50;-0.52;-0.52;-0.51;-0.47;-0.44;-0.43;-0.47;-0.51;-0.50;-0.45;-0.39;-0.36;-0.35;-0.36;-0.35;-0.31;-0.21;-0.10;-0.06;-0.01;0.04;0.05;0.02;-0.03;-0.01;0.08;0.21;0.40;0.64;1.00;1.30;1.42;1.37;1.18;1.00;0.72;0.31;0.06;0.02;0.10;0.21;0.28;0.35;0.40;0.44;0.45;0.42;
Segment 12;-0.20;-0.20;-0.13;0.02;0.13;0.16;0.17;0.19;0.18;0.16;0.17;0.21;0.23;0.15;0.05;-0.03;-0.12;-0.22;-0.23;-0.17;-0.13;-0.10;-0.05;-0.03;-0.05;-0.08;-0.10;-0.12;-0.14;-0.16;-0.20;-0.22;-0.22;-0.21;-0.22;-0.23;-0.24;-0.22;-0.17;-0.14;-0.13;-0.13;-0.12;-0.12;-0.11;-0.08;-0.05;-0.02;0.01;0.03;0.07;0.14;0.20;0.21;0.17;0.16;0.23;0.32;0.34;0.31;0.27;0.24;0.20;0.16;0.10;0.03;-0.01;
Segment 13;0.99;0.20;-0.77;-0.73;-0.54;-0.63;-0.83;-1.02;-1.11;-1.08;-0.98;-0.86;-0.74;-0.65;-0.59;-0.60;-0.61;-0.61;-0.59;-0.53;-0.39;-0.21;0.01;0.25;0.50;0.72;0.87;0.96;0.99;0.96;0.61;0.25;0.22;0.45;0.70;0.74;0.75;0.74;0.70;0.62;0.51;0.37;0.24;0.14;0.11;0.15;0.20;0.22;0.19;0.14;0.10;0.09;0.07;0.04;0.00;-0.03;-0.04;-0.03;-0.01;0.03;0.12;0.14;0.05;-0.31;-0.58;-0.46;0.36;
Segment 14;-0.25;-0.24;-0.23;-0.15;-0.03;-0.00;-0.07;-0.22;-0.32;-0.34;-0.32;-0.29;-0.28;-0.30;-0.34;-0.37;-0.40;-0.43;-0.45;-0.43;-0.38;-0.34;-0.32;-0.31;-0.30;-0.30;-0.29;-0.29;-0.28;-0.26;-0.22;-0.20;-0.23;-0.28;-0.29;-0.22;-0.13;0.01;0.18;0.31;0.42;0.57;0.68;0.70;0.72;0.73;0.73;0.67;0.52;0.24;-0.01;-0.09;0.02;0.23;0.31;0.33;0.35;0.35;0.33;0.34;0.33;0.30;0.25;0.18;0.10;0.06;0.08;
Segment 15;-0.24;-0.24;-0.19;-0.09;-0.01;0.03;0.06;0.07;0.04;-0.00;-0.02;-0.04;-0.06;-0.06;-0.03;-0.04;-0.13;-0.23;-0.27;-0.27;-0.27;-0.28;-0.28;-0.29;-0.31;-0.33;-0.32;-0.28;-0.25;-0.24;-0.23;-0.21;-0.19;-0.16;-0.14;-0.14;-0.13;-0.13;-0.14;-0.14;-0.12;-0.09;-0.07;-0.08;-0.08;-0.04;0.01;0.06;0.12;0.18;0.26;0.40;0.54;0.55;0.49;0.48;0.53;0.61;0.62;0.58;0.55;0.49;0.44;0.36;0.10;-0.24;-0.40;
Segment 16;1.36;0.49;-0.53;-0.64;-0.61;-0.68;-0.88;-1.09;-1.15;-1.19;-1.16;-1.08;-0.93;-0.78;-0.75;-0.77;-0.81;-0.79;-0.71;-0.58;-0.46;-0.22;0.03;0.16;0.29;0.43;0.58;0.74;0.85;1.06;0.85;0.67;0.84;0.98;1.11;1.02;0.96;0.83;0.68;0.62;0.61;0.57;0.41;0.26;0.19;0.18;0.19;0.18;0.15;0.11;0.07;0.07;0.06;0.05;-0.01;-0.08;-0.10;-0.11;-0.11;-0.07;0.00;0.04;0.01;-0.17;-0.31;-0.35;-0.04;
Segment 17;0.13;0.12;0.11;0.08;0.04;-0.01;-0.08;-0.18;-0.26;-0.31;-0.33;-0.32;-0.33;-0.34;-0.37;-0.39;-0.42;-0.46;-0.47;-0.47;-0.46;-0.45;-0.46;-0.48;-0.50;-0.49;-0.47;-0.43;-0.40;-0.37;-0.34;-0.32;-0.31;-0.30;-0.27;-0.19;-0.06;0.09;0.19;0.29;0.36;0.41;0.45;0.46;0.44;0.39;0.27;0.20;0.22;0.21;0.21;0.26;0.31;0.36;0.37;0.41;0.54;0.60;0.59;0.54;0.48;0.46;0.39;0.32;0.28;0.24;0.20;
Segment 18;-0.10;-0.10;-0.07;0.02;0.08;0.06;0.02;-0.01;-0.03;-0.05;-0.07;-0.08;-0.09;-0.11;-0.14;-0.16;-0.18;-0.20;-0.20;-0.20;-0.20;-0.17;-0.14;-0.11;-0.10;-0.09;-0.09;-0.10;-0.11;-0.11;-0.12;-0.13;-0.11;-0.10;-0.09;-0.08;-0.08;-0.09;-0.12;-0.14;-0.13;-0.12;-0.11;-0.10;-0.08;-0.05;-0.01;0.02;0.06;0.09;0.14;0.20;0.26;0.30;0.36;0.41;0.39;0.36;0.36;0.39;0.41;0.36;0.27;0.19;0.09;-0.05;-0.11;

----------------------------------------------------------


Curves
==========================================================
Global Strain A2C
Unit [%]
Time [ms];0.00;9.28;18.56;27.83;37.11;46.39;55.67;64.94;74.22;83.50;92.78;102.05;111.33;120.61;129.89;139.16;148.44;157.72;167.00;176.27;185.55;194.83;204.11;213.39;222.66;231.94;241.22;250.50;259.77;269.05;278.33;287.61;296.88;306.16;315.44;324.72;333.99;343.27;352.55;361.83;371.10;380.38;389.66;398.94;408.21;417.49;426.77;436.05;445.33;454.60;463.88;473.16;482.44;491.71;500.99;510.27;519.55;528.82;538.10;547.38;556.66;565.93;575.21;584.49;593.77;603.04;612.32;
Total;0.00;0.74;0.75;0.42;0.08;-0.36;-0.89;-1.57;-2.31;-3.10;-3.91;-4.68;-5.38;-5.95;-6.45;-6.93;-7.43;-7.94;-8.44;-8.87;-9.25;-9.46;-9.52;-9.44;-9.33;-9.26;-9.26;-9.30;-9.59;-9.74;-9.72;-9.21;-8.41;-7.28;-6.11;-4.85;-3.78;-2.85;-2.20;-1.58;-1.06;-0.53;-0.15;0.10;0.21;0.30;0.35;0.43;0.47;0.54;0.58;0.63;0.67;0.73;0.76;0.76;0.76;0.76;0.79;0.82;0.86;0.85;0.79;0.61;0.32;0.02;-0.16;

----------------------------------------------------------


Curves
==========================================================
Global Strain Rate A2C
Unit [1/s]
Time [ms];0.00;9.28;18.56;27.83;37.11;46.39;55.67;64.94;74.22;83.50;92.78;102.05;111.33;120.61;129.89;139.16;148.44;157.72;167.00;176.27;185.55;194.83;204.11;213.39;222.66;231.94;241.22;250.50;259.77;269.05;278.33;287.61;296.88;306.16;315.44;324.72;333.99;343.27;352.55;361.83;371.10;380.38;389.66;398.94;408.21;417.49;426.77;436.05;445.33;454.60;463.88;473.16;482.44;491.71;500.99;510.27;519.55;528.82;538.10;547.38;556.66;565.93;575.21;584.49;593.77;603.04;612.32;
Total;0.90;0.42;-0.23;-0.37;-0.41;-0.52;-0.65;-0.78;-0.83;-0.86;-0.86;-0.80;-0.68;-0.57;-0.52;-0.53;-0.54;-0.55;-0.51;-0.44;-0.32;-0.14;0.02;0.11;0.10;0.03;-0.01;-0.19;-0.26;-0.09;0.28;0.72;1.05;1.25;1.33;1.27;1.08;0.84;0.67;0.61;0.57;0.50;0.34;0.19;0.10;0.07;0.07;0.06;0.06;0.06;0.05;0.05;0.05;0.05;0.02;-0.00;-0.01;0.02;0.04;0.04;0.02;-0.03;-0.13;-0.26;-0.33;-0.28;-0.00;

----------------------------------------------------------


Curves
==========================================================
Global Strain A3C
Unit [%]
Time [ms];0.00;9.28;18.56;27.83;37.11;46.39;55.67;64.94;74.22;83.50;92.78;102.05;111.33;120.61;129.89;139.16;148.44;157.72;167.00;176.27;185.55;194.83;204.11;213.39;222.66;231.94;241.22;250.50;259.77;269.05;278.33;287.61;296.88;306.16;315.44;324.72;333.99;343.27;352.55;361.83;371.10;380.38;389.66;398.94;408.21;417.49;426.77;436.05;445.33;454.60;463.88;473.16;482.44;491.71;500.99;510.27;519.55;528.82;538.10;547.38;556.66;565.93;575.21;584.49;593.77;603.04;612.32;
Total;0.00;0.10;0.21;0.34;0.47;0.58;0.66;0.64;0.52;0.32;0.07;-0.24;-0.57;-0.91;-1.22;-1.53;-1.84;-2.19;-2.57;-2.96;-3.35;-3.75;-4.14;-4.54;-4.96;-5.36;-5.74;-6.07;-6.36;-6.64;-6.91;-7.17;-7.43;-7.67;-7.90;-8.08;-8.23;-8.32;-8.35;-8.34;-8.25;-8.13;-7.99;-7.87;-7.77;-7.68;-7.59;-7.50;-7.39;-7.22;-6.93;-6.58;-6.20;-5.68;-5.07;-4.49;-3.88;-3.24;-2.62;-2.09;-1.78;-1.49;-1.20;-0.93;-0.66;-0.41;-0.20;

----------------------------------------------------------


Curves
==========================================================
Global Strain Rate A3C
Unit [1/s]
Time [ms];0.00;9.28;18.56;27.83;37.11;46.39;55.67;64.94;74.22;83.50;92.78;102.05;111.33;120.61;129.89;139.16;148.44;157.72;167.00;176.27;185.55;194.83;204.11;213.39;222.66;231.94;241.22;250.50;259.77;269.05;278.33;287.61;296.88;306.16;315.44;324.72;333.99;343.27;352.55;361.83;371.10;380.38;389.66;398.94;408.21;417.49;426.77;436.05;445.33;454.60;463.88;473.16;482.44;491.71;500.99;510.27;519.55;528.82;538.10;547.38;556.66;565.93;575.21;584.49;593.77;603.04;612.32;
Total;0.11;0.11;0.13;0.14;0.13;0.11;0.04;-0.08;-0.17;-0.25;-0.30;-0.34;-0.37;-0.36;-0.33;-0.33;-0.35;-0.40;-0.42;-0.42;-0.42;-0.42;-0.43;-0.44;-0.44;-0.42;-0.38;-0.33;-0.30;-0.29;-0.29;-0.28;-0.27;-0.25;-0.22;-0.18;-0.13;-0.07;-0.01;0.06;0.12;0.15;0.14;0.12;0.10;0.10;0.09;0.10;0.15;0.24;0.35;0.39;0.48;0.62;0.64;0.64;0.67;0.69;0.64;0.45;0.31;0.31;0.30;0.29;0.28;0.25;0.22;

----------------------------------------------------------


Curves
==========================================================
Global Strain A4C
Unit [%]
Time [ms];0.00;9.28;18.56;27.83;37.11;46.39;55.67;64.94;74.22;83.50;92.78;102.05;111.33;120.61;129.89;139.16;148.44;157.72;167.00;176.27;185.55;194.83;204.11;213.39;222.66;231.94;241.22;250.50;259.77;269.05;278.33;287.61;296.88;306.16;315.44;324.72;333.99;343.27;352.55;361.83;371.10;380.38;389.66;398.94;408.21;417.49;426.77;436.05;445.33;454.60;463.88;473.16;482.44;491.71;500.99;510.27;519.55;528.82;538.10;547.38;556.66;565.93;575.21;584.49;593.77;603.04;612.32;
Total;0.00;0.33;0.66;0.92;1.09;1.23;1.39;1.56;1.72;1.85;1.97;2.08;2.19;2.27;2.30;2.29;2.22;2.10;1.93;1.75;1.57;1.39;1.24;1.11;0.99;0.83;0.66;0.51;0.38;0.27;0.13;-0.03;-0.18;-0.29;-0.38;-0.49;-0.63;-0.77;-0.91;-1.04;-1.16;-1.26;-1.35;-1.44;-1.54;-1.64;-1.71;-1.76;-1.78;-1.73;-1.65;-1.53;-1.37;-1.20;-1.09;-1.03;-0.98;-0.86;-0.72;-0.59;-0.52;-0.46;-0.40;-0.34;-0.27;-0.19;-0.09;

----------------------------------------------------------


Curves
==========================================================
Global Strain Rate A4C
Unit [1/s]
Time [ms];0.00;9.28;18.56;27.83;37.11;46.39;55.67;64.94;74.22;83.50;92.78;102.05;111.33;120.61;129.89;139.16;148.44;157.72;167.00;176.27;185.55;194.83;204.11;213.39;222.66;231.94;241.22;250.50;259.77;269.05;278.33;287.61;296.88;306.16;315.44;324.72;333.99;343.27;352.55;361.83;371.10;380.38;389.66;398.94;408.21;417.49;426.77;436.05;445.33;454.60;463.88;473.16;482.44;491.71;500.99;510.27;519.55;528.82;538.10;547.38;556.66;565.93;575.21;584.49;593.77;603.04;612.32;
Total;0.36;0.36;0.32;0.23;0.16;0.16;0.18;0.18;0.16;0.14;0.12;0.12;0.11;0.06;0.01;-0.04;-0.10;-0.16;-0.19;-0.19;-0.20;-0.18;-0.14;-0.13;-0.15;-0.18;-0.18;-0.15;-0.12;-0.14;-0.16;-0.17;-0.14;-0.10;-0.10;-0.13;-0.16;-0.15;-0.14;-0.13;-0.12;-0.10;-0.10;-0.11;-0.11;-0.09;-0.07;-0.04;0.01;0.07;0.11;0.15;0.18;0.16;0.09;0.05;0.09;0.14;0.15;0.11;0.07;0.06;0.07;0.07;0.08;0.09;0.10;

----------------------------------------------------------


