PatientInformation
==========================================================
PatientID;No patientID
Name;,,
Date of Birth;
Sex;
Version;AutoStrainCap2 2.1.0.491925

Results
==========================================================
Global
----------------------------------------------------------
RVFWSL;-14.87;%
RV4CSL;-13.25;%
ED;0.00;ms
ES;331.58;ms

Curves
==========================================================
Longitudinal Strain
Unit [%]
Time [ms];0.00;10.84;21.67;32.51;43.34;54.18;65.02;75.85;86.69;97.52;108.36;119.20;130.03;140.87;151.70;162.54;173.38;184.21;195.05;205.88;216.72;227.56;238.39;249.23;260.06;270.90;281.74;292.57;303.41;314.24;325.08;335.92;346.75;357.59;368.42;379.26;390.10;400.93;411.77;422.60;433.44;444.28;455.11;465.95;476.78;487.62;498.46;509.29;520.13;530.96;541.80;552.64;563.47;574.31;585.14;595.98;606.82;617.65;628.49;639.32;650.16;661.00;671.83;682.67;693.50;704.34;715.18;726.01;736.85;747.68;758.52;769.36;780.19;791.03;801.86;812.70;823.54;834.37;845.21;856.04;
Basal;0.00;-0.84;-1.50;-1.55;-0.76;-0.61;-1.04;-1.88;-2.89;-3.95;-4.89;-5.69;-6.27;-6.65;-6.83;-6.91;-6.94;-7.24;-7.58;-8.01;-8.51;-9.24;-10.04;-10.84;-11.61;-12.29;-12.90;-13.37;-13.76;-14.08;-14.18;-13.99;-13.41;-12.51;-11.46;-10.62;-10.23;-11.17;-12.39;-13.30;-13.48;-12.07;-9.88;-7.32;-4.91;-3.19;-1.90;-0.93;0.06;1.10;2.20;3.13;3.72;3.79;3.51;3.05;2.68;2.47;2.44;2.44;2.39;2.21;1.96;1.72;1.56;1.52;1.58;1.69;1.82;1.92;2.00;2.06;2.10;2.17;2.16;2.14;1.92;1.63;1.17;0.61;
Mid;0.00;-0.84;-1.62;-1.86;-1.12;-1.03;-1.47;-2.30;-3.39;-4.59;-5.79;-6.91;-7.86;-8.82;-9.60;-10.27;-10.80;-11.38;-11.91;-12.46;-12.97;-13.70;-14.41;-15.11;-15.76;-16.22;-16.61;-16.94;-17.26;-17.78;-18.18;-18.37;-18.26;-17.84;-17.24;-16.66;-16.22;-16.50;-16.86;-16.90;-16.31;-14.37;-11.82;-8.99;-6.44;-4.66;-3.40;-2.48;-1.55;-0.57;0.49;1.38;2.00;2.22;2.14;1.89;1.63;1.42;1.29;1.20;1.10;0.98;0.84;0.73;0.66;0.64;0.68;0.76;0.87;1.00;1.13;1.25;1.36;1.44;1.48;1.43;1.31;1.06;0.75;0.40;
Apical;0.00;-0.95;-1.86;-2.28;-1.79;-1.70;-2.01;-2.63;-3.51;-4.45;-5.40;-6.20;-6.73;-7.26;-7.53;-7.68;-7.77;-8.03;-8.32;-8.65;-8.97;-9.47;-9.94;-10.38;-10.80;-11.17;-11.52;-11.82;-12.10;-12.48;-12.75;-12.81;-12.63;-12.20;-11.59;-10.95;-10.34;-10.71;-11.05;-11.10;-10.75;-9.44;-7.76;-5.89;-4.10;-2.45;-1.06;0.09;1.15;2.03;2.85;3.49;3.88;3.98;3.84;3.56;3.29;3.10;3.00;2.91;2.80;2.66;2.48;2.32;2.21;2.13;2.12;2.14;2.19;2.23;2.28;2.34;2.41;2.53;2.60;2.58;2.36;1.91;1.31;0.66;

----------------------------------------------------------


