PatientInformation
==========================================================
PatientID;No patientID
Name;,,
Date of Birth;
Sex;
Version;AutoStrainCap2 2.1.0.491925

Results
==========================================================
Global
----------------------------------------------------------
LaSr_ED;18.38;%
LaScd_ED;-19.65;%
LaSct_ED;1.27;%
LaSr_AC;18.61;%
LaScd_AC;-19.90;%
LaSct_AC;1.28;%
ED;0.00;ms
ES;347.26;ms
PreA;617.10;ms

Curves
==========================================================
Longitudinal Strain
Unit [%]
Time [ms];0.00;22.12;44.24;66.36;88.47;110.59;132.71;154.83;176.95;199.07;221.18;243.30;265.42;287.54;309.66;331.78;353.89;376.01;398.13;420.25;442.37;464.49;486.60;508.72;530.84;552.96;575.08;597.20;619.32;641.43;663.55;685.67;707.79;729.91;752.03;774.14;796.26;818.38;840.50;862.62;
LAS_ED;0.00;-2.08;-1.47;0.87;3.67;5.47;6.93;8.62;10.39;12.10;13.51;14.52;15.26;15.94;16.74;17.92;18.29;16.34;12.97;8.74;4.86;2.48;0.86;-0.91;-2.09;-1.99;-1.47;-1.29;-1.25;-0.94;-0.82;-1.27;-1.35;-0.27;0.73;0.68;0.26;0.40;0.73;0.80;
LAS_AC;1.27;-0.84;-0.22;2.15;4.99;6.81;8.29;10.00;11.79;13.52;14.95;15.97;16.72;17.41;18.22;19.41;19.79;17.82;14.41;10.12;6.19;3.78;2.14;0.35;-0.85;-0.75;-0.22;-0.04;0.00;0.32;0.44;-0.02;-0.10;0.99;2.00;1.96;1.53;1.67;2.00;2.08;

----------------------------------------------------------


