PatientInformation
==========================================================
PatientID;No patientID
Name;,,
Date of Birth;
Sex;
Version;AutoStrainCap2 2.1.0.491925

Results
==========================================================
Global
----------------------------------------------------------
LaSr_ED;26.27;%
LaScd_ED;-14.99;%
LaSct_ED;-11.27;%
LaSr_AC;23.62;%
LaScd_AC;-13.48;%
LaSct_AC;-10.14;%
ED;0.00;ms
ES;356.11;ms
PreA;643.64;ms

Curves
==========================================================
Longitudinal Strain
Unit [%]
Time [ms];0.00;22.12;44.24;66.36;88.47;110.59;132.71;154.83;176.95;199.07;221.18;243.30;265.42;287.54;309.66;331.78;353.89;376.01;398.13;420.25;442.37;464.49;486.60;508.72;530.84;552.96;575.08;597.20;619.31;641.43;663.55;685.67;707.79;729.91;752.02;774.14;796.26;818.38;840.50;862.62;884.74;906.85;
LAS_ED;0.00;1.24;1.81;2.86;4.84;8.04;11.20;13.28;15.06;17.00;19.50;23.07;25.83;25.98;25.41;25.78;26.26;25.95;25.08;23.67;22.19;19.70;16.79;14.10;12.03;11.00;10.60;10.54;10.81;11.22;11.79;12.45;12.74;12.74;12.18;10.81;8.50;4.98;1.20;-1.84;-3.36;-2.46;
LAS_AC;-10.09;-8.97;-8.46;-7.52;-5.74;-2.87;-0.02;1.85;3.45;5.19;7.44;10.65;13.13;13.27;12.75;13.09;13.52;13.24;12.46;11.19;9.86;7.62;5.01;2.58;0.73;-0.20;-0.56;-0.61;-0.37;0.00;0.51;1.10;1.36;1.36;0.86;-0.37;-2.45;-5.62;-9.01;-11.74;-13.11;-12.30;

----------------------------------------------------------


