PatientInformation
==========================================================
PatientID;No patientID
Name;,,
Date of Birth;
Sex;
Version;AutoStrainCap2 2.1.0.491925

Results
==========================================================
Global
----------------------------------------------------------
RVFWSL;-27.38;%
RV4CSL;-20.45;%
ED;0.00;ms
ES;289.75;ms

Curves
==========================================================
Longitudinal Strain
Unit [%]
Time [ms];0.00;22.12;44.24;66.36;88.47;110.59;132.71;154.83;176.95;199.07;221.18;243.30;265.42;287.54;309.66;331.78;353.89;376.01;398.13;420.25;442.37;464.49;486.60;508.72;530.84;552.96;575.08;597.20;619.31;641.43;663.55;685.67;707.79;729.91;752.02;774.14;796.26;818.38;840.50;862.62;884.74;906.85;
Basal;0.00;-1.98;-5.04;-8.44;-12.03;-15.51;-18.62;-20.98;-23.11;-25.84;-28.34;-29.79;-30.64;-31.05;-30.74;-30.05;-28.36;-25.84;-23.58;-22.61;-21.72;-19.42;-16.76;-14.40;-12.59;-11.71;-11.37;-11.60;-12.05;-12.32;-12.61;-13.07;-13.41;-13.39;-12.33;-9.63;-5.96;-2.19;1.33;4.20;5.10;3.20;
Mid;0.00;-2.44;-5.14;-8.09;-11.15;-13.99;-16.44;-18.30;-19.93;-21.61;-22.99;-23.90;-24.34;-24.32;-23.66;-22.55;-20.55;-18.19;-16.10;-14.92;-13.90;-12.36;-10.75;-9.87;-9.25;-8.57;-8.14;-8.21;-8.58;-9.03;-9.49;-9.86;-10.13;-10.22;-9.54;-7.62;-4.82;-1.40;1.78;3.73;4.07;2.63;
Apical;0.00;-1.56;-3.81;-6.74;-9.80;-12.70;-15.29;-17.42;-19.29;-21.33;-23.04;-24.16;-24.91;-25.39;-25.29;-24.51;-22.75;-19.96;-17.25;-15.58;-14.03;-11.78;-9.67;-8.45;-7.66;-7.16;-6.76;-6.77;-7.05;-7.38;-7.74;-8.04;-8.27;-8.44;-7.94;-6.32;-3.91;-1.12;1.42;3.08;3.35;2.10;

----------------------------------------------------------


