PatientInformation
==========================================================
PatientID;No patientID
Name;,,
Date of Birth;
Sex;
Version;AutoStrainCap2 2.1.0.491925

Results
==========================================================
Global
----------------------------------------------------------
LaSr_ED;35.03;%
LaScd_ED;-19.81;%
LaSct_ED;-15.22;%
LaSr_AC;30.36;%
LaScd_AC;-17.17;%
LaSct_AC;-13.19;%
ED;0.00;ms
ES;398.13;ms
PreA;608.26;ms

Curves
==========================================================
Longitudinal Strain
Unit [%]
Time [ms];0.00;22.12;44.24;66.36;88.47;110.59;132.71;154.83;176.95;199.07;221.18;243.30;265.42;287.54;309.66;331.78;353.89;376.01;398.13;420.25;442.37;464.49;486.60;508.72;530.84;552.96;575.08;597.20;619.32;641.43;663.55;685.67;707.79;729.91;752.03;774.14;796.26;
LAS_ED;0.00;0.94;4.89;9.22;14.25;18.15;19.95;21.52;25.40;27.74;29.12;28.94;29.31;30.21;30.68;31.52;32.42;33.72;35.03;33.67;30.33;26.68;21.25;16.27;13.74;12.46;14.32;14.95;15.36;14.69;11.82;7.32;0.76;-5.05;-7.78;-7.33;-3.41;
LAS_AC;-13.32;-12.50;-9.08;-5.32;-0.97;2.42;3.97;5.34;8.70;10.73;11.93;11.77;12.09;12.87;13.28;14.01;14.79;15.92;17.05;15.87;12.97;9.81;5.10;0.79;-1.41;-2.52;-0.90;-0.35;0.00;-0.58;-3.07;-6.97;-12.66;-17.70;-20.06;-19.67;-16.27;

----------------------------------------------------------


