PatientInformation
==========================================================
PatientID;No patientID
Name;,,
Date of Birth;
Sex;
Version;AutoStrainCap2 2.1.0.491925

Results
==========================================================
Global
----------------------------------------------------------
RVFWSL;-10.46;%
RV4CSL;-7.49;%
ED;0.00;ms
ES;567.06;ms

Curves
==========================================================
Longitudinal Strain
Unit [%]
Time [ms];0.00;9.68;19.35;29.03;38.71;48.38;58.06;67.74;77.41;87.09;96.77;106.44;116.12;125.80;135.48;145.15;154.83;164.51;174.18;183.86;193.54;203.21;212.89;222.57;232.24;241.92;251.60;261.27;270.95;280.63;290.30;299.98;309.66;319.33;329.01;338.69;348.36;358.04;367.72;377.40;387.07;396.75;406.43;416.10;425.78;435.46;445.13;454.81;464.49;474.16;483.84;493.52;503.19;512.87;522.55;532.22;541.90;551.58;561.25;570.93;580.61;
Basal;0.00;2.50;3.13;4.19;6.95;10.71;14.28;16.32;17.53;18.32;19.40;20.28;20.76;20.74;20.24;19.27;18.47;17.60;17.27;16.88;17.01;17.18;17.35;17.28;17.03;16.28;15.48;14.74;14.41;14.10;13.46;12.37;10.95;9.68;8.63;7.85;7.09;6.38;5.71;5.06;4.33;3.57;2.83;1.78;0.82;0.02;-0.53;-0.94;-1.38;-2.00;-2.66;-3.19;-3.49;-3.74;-4.22;-5.46;-7.11;-9.08;-11.18;-11.70;-8.73;
Mid;0.00;2.01;2.01;2.21;4.09;7.07;10.17;12.91;15.09;16.79;17.94;18.72;19.03;19.03;18.52;17.49;16.39;15.17;14.45;13.75;13.59;13.48;13.36;13.05;12.67;12.06;11.46;10.88;10.49;10.03;9.22;8.04;6.53;5.18;3.93;2.89;1.81;0.19;-1.44;-3.08;-4.19;-5.26;-6.15;-7.02;-7.71;-8.24;-8.73;-9.08;-9.44;-9.62;-9.80;-9.84;-9.60;-9.27;-8.83;-8.69;-8.79;-9.47;-11.20;-11.70;-8.91;
Apical;0.00;1.51;1.89;2.89;4.73;7.52;10.36;12.62;14.37;15.70;16.83;17.52;17.64;17.54;16.92;15.74;14.81;13.77;13.45;12.88;12.91;12.77;12.48;11.82;11.13;10.20;9.42;8.67;8.23;7.73;6.90;5.78;4.36;3.11;2.07;1.31;0.47;0.06;-0.44;-0.85;-1.51;-2.12;-2.73;-3.61;-4.44;-5.04;-5.47;-5.61;-5.77;-5.79;-5.89;-5.86;-5.91;-5.75;-5.47;-5.01;-4.75;-4.85;-5.99;-6.08;-5.52;

----------------------------------------------------------


