PatientInformation
==========================================================
PatientID;No patientID
Name;,,
Date of Birth;
Sex;
Version;AutoStrainCap2 2.1.0.491925

Results
==========================================================
Global
----------------------------------------------------------
LaSr_ED;37.68;%
LaScd_ED;-23.42;%
LaSct_ED;-14.26;%
LaSr_AC;32.91;%
LaScd_AC;-20.45;%
LaSct_AC;-12.46;%
ED;0.00;ms
ES;386.24;ms
PreA;583.27;ms

Curves
==========================================================
Longitudinal Strain
Unit [%]
Time [ms];0.00;19.51;39.01;58.52;78.03;97.54;117.04;136.55;156.06;175.56;195.07;214.58;234.09;253.59;273.10;292.61;312.12;331.62;351.13;370.64;390.14;409.65;429.16;448.67;468.17;487.68;507.19;526.69;546.20;565.71;585.22;604.72;624.23;643.74;663.24;682.75;702.26;721.77;741.27;760.78;
LAS_ED;0.00;-0.75;1.96;5.56;9.74;14.09;17.56;19.54;21.06;23.03;25.16;27.25;29.22;31.33;33.23;34.57;35.46;35.98;36.48;37.33;37.66;36.66;34.09;29.45;24.14;18.98;14.47;11.10;9.73;11.74;14.48;15.47;14.55;10.25;5.64;2.65;1.06;0.34;0.37;0.13;
LAS_AC;-12.65;-13.31;-10.94;-7.79;-4.14;-0.35;2.68;4.41;5.74;7.46;9.32;11.15;12.87;14.71;16.38;17.54;18.32;18.77;19.22;19.95;20.24;19.37;17.13;13.08;8.44;3.93;-0.01;-2.96;-4.16;-2.40;0.00;0.86;0.06;-3.70;-7.73;-10.34;-11.73;-12.35;-12.33;-12.53;

----------------------------------------------------------


