PatientInformation
==========================================================
PatientID;No patientID
Name;,,
Date of Birth;
Sex;
Version;AutoStrainCap2 2.1.0.491925

Results
==========================================================
Global
----------------------------------------------------------
RVFWSL;-31.28;%
RV4CSL;-27.02;%
ED;0.00;ms
ES;303.34;ms

Curves
==========================================================
Longitudinal Strain
Unit [%]
Time [ms];0.00;11.71;23.42;35.14;46.85;58.56;70.27;81.98;93.70;105.41;117.12;128.83;140.54;152.26;163.97;175.68;187.39;199.10;210.82;222.53;234.24;245.95;257.66;269.38;281.09;292.80;304.51;316.22;327.94;339.65;351.36;363.07;374.78;386.50;398.21;409.92;421.63;433.34;445.06;456.77;468.48;480.19;491.90;503.62;515.33;527.04;538.75;550.46;562.18;573.89;585.60;597.31;609.02;620.74;632.45;644.16;655.87;667.58;679.30;691.01;702.72;714.43;726.14;737.86;749.57;761.28;
Basal;0.00;0.29;0.17;-1.30;-3.47;-6.01;-8.34;-10.40;-12.18;-13.83;-15.45;-16.98;-18.48;-20.15;-21.86;-23.60;-25.22;-26.80;-28.24;-29.57;-30.67;-31.50;-32.06;-32.42;-32.65;-32.81;-32.89;-32.89;-32.89;-32.64;-31.99;-30.67;-28.89;-26.75;-24.51;-22.19;-19.98;-18.10;-16.33;-14.50;-12.05;-9.53;-7.23;-5.77;-4.78;-4.11;-3.53;-3.04;-2.58;-2.25;-1.95;-1.70;-1.41;-0.95;-0.05;1.31;2.93;4.42;5.20;5.47;5.16;4.59;3.62;2.57;1.45;0.58;
Mid;0.00;-0.19;-1.00;-2.96;-4.56;-6.09;-7.44;-8.85;-10.17;-11.59;-13.34;-15.12;-16.75;-18.29;-19.69;-21.15;-22.64;-24.13;-25.45;-26.60;-27.54;-28.35;-29.18;-29.88;-30.39;-30.62;-30.64;-30.48;-30.16;-29.61;-28.79;-27.63;-26.14;-24.27;-22.12;-19.81;-17.54;-15.53;-13.61;-11.72;-9.47;-7.29;-5.35;-4.14;-3.35;-2.84;-2.38;-1.97;-1.56;-1.19;-0.84;-0.58;-0.39;-0.03;0.84;2.38;4.26;5.92;6.82;7.09;6.90;6.43;5.62;4.43;2.77;1.12;
Apical;0.00;0.03;-0.51;-2.17;-3.69;-5.24;-6.63;-8.35;-9.98;-11.58;-13.26;-14.82;-16.25;-17.68;-19.04;-20.52;-21.92;-23.40;-24.71;-25.81;-26.68;-27.40;-28.12;-28.71;-29.14;-29.36;-29.40;-29.26;-29.00;-28.55;-27.91;-26.94;-25.69;-24.07;-22.28;-20.30;-18.34;-16.59;-14.90;-13.24;-11.12;-8.97;-6.90;-5.53;-4.51;-3.73;-3.03;-2.42;-1.91;-1.61;-1.43;-1.36;-1.35;-1.13;-0.37;0.91;2.57;4.06;4.95;5.26;5.05;4.62;3.81;2.77;1.60;0.60;

----------------------------------------------------------


