PatientInformation
==========================================================
PatientID;No patientID
Name;,,
Date of Birth;
Sex;
Version;AutoStrainCap2 2.1.0.491925

Results
==========================================================
Global
----------------------------------------------------------
LaSr_ED;30.43;%
LaScd_ED;-19.83;%
LaSct_ED;-10.60;%
LaSr_AC;27.54;%
LaScd_AC;-17.95;%
LaSct_AC;-9.60;%
ED;0.00;ms
ES;394.28;ms
PreA;637.38;ms

Curves
==========================================================
Longitudinal Strain
Unit [%]
Time [ms];0.00;20.43;40.86;61.29;81.72;102.14;122.57;143.00;163.43;183.86;204.29;224.72;245.15;265.57;286.00;306.43;326.86;347.29;367.72;388.15;408.58;429.00;449.43;469.86;490.29;510.72;531.15;551.58;572.01;592.43;612.86;633.29;653.72;674.15;694.58;715.01;735.44;755.87;776.29;796.72;817.15;837.58;858.01;
LAS_ED;0.00;0.21;0.41;-0.04;0.35;2.39;5.28;7.48;9.99;13.34;16.46;18.80;20.67;22.82;24.86;26.49;27.82;29.11;30.02;30.40;30.19;29.01;28.31;29.21;29.34;26.18;21.75;18.05;14.87;12.11;10.40;10.47;11.24;11.90;12.36;12.45;12.23;11.58;10.16;7.95;5.05;1.81;-0.38;
LAS_AC;-9.48;-9.29;-9.11;-9.51;-9.16;-7.32;-4.70;-2.71;-0.44;2.60;5.41;7.54;9.23;11.18;13.03;14.50;15.70;16.87;17.70;18.04;17.85;16.78;16.15;16.96;17.07;14.21;10.21;6.86;3.98;1.48;-0.07;0.00;0.69;1.29;1.70;1.79;1.59;1.00;-0.28;-2.29;-4.91;-7.84;-9.82;

----------------------------------------------------------


