PatientInformation
==========================================================
PatientID;No patientID
Name;,,
Date of Birth;
Sex;
Version;AutoStrainCap2 2.1.0.491925

Results
==========================================================
Global
----------------------------------------------------------
RVFWSL;-17.70;%
RV4CSL;-15.71;%
ED;0.00;ms
ES;304.39;ms

Curves
==========================================================
Longitudinal Strain
Unit [%]
Time [ms];0.00;20.43;40.86;61.29;81.72;102.14;122.57;143.00;163.43;183.86;204.29;224.72;245.15;265.57;286.00;306.43;326.86;347.29;367.72;388.15;408.58;429.00;449.43;469.86;490.29;510.72;531.15;551.58;572.01;592.43;612.86;633.29;653.72;674.15;694.58;715.01;735.44;755.87;776.29;796.72;817.15;837.58;858.01;
Basal;0.00;-1.80;-4.14;-5.46;-6.42;-7.79;-9.75;-12.93;-16.01;-17.91;-19.15;-20.28;-21.27;-21.84;-21.97;-21.64;-20.79;-19.45;-18.17;-17.65;-17.52;-17.87;-18.19;-17.85;-16.96;-15.31;-13.60;-12.48;-11.48;-10.75;-10.46;-11.11;-12.09;-12.77;-13.19;-13.27;-12.99;-12.07;-10.25;-7.34;-4.45;-2.66;-1.53;
Mid;0.00;-1.68;-3.76;-5.01;-6.09;-7.72;-9.65;-12.06;-14.13;-15.34;-16.05;-16.52;-16.85;-16.81;-16.39;-15.70;-14.77;-13.91;-13.00;-12.17;-11.66;-12.09;-12.76;-12.95;-12.69;-11.59;-10.17;-8.91;-7.85;-7.68;-8.04;-8.83;-9.75;-10.25;-10.54;-10.82;-10.85;-10.21;-8.94;-7.19;-5.13;-2.95;-1.27;
Apical;0.00;-1.71;-3.33;-4.45;-5.36;-6.65;-8.00;-9.68;-11.09;-11.93;-12.52;-13.21;-13.91;-14.19;-14.15;-13.87;-13.39;-12.91;-12.26;-11.65;-11.15;-11.58;-12.26;-12.33;-12.04;-10.74;-9.17;-7.91;-6.74;-6.40;-6.43;-6.90;-7.53;-7.92;-8.15;-8.36;-8.41;-7.90;-6.92;-5.63;-3.96;-1.70;-0.31;

----------------------------------------------------------


