PatientInformation
==========================================================
PatientID;No patientID
Name;,,
Date of Birth;
Sex;
Version;AutoStrainCap2 2.1.0.491925

Results
==========================================================
Global
----------------------------------------------------------
RVFWSL;-13.62;%
RV4CSL;-8.27;%
ED;0.00;ms
ES;249.94;ms

Curves
==========================================================
Longitudinal Strain
Unit [%]
Time [ms];0.00;22.12;44.24;66.36;88.47;110.59;132.71;154.83;176.95;199.07;221.18;243.30;265.42;287.54;309.66;331.78;353.89;376.01;398.13;420.25;442.37;464.49;
Basal;0.00;-0.31;-1.56;-2.90;-4.29;-5.65;-7.31;-9.16;-10.62;-11.57;-11.87;-11.98;-11.69;-10.80;-9.97;-7.66;-5.40;-5.78;-4.40;-2.10;-0.63;0.09;
Mid;0.00;-0.48;-1.98;-3.51;-5.00;-6.38;-7.99;-9.96;-11.64;-12.58;-12.90;-13.06;-12.96;-12.27;-11.40;-8.95;-6.59;-6.88;-5.27;-2.51;-0.80;0.08;
Apical;0.00;-0.02;-1.54;-3.05;-4.62;-6.22;-8.09;-10.09;-11.78;-13.08;-13.73;-14.24;-14.34;-14.18;-13.35;-11.08;-8.80;-8.87;-6.87;-3.88;-1.77;-0.48;

----------------------------------------------------------


