PatientInformation
==========================================================
PatientID;No patientID
Name;,,
Date of Birth;
Sex;
Version;AutoStrainCap2 2.1.0.491925

Results
==========================================================
Global
----------------------------------------------------------
LaSr_ED;25.29;%
LaScd_ED;-10.72;%
LaSct_ED;-14.57;%
LaSr_AC;22.06;%
LaScd_AC;-9.35;%
LaSct_AC;-12.70;%
ED;0.00;ms
ES;393.96;ms
PreA;680.28;ms

Curves
==========================================================
Longitudinal Strain
Unit [%]
Time [ms];0.00;11.10;22.20;33.29;44.39;55.49;66.59;77.68;88.78;99.88;110.98;122.07;133.17;144.27;155.37;166.46;177.56;188.66;199.76;210.85;221.95;233.05;244.15;255.24;266.34;277.44;288.54;299.64;310.73;321.83;332.93;344.03;355.12;366.22;377.32;388.42;399.51;410.61;421.71;432.81;443.90;455.00;466.10;477.20;488.29;499.39;510.49;521.59;532.68;543.78;554.88;565.98;577.08;588.17;599.27;610.37;621.47;632.56;643.66;654.76;665.86;676.95;688.05;699.15;710.25;721.34;732.44;743.54;754.64;765.73;776.83;787.93;799.03;810.12;821.22;832.32;843.42;854.52;865.61;876.71;887.81;898.91;910.00;921.10;932.20;943.30;954.39;
LAS_ED;0.00;-0.67;-0.91;-0.84;-0.18;0.53;1.73;3.01;4.32;5.45;6.55;7.68;9.02;10.59;12.32;14.13;15.74;17.07;18.16;19.21;20.24;21.27;22.29;23.19;23.97;24.46;24.78;24.89;24.87;24.68;24.46;24.32;24.32;24.63;24.99;25.26;25.26;25.01;24.54;24.01;23.68;23.65;23.75;23.61;23.07;21.41;19.43;17.41;15.75;14.94;14.65;14.72;14.88;15.02;15.06;15.08;15.07;15.10;15.11;15.07;14.98;14.67;14.31;13.92;13.52;13.20;12.94;12.67;12.53;12.19;11.94;11.61;11.23;10.73;10.09;9.34;8.36;7.24;6.03;4.84;4.01;2.96;2.33;1.68;1.17;0.73;0.36;
LAS_AC;-12.79;-13.38;-13.59;-13.53;-12.95;-12.33;-11.29;-10.17;-9.03;-8.04;-7.08;-6.10;-4.92;-3.56;-2.05;-0.48;0.93;2.09;3.04;3.96;4.85;5.75;6.65;7.43;8.11;8.53;8.82;8.91;8.89;8.73;8.54;8.41;8.41;8.68;9.00;9.23;9.23;9.02;8.61;8.14;7.86;7.83;7.92;7.79;7.33;5.88;4.15;2.39;0.94;0.24;-0.02;0.04;0.18;0.30;0.34;0.35;0.35;0.37;0.39;0.35;0.26;0.00;-0.31;-0.66;-1.01;-1.28;-1.51;-1.75;-1.87;-2.16;-2.38;-2.67;-3.00;-3.44;-4.00;-4.65;-5.51;-6.48;-7.54;-8.58;-9.30;-10.21;-10.77;-11.33;-11.77;-12.16;-12.48;

----------------------------------------------------------


