PatientInformation
==========================================================
PatientID;No patientID
Name;,,
Date of Birth;
Sex;
Version;AutoStrainCap2 2.1.0.491925

Results
==========================================================
Global
----------------------------------------------------------
RVFWSL;-34.90;%
RV4CSL;-26.83;%
ED;0.00;ms
ES;255.00;ms

Curves
==========================================================
Longitudinal Strain
Unit [%]
Time [ms];0.00;16.35;32.69;49.04;65.39;81.73;98.08;114.42;130.77;147.12;163.46;179.81;196.16;212.50;228.85;245.20;261.54;277.89;294.24;310.58;326.93;343.27;359.62;375.97;392.31;408.66;425.01;441.35;457.70;474.05;490.39;506.74;523.09;539.43;555.78;572.12;588.47;604.82;621.16;637.51;653.86;670.20;686.55;702.90;719.24;735.59;751.93;768.28;784.63;800.97;817.32;833.67;850.01;866.36;882.71;899.05;915.40;931.75;948.09;964.44;980.78;
Basal;0.00;-1.13;-0.63;0.03;-1.63;-4.87;-9.01;-13.50;-17.40;-19.98;-20.42;-20.09;-20.32;-22.45;-25.23;-27.28;-27.76;-26.40;-23.66;-19.65;-15.44;-11.88;-9.73;-8.67;-8.23;-10.20;-12.20;-13.74;-15.17;-15.36;-13.87;-10.36;-5.95;-2.24;-0.63;-0.23;-0.09;1.10;3.08;6.13;10.25;14.24;16.62;16.15;14.05;11.65;10.35;9.47;8.49;6.83;5.32;4.74;5.79;7.77;9.92;11.57;12.61;12.98;12.54;10.61;6.51;
Mid;0.00;-1.24;-1.17;-1.01;-2.88;-6.15;-10.24;-14.79;-18.78;-21.47;-21.97;-21.73;-22.03;-24.09;-26.74;-28.66;-29.13;-27.85;-25.31;-21.82;-18.19;-15.20;-13.39;-12.58;-12.34;-14.28;-16.21;-17.75;-19.10;-19.32;-17.87;-14.33;-9.87;-6.08;-4.50;-4.15;-4.08;-3.06;-1.25;1.67;5.81;9.85;12.34;11.92;9.89;7.59;6.39;5.62;4.74;3.22;1.86;1.44;2.70;4.93;7.40;9.44;10.92;11.68;11.49;9.81;6.04;
Apical;0.00;-2.11;-3.96;-5.81;-8.94;-12.81;-17.17;-21.85;-26.13;-29.44;-31.37;-32.67;-34.22;-36.91;-39.76;-41.40;-41.32;-39.26;-36.44;-33.34;-30.65;-28.81;-28.26;-28.61;-29.27;-30.21;-30.79;-30.48;-30.02;-28.50;-26.08;-23.25;-19.96;-17.24;-15.74;-15.16;-14.89;-13.88;-12.31;-9.70;-5.87;-1.96;0.66;0.87;-0.30;-1.76;-2.21;-2.37;-2.62;-3.44;-4.09;-3.93;-2.35;0.09;2.76;5.03;6.75;7.83;8.08;7.08;4.37;

----------------------------------------------------------


