PatientInformation
==========================================================
PatientID;No patientID
Name;,,
Date of Birth;
Sex;
Version;AutoStrainCap2 2.1.0.491925

Results
==========================================================
Global
----------------------------------------------------------
RVFWSL;-26.01;%
RV4CSL;-20.16;%
ED;0.00;ms
ES;252.00;ms

Curves
==========================================================
Longitudinal Strain
Unit [%]
Time [ms];0.00;14.40;28.80;43.20;57.60;72.00;86.40;100.80;115.20;129.60;144.00;158.40;172.80;187.20;201.60;216.00;230.40;244.80;259.20;273.60;288.00;302.40;316.80;331.20;345.60;360.00;374.40;388.80;403.20;417.60;432.00;446.40;460.80;475.20;489.60;504.00;518.40;532.80;547.20;561.60;576.00;590.40;604.80;619.20;633.60;648.00;662.40;676.80;691.20;705.60;720.00;734.40;748.80;763.20;777.60;792.00;806.40;820.80;835.20;849.60;864.00;878.40;892.80;907.20;921.60;936.00;950.40;
Basal;0.00;-0.55;-2.37;-4.77;-7.08;-9.21;-11.60;-14.44;-17.35;-19.93;-22.09;-23.81;-24.86;-25.35;-25.33;-25.67;-26.16;-26.91;-26.90;-26.23;-24.63;-22.82;-20.66;-18.51;-16.20;-14.19;-11.92;-9.39;-5.97;-2.70;-0.02;0.79;0.91;0.95;1.80;2.86;3.84;4.34;4.60;4.63;4.84;4.90;5.00;4.71;4.48;4.25;4.23;4.28;4.39;4.39;4.34;4.13;3.77;3.33;3.01;2.90;2.94;3.00;3.03;3.02;3.06;3.13;3.16;2.92;2.45;1.73;1.01;
Mid;0.00;-0.85;-3.10;-5.81;-7.82;-9.58;-11.47;-14.04;-16.68;-18.94;-20.67;-21.88;-22.86;-24.12;-25.27;-26.34;-27.01;-27.45;-27.27;-26.60;-25.18;-23.28;-20.34;-17.02;-13.46;-10.36;-7.25;-3.83;-0.95;1.90;3.73;4.17;3.74;3.32;3.74;4.47;5.20;5.60;5.78;5.73;5.69;5.51;5.37;5.00;4.75;4.53;4.56;4.65;4.78;4.74;4.64;4.40;4.07;3.69;3.42;3.33;3.39;3.52;3.63;3.76;3.90;4.02;4.03;3.73;3.16;2.28;1.34;
Apical;0.00;-0.97;-2.82;-5.15;-7.02;-8.68;-10.40;-12.75;-15.02;-16.88;-18.39;-19.44;-20.18;-20.82;-21.29;-21.80;-22.31;-22.75;-22.70;-22.22;-21.13;-19.81;-18.20;-16.29;-13.71;-10.47;-6.74;-2.82;0.58;3.53;5.41;5.40;4.58;3.78;4.19;5.00;5.86;6.37;6.66;6.72;6.85;6.80;6.79;6.40;6.13;5.87;5.83;5.87;5.96;5.95;5.90;5.76;5.50;5.20;4.95;4.87;4.88;4.93;4.95;4.99;5.07;5.12;5.09;4.73;4.12;3.15;2.04;

----------------------------------------------------------


