PatientInformation
==========================================================
PatientID;No patientID
Name;,,
Date of Birth;
Sex;
Version;AutoStrainCap2 2.1.0.491925

Results
==========================================================
Global
----------------------------------------------------------
LaSr_ED;38.98;%
LaScd_ED;-14.76;%
LaSct_ED;-24.22;%
LaSr_AC;31.31;%
LaScd_AC;-11.85;%
LaSct_AC;-19.46;%
ED;0.00;ms
ES;442.24;ms
PreA;624.01;ms

Curves
==========================================================
Longitudinal Strain
Unit [%]
Time [ms];0.00;18.74;37.48;56.22;74.96;93.70;112.44;131.17;149.91;168.65;187.39;206.13;224.87;243.61;262.35;281.09;299.83;318.57;337.31;356.04;374.78;393.52;412.26;431.00;449.74;468.48;487.22;505.96;524.70;543.44;562.18;580.91;599.65;618.39;637.13;655.87;674.61;693.35;712.09;730.83;749.57;768.31;787.05;
LAS_ED;0.00;-0.77;-0.56;-0.83;0.26;3.78;8.22;11.43;14.09;16.93;19.84;23.15;26.02;27.84;29.20;31.23;32.75;33.65;34.02;34.62;35.40;36.52;37.80;38.77;38.75;36.63;34.12;31.72;29.92;28.42;27.43;26.43;25.61;24.51;23.78;23.79;24.08;23.61;22.07;18.96;14.10;8.31;3.29;
LAS_AC;-19.68;-20.30;-20.13;-20.35;-19.47;-16.65;-13.08;-10.50;-8.36;-6.09;-3.75;-1.08;1.22;2.68;3.77;5.40;6.62;7.34;7.64;8.12;8.75;9.65;10.68;11.46;11.44;9.73;7.72;5.80;4.35;3.14;2.35;1.54;0.89;0.00;-0.58;-0.57;-0.34;-0.72;-1.95;-4.46;-8.36;-13.01;-17.04;

----------------------------------------------------------


