PatientInformation
==========================================================
PatientID;No patientID
Name;,,
Date of Birth;
Sex;
Version;AutoStrainCap2 2.1.0.491925

Results
==========================================================
Global
----------------------------------------------------------
RVFWSL;-20.73;%
RV4CSL;-16.43;%
ED;0.00;ms
ES;299.83;ms

Curves
==========================================================
Longitudinal Strain
Unit [%]
Time [ms];0.00;18.74;37.48;56.22;74.96;93.70;112.44;131.17;149.91;168.65;187.39;206.13;224.87;243.61;262.35;281.09;299.83;318.57;337.31;356.04;374.78;393.52;412.26;431.00;449.74;468.48;487.22;505.96;524.70;543.44;562.18;580.91;599.65;618.39;637.13;655.87;674.61;693.35;712.09;730.83;749.57;768.31;787.05;
Basal;0.00;-1.42;-2.44;-3.11;-3.75;-4.43;-5.36;-6.83;-8.27;-9.28;-10.25;-11.61;-12.85;-13.51;-13.91;-14.24;-14.30;-13.90;-13.48;-14.22;-14.54;-13.96;-12.76;-11.65;-10.60;-9.38;-7.94;-6.13;-4.50;-4.26;-4.23;-4.00;-3.86;-3.94;-4.19;-4.71;-4.70;-2.94;-0.60;1.75;3.40;3.71;2.96;
Mid;0.00;-2.75;-5.16;-5.88;-6.22;-7.32;-8.83;-10.80;-12.75;-14.39;-16.03;-18.06;-19.82;-20.77;-21.35;-21.91;-22.27;-22.26;-22.06;-22.05;-21.58;-20.38;-18.77;-17.16;-15.66;-14.22;-12.66;-10.98;-9.37;-8.33;-7.44;-6.73;-6.35;-6.60;-7.02;-7.51;-7.53;-6.38;-4.57;-2.22;-0.15;1.09;1.38;
Apical;0.00;-2.89;-5.11;-6.06;-6.75;-8.10;-9.80;-11.83;-13.78;-15.56;-17.34;-19.31;-21.02;-22.13;-22.93;-23.73;-24.36;-24.48;-24.49;-24.04;-23.18;-22.00;-20.44;-18.99;-17.61;-16.18;-14.53;-12.54;-10.45;-9.14;-8.09;-7.33;-6.88;-6.64;-6.47;-6.49;-6.17;-4.87;-3.02;-0.76;1.22;2.36;2.37;

----------------------------------------------------------


