PatientInformation
==========================================================
PatientID;No patientID
Name;,,
Date of Birth;
Sex;
Version;AutoStrainCap2 2.1.0.491925

Results
==========================================================
Global
----------------------------------------------------------
LaSr_ED;4.59;%
LaScd_ED;-8.36;%
LaSct_ED;3.77;%
LaSr_AC;4.77;%
LaScd_AC;-8.68;%
LaSct_AC;3.91;%
ED;0.00;ms
ES;385.77;ms
PreA;507.04;ms

Curves
==========================================================
Longitudinal Strain
Unit [%]
Time [ms];0.00;10.45;20.91;31.36;41.82;52.27;62.73;73.18;83.64;94.09;104.54;115.00;125.45;135.91;146.36;156.82;167.27;177.72;188.18;198.63;209.09;219.54;230.00;240.45;250.91;261.36;271.81;282.27;292.72;303.18;313.63;324.09;334.54;345.00;355.45;365.90;376.36;386.81;397.27;407.72;418.18;428.63;439.08;449.54;459.99;470.45;480.90;491.36;501.81;512.27;522.72;533.17;543.63;554.08;564.54;574.99;585.45;595.90;606.36;616.81;
LAS_ED;0.00;2.53;2.30;0.90;0.33;0.49;0.80;1.07;1.08;0.96;0.42;-0.03;-0.32;-0.10;0.25;0.61;0.65;0.56;0.38;0.20;0.10;0.13;0.39;0.77;1.14;1.44;1.64;1.77;1.80;1.83;1.96;2.29;2.79;3.32;3.88;4.26;4.50;4.59;4.38;3.74;2.72;1.46;0.08;-1.16;-2.22;-2.90;-3.44;-3.70;-3.78;-3.72;-3.51;-3.20;-2.65;-2.09;-1.31;-0.87;-0.54;-0.91;-1.97;-2.30;
LAS_AC;3.86;6.50;6.26;4.80;4.21;4.38;4.70;4.98;4.98;4.86;4.30;3.84;3.54;3.76;4.13;4.50;4.54;4.44;4.26;4.07;3.97;4.01;4.27;4.66;5.05;5.36;5.57;5.70;5.73;5.77;5.90;6.25;6.76;7.31;7.90;8.29;8.54;8.63;8.41;7.75;6.69;5.38;3.95;2.66;1.56;0.85;0.30;0.03;-0.06;0.00;0.22;0.54;1.11;1.69;2.51;2.96;3.31;2.92;1.82;1.47;

----------------------------------------------------------


