PatientInformation
==========================================================
PatientID;No patientID
Name;,,
Date of Birth;
Sex;
Version;AutoStrainCap2 2.1.0.491925

Results
==========================================================
Global
----------------------------------------------------------
GLS(3P);-3.78;%
GLS(4Ch);-0.18;%
GLS(2Ch);-1.87;%
GLS(3Ch);-9.28;%
ED;0.00;ms
ES;331.62;ms

Results
==========================================================
Longitudinal Strain
T2P
Minimum
----------------------------------------------------------
Segment 0 [mean];253.28;ms
----------------------------------------------------------
Segment 1 [ant];428.07;ms
Segment 2 [ant/sept];361.93;ms
Segment 3 [inf/sept];409.70;ms
Segment 4 [inf];421.64;ms
Segment 5 [inf/lat];327.03;ms
Segment 6 [ant/lat];11.94;ms
----------------------------------------------------------
Segment 7 [ant];59.71;ms
Segment 8 [ant/sept];351.83;ms
Segment 9 [inf/sept];32.15;ms
Segment 10 [inf];335.29;ms
Segment 11 [inf/lat];276.50;ms
Segment 12 [ant/lat];395.00;ms
----------------------------------------------------------
Segment 13 [ant];57.87;ms
Segment 14 [ant/sept];333.46;ms
Segment 15 [inf/sept];40.42;ms
Segment 16 [inf];56.04;ms
Segment 17 [inf/lat];237.92;ms
Segment 18 [ant/lat];422.56;ms
----------------------------------------------------------


Results
==========================================================
Longitudinal Strain
End-systolic

----------------------------------------------------------
Segment 0 [mean];-2.64;%
----------------------------------------------------------
Segment 1 [ant];-3.19;%
Segment 2 [ant/sept];-9.29;%
Segment 3 [inf/sept];-0.87;%
Segment 4 [inf];-4.14;%
Segment 5 [inf/lat];-18.94;%
Segment 6 [ant/lat];1.63;%
----------------------------------------------------------
Segment 7 [ant];0.39;%
Segment 8 [ant/sept];-5.19;%
Segment 9 [inf/sept];3.35;%
Segment 10 [inf];-9.11;%
Segment 11 [inf/lat];-6.58;%
Segment 12 [ant/lat];-2.05;%
----------------------------------------------------------
Segment 13 [ant];5.42;%
Segment 14 [ant/sept];-11.67;%
Segment 15 [inf/sept];5.39;%
Segment 16 [inf];11.16;%
Segment 17 [inf/lat];-2.97;%
Segment 18 [ant/lat];-0.81;%
----------------------------------------------------------


Results
==========================================================
Longitudinal Strain
Peak-systolic

----------------------------------------------------------
Segment 0 [mean];-4.86;%
----------------------------------------------------------
Segment 1 [ant];-3.36;%
Segment 2 [ant/sept];-9.29;%
Segment 3 [inf/sept];-0.87;%
Segment 4 [inf];-4.14;%
Segment 5 [inf/lat];-19.17;%
Segment 6 [ant/lat];-0.49;%
----------------------------------------------------------
Segment 7 [ant];-3.27;%
Segment 8 [ant/sept];-5.19;%
Segment 9 [inf/sept];-1.88;%
Segment 10 [inf];-9.11;%
Segment 11 [inf/lat];-8.29;%
Segment 12 [ant/lat];-2.05;%
----------------------------------------------------------
Segment 13 [ant];-0.18;%
Segment 14 [ant/sept];-11.67;%
Segment 15 [inf/sept];-2.29;%
Segment 16 [inf];-1.32;%
Segment 17 [inf/lat];-3.95;%
Segment 18 [ant/lat];-0.99;%
----------------------------------------------------------


Curves
==========================================================
Longitudinal Strain
Unit [%]
Time [ms];0.00;9.19;18.37;27.56;36.74;45.93;55.12;64.30;73.49;82.68;91.86;101.05;110.23;119.42;128.61;137.79;146.98;156.16;165.35;174.54;183.72;192.91;202.09;211.28;220.47;229.65;238.84;248.03;257.21;266.40;275.58;284.77;293.96;303.14;312.33;321.51;330.70;339.89;349.07;358.26;367.44;376.63;385.82;395.00;404.19;413.38;422.56;431.75;440.93;450.12;459.31;468.49;477.68;
Total;0.00;0.13;-0.08;-0.23;-0.29;-0.21;0.00;0.41;0.77;1.02;1.21;1.33;1.38;1.36;1.33;1.11;0.84;0.72;0.59;0.45;0.33;0.17;-0.08;-0.34;-0.55;-0.76;-0.90;-0.97;-1.09;-1.33;-1.59;-1.75;-1.92;-2.14;-2.36;-2.55;-2.68;-2.67;-2.52;-2.22;-1.86;-1.62;-1.43;-1.29;-1.22;-1.19;-1.12;-1.04;-1.06;-1.01;-0.89;-1.03;-0.86;
Segment 1;0.00;0.04;-0.04;-0.42;-1.54;-2.35;-2.66;-2.28;-2.11;-2.04;-1.69;-1.70;-1.82;-1.75;-1.53;-1.31;-1.22;-1.33;-1.59;-1.95;-1.71;-1.51;-1.62;-1.63;-1.68;-1.80;-1.84;-2.06;-2.42;-2.66;-2.80;-2.88;-3.04;-3.23;-3.36;-3.28;-3.20;-3.08;-2.85;-2.56;-2.39;-2.48;-2.73;-3.04;-3.35;-3.56;-3.68;-3.69;-3.46;-2.96;-2.21;-1.62;-0.90;
Segment 2;0.00;2.36;3.47;4.43;5.10;5.49;5.71;6.04;6.23;6.14;5.96;5.67;5.39;5.05;4.61;4.04;3.34;2.67;2.02;1.44;0.91;0.25;-0.33;-0.77;-1.17;-1.78;-2.13;-2.16;-2.20;-2.97;-3.94;-4.71;-5.56;-6.74;-7.92;-8.66;-9.23;-9.76;-10.21;-10.52;-10.35;-8.80;-7.00;-6.08;-5.40;-4.50;-3.64;-3.05;-2.70;-2.57;-2.86;-3.82;-3.37;
Segment 3;0.00;1.14;2.29;3.54;5.14;6.47;7.42;7.94;8.28;8.34;8.14;7.81;7.49;7.23;7.07;7.06;6.98;6.58;6.19;5.82;5.45;4.87;4.24;3.64;3.24;2.95;2.72;2.50;2.08;1.58;1.08;0.74;0.37;-0.06;-0.46;-0.70;-0.85;-1.10;-1.37;-1.65;-1.96;-2.27;-2.32;-2.19;-2.84;-2.93;-2.51;-1.99;-1.62;-1.23;-0.72;-0.54;-0.34;
Segment 4;0.00;-0.45;-1.09;-1.51;-0.24;1.04;2.34;4.36;5.42;5.82;6.30;6.33;6.07;5.75;5.40;5.03;4.65;4.30;3.96;3.60;3.32;2.92;2.34;2.00;1.57;0.99;0.46;-0.09;-0.65;-1.08;-1.49;-1.91;-2.39;-2.80;-3.16;-3.52;-4.08;-4.68;-5.11;-5.40;-5.76;-6.41;-6.97;-7.37;-7.53;-8.28;-8.65;-8.15;-7.66;-6.75;-5.30;-3.64;-1.85;
Segment 5;0.00;-0.96;-2.88;-3.25;-2.69;-1.40;-0.08;0.95;1.62;1.40;1.03;0.36;-0.55;-2.50;-4.93;-8.85;-12.48;-13.86;-14.77;-15.27;-15.77;-16.09;-16.46;-17.08;-17.61;-17.82;-17.76;-17.18;-16.79;-17.34;-17.91;-17.72;-17.42;-17.77;-18.22;-18.93;-19.03;-17.39;-15.29;-12.51;-9.85;-8.22;-7.12;-5.91;-4.64;-3.23;-1.97;-1.39;-1.20;-1.17;-1.38;-1.97;-1.67;
Segment 6;0.00;-0.46;-0.35;0.35;1.43;2.81;4.09;4.84;5.97;7.02;7.76;8.11;8.62;9.36;10.17;10.47;10.43;10.35;10.00;9.64;9.40;9.27;8.48;7.10;5.96;5.27;4.88;4.51;4.06;3.66;3.40;3.24;2.97;2.58;2.14;1.84;1.65;1.45;1.50;1.55;1.44;1.22;1.13;1.22;1.20;1.30;1.34;0.91;0.89;1.26;1.90;1.46;0.72;
Segment 7;0.00;-0.12;-0.18;-0.31;-1.00;-2.09;-3.11;-3.18;-2.51;-1.57;-1.13;-0.90;-0.76;-0.57;-0.29;-0.07;-0.04;0.05;0.20;0.41;0.61;0.63;0.42;0.38;0.40;0.45;0.49;0.51;0.51;0.51;0.46;0.37;0.30;0.28;0.31;0.38;0.39;0.39;0.51;0.58;0.63;0.67;0.64;0.55;0.42;0.26;0.16;0.15;-0.04;-0.08;0.10;0.12;0.08;
Segment 8;0.00;-0.44;-1.36;-1.65;-1.32;-0.42;0.65;1.39;2.07;2.85;3.53;3.94;4.22;4.55;4.76;4.63;4.37;4.10;3.85;3.56;3.29;3.13;2.94;2.62;2.32;2.23;2.21;2.10;1.87;1.40;0.76;-0.01;-0.94;-2.07;-3.23;-4.26;-5.11;-5.86;-6.25;-6.10;-5.40;-4.94;-4.05;-2.33;-0.78;-0.03;0.22;0.23;0.09;-0.05;-0.46;-1.32;-1.68;
Segment 9;0.00;-0.86;-1.50;-1.82;-1.82;-1.30;-0.50;0.32;1.02;1.79;2.71;3.60;4.33;4.91;5.36;5.83;6.28;6.62;6.85;6.93;6.87;6.69;6.49;6.29;6.06;5.75;5.46;5.36;5.14;4.91;4.72;4.44;4.17;3.92;3.66;3.49;3.36;3.19;3.03;2.87;2.70;2.49;2.15;1.66;1.15;0.70;0.33;0.09;-0.07;-0.16;-0.21;-0.17;-0.09;
Segment 10;0.00;0.32;0.33;-0.08;-1.10;-2.06;-2.58;-1.88;-1.71;-1.95;-2.18;-2.34;-2.47;-2.59;-2.75;-2.98;-3.29;-3.58;-3.89;-4.25;-4.68;-5.10;-5.47;-5.77;-6.10;-6.50;-6.89;-7.26;-7.60;-7.82;-8.07;-8.35;-8.56;-8.78;-8.97;-9.06;-9.11;-9.11;-9.04;-8.90;-8.84;-9.04;-9.12;-9.07;-8.91;-8.80;-8.30;-7.21;-6.17;-4.98;-3.61;-2.45;-1.26;
Segment 11;0.00;-0.29;-1.17;-1.87;-2.28;-2.57;-2.61;-2.45;-2.27;-2.14;-2.22;-2.35;-2.68;-3.08;-3.64;-4.16;-4.63;-5.17;-5.67;-6.15;-6.52;-6.78;-6.96;-7.10;-7.28;-7.58;-7.81;-7.84;-7.89;-8.10;-8.29;-8.17;-7.85;-7.37;-6.97;-6.80;-6.60;-6.34;-5.94;-4.92;-3.72;-2.64;-1.78;-1.19;-0.68;-0.17;0.21;0.33;0.32;0.36;0.23;-0.36;-0.59;
Segment 12;0.00;0.76;1.06;1.05;1.27;1.71;2.22;2.64;3.01;3.29;3.46;3.69;3.78;3.79;3.93;3.84;3.64;3.49;3.25;2.99;2.73;2.34;1.91;1.53;1.31;1.03;0.75;0.54;0.26;-0.06;-0.39;-0.61;-0.86;-1.17;-1.50;-1.79;-2.03;-2.24;-2.44;-2.55;-2.51;-2.54;-2.61;-2.68;-2.63;-2.59;-2.55;-2.45;-2.41;-2.17;-1.56;-1.43;-0.99;
Segment 13;0.00;0.86;1.55;1.88;1.37;0.56;-0.13;-0.02;0.45;1.08;1.59;2.27;2.97;3.50;4.03;4.49;4.81;5.15;5.52;5.88;6.11;6.21;6.20;6.10;6.02;5.98;5.86;5.80;5.81;5.79;5.75;5.70;5.62;5.57;5.54;5.50;5.42;5.34;5.30;5.23;5.11;4.90;4.51;4.04;3.62;3.14;2.78;2.60;1.98;1.30;0.70;0.29;0.07;
Segment 14;0.00;-0.48;-1.80;-3.11;-3.92;-4.14;-4.19;-4.75;-5.35;-5.57;-5.73;-6.02;-6.37;-6.66;-6.98;-7.45;-7.86;-8.02;-8.11;-8.24;-8.50;-8.94;-9.40;-9.64;-9.73;-9.70;-9.64;-9.54;-9.52;-9.63;-9.85;-10.21;-10.60;-10.78;-10.98;-11.40;-11.66;-11.61;-11.18;-10.35;-8.96;-7.23;-5.31;-3.90;-3.01;-2.37;-2.07;-1.88;-1.74;-1.70;-1.85;-2.31;-2.06;
Segment 15;0.00;-0.43;-1.14;-1.93;-2.26;-2.25;-2.03;-1.75;-1.49;-1.23;-0.92;-0.18;0.43;0.83;1.21;1.61;2.04;2.53;3.02;3.41;3.63;3.80;3.99;4.21;4.40;4.53;4.59;4.64;4.72;4.74;4.67;4.67;4.72;4.80;4.91;5.10;5.36;5.62;5.96;6.34;6.72;6.83;6.66;6.24;5.75;5.20;4.59;3.95;3.28;2.51;1.57;0.79;0.27;
Segment 16;0.00;0.99;1.37;1.05;0.32;-0.61;-1.31;-0.94;-0.39;0.23;0.89;1.76;2.74;3.69;4.78;5.83;6.68;7.53;8.29;8.93;9.60;10.17;10.57;10.84;11.00;11.07;11.14;11.18;11.21;11.25;11.29;11.33;11.34;11.31;11.27;11.20;11.16;11.15;11.16;11.02;10.69;10.11;9.34;8.49;7.61;6.49;5.47;4.68;3.39;2.24;1.47;0.77;0.28;
Segment 17;0.00;0.32;-0.15;-0.47;-0.79;-1.00;-1.20;-1.73;-2.23;-2.59;-2.92;-3.16;-3.30;-3.37;-3.37;-3.38;-3.39;-3.32;-3.31;-3.44;-3.61;-3.74;-3.85;-3.88;-3.89;-3.92;-3.95;-3.90;-3.85;-3.79;-3.70;-3.60;-3.44;-3.24;-3.03;-2.99;-2.98;-2.87;-2.67;-2.26;-1.79;-1.50;-1.40;-1.47;-1.62;-1.56;-1.49;-1.50;-1.55;-1.59;-1.79;-2.28;-2.06;
Segment 18;0.00;0.33;0.43;0.23;-0.39;-0.81;-0.98;-0.88;-0.84;-0.85;-0.90;-0.82;-0.87;-0.99;-0.96;-0.97;-0.95;-0.80;-0.72;-0.71;-0.78;-0.79;-0.76;-0.68;-0.53;-0.53;-0.60;-0.60;-0.55;-0.57;-0.72;-0.80;-0.85;-0.87;-0.86;-0.83;-0.81;-0.79;-0.76;-0.70;-0.58;-0.62;-0.73;-0.85;-0.89;-0.99;-1.09;-1.00;-0.95;-0.83;-0.57;-0.52;-0.36;

----------------------------------------------------------


Curves
==========================================================
Longitudinal Strain Rate
Unit [1/s]
Time [ms];0.00;9.19;18.37;27.56;36.74;45.93;55.12;64.30;73.49;82.68;91.86;101.05;110.23;119.42;128.61;137.79;146.98;156.16;165.35;174.54;183.72;192.91;202.09;211.28;220.47;229.65;238.84;248.03;257.21;266.40;275.58;284.77;293.96;303.14;312.33;321.51;330.70;339.89;349.07;358.26;367.44;376.63;385.82;395.00;404.19;413.38;422.56;431.75;440.93;450.12;459.31;468.49;477.68;
Segment 1;0.06;-0.01;-0.20;-0.85;-1.15;-0.63;0.09;0.35;0.08;0.25;0.22;-0.11;-0.04;0.17;0.26;0.18;-0.01;-0.20;-0.40;-0.07;0.31;0.03;-0.09;-0.02;-0.10;-0.08;-0.12;-0.34;-0.34;-0.20;-0.11;-0.13;-0.20;-0.19;-0.02;0.10;0.09;0.19;0.30;0.27;0.05;-0.20;-0.31;-0.35;-0.29;-0.18;-0.08;0.11;0.39;0.72;0.73;0.68;0.89;
Segment 2;2.76;1.89;1.05;0.90;0.57;0.30;0.30;0.32;0.05;-0.16;-0.26;-0.31;-0.33;-0.42;-0.54;-0.70;-0.76;-0.72;-0.67;-0.59;-0.65;-0.69;-0.55;-0.43;-0.56;-0.57;-0.19;0.04;-0.42;-1.02;-0.96;-0.84;-1.11;-1.34;-1.05;-0.68;-0.59;-0.54;-0.44;-0.17;0.95;1.99;1.51;0.78;0.85;1.00;0.80;0.50;0.27;-0.04;-0.80;-0.56;2.17;
Segment 3;1.24;1.24;1.28;1.58;1.64;1.25;0.79;0.45;0.23;-0.08;-0.31;-0.37;-0.32;-0.23;-0.09;-0.02;-0.27;-0.45;-0.41;-0.39;-0.51;-0.67;-0.69;-0.55;-0.37;-0.27;-0.23;-0.34;-0.51;-0.56;-0.45;-0.37;-0.44;-0.47;-0.35;-0.19;-0.21;-0.29;-0.30;-0.32;-0.36;-0.22;0.13;-0.31;-0.50;0.22;0.56;0.49;0.39;0.52;0.39;0.17;0.30;
Segment 4;-0.46;-0.60;-0.72;0.48;1.53;1.33;1.87;1.78;0.71;0.47;0.31;-0.15;-0.33;-0.37;-0.39;-0.41;-0.40;-0.37;-0.39;-0.34;-0.35;-0.57;-0.51;-0.38;-0.57;-0.61;-0.58;-0.62;-0.54;-0.44;-0.44;-0.50;-0.50;-0.42;-0.38;-0.49;-0.66;-0.57;-0.38;-0.32;-0.56;-0.69;-0.54;-0.24;-0.50;-0.72;0.11;0.57;0.71;1.30;1.72;1.88;1.99;
Segment 5;-0.86;-1.69;-1.39;0.18;1.06;1.49;1.30;0.97;0.23;-0.37;-0.56;-0.80;-1.55;-2.35;-3.49;-4.39;-2.72;-1.10;-0.75;-0.53;-0.45;-0.34;-0.55;-0.67;-0.41;-0.10;0.37;0.64;-0.09;-0.74;-0.22;0.38;-0.02;-0.46;-0.67;-0.59;0.86;2.12;2.68;3.09;2.36;1.39;1.23;1.35;1.47;1.52;1.02;0.37;0.11;-0.07;-0.51;-0.29;1.13;
Segment 6;-0.57;-0.23;0.46;0.98;1.37;1.52;1.06;0.99;1.24;0.99;0.56;0.43;0.68;0.90;0.64;0.10;-0.07;-0.23;-0.41;-0.35;-0.15;-0.44;-1.25;-1.44;-0.99;-0.56;-0.39;-0.45;-0.48;-0.36;-0.22;-0.22;-0.36;-0.48;-0.41;-0.25;-0.22;-0.09;0.08;-0.02;-0.20;-0.19;0.02;0.04;0.04;0.12;-0.24;-0.31;0.19;0.66;0.16;-0.73;-0.81;
Segment 7;-0.15;-0.10;-0.05;-0.42;-1.01;-1.24;-0.64;0.38;0.96;0.78;0.33;0.19;0.17;0.26;0.30;0.12;0.04;0.13;0.20;0.24;0.14;-0.13;-0.16;0.00;0.04;0.05;0.04;0.00;0.00;-0.02;-0.09;-0.10;-0.05;0.01;0.07;0.05;-0.01;0.07;0.11;0.06;0.05;0.01;-0.07;-0.12;-0.16;-0.15;-0.04;-0.11;-0.16;0.10;0.13;-0.02;-0.07;
Segment 8;-0.39;-0.79;-0.74;0.03;0.69;1.13;1.00;0.74;0.80;0.82;0.59;0.35;0.33;0.32;0.04;-0.24;-0.30;-0.28;-0.29;-0.32;-0.23;-0.17;-0.28;-0.36;-0.21;-0.04;-0.06;-0.17;-0.38;-0.61;-0.77;-0.92;-1.13;-1.27;-1.21;-1.02;-0.88;-0.65;-0.15;0.52;0.64;0.64;1.47;1.90;1.26;0.50;0.13;-0.08;-0.15;-0.26;-0.73;-0.86;0.74;
Segment 9;-0.97;-0.83;-0.53;-0.19;0.28;0.75;0.91;0.82;0.78;0.93;1.01;0.89;0.71;0.55;0.50;0.51;0.44;0.31;0.17;0.01;-0.14;-0.21;-0.21;-0.23;-0.30;-0.35;-0.20;-0.16;-0.26;-0.22;-0.25;-0.31;-0.28;-0.28;-0.24;-0.15;-0.16;-0.19;-0.17;-0.18;-0.20;-0.29;-0.46;-0.56;-0.53;-0.45;-0.33;-0.21;-0.13;-0.08;-0.01;0.07;0.10;
Segment 10;0.38;0.20;-0.19;-0.81;-1.15;-0.89;0.17;0.60;-0.09;-0.29;-0.21;-0.15;-0.13;-0.15;-0.20;-0.30;-0.33;-0.32;-0.36;-0.43;-0.47;-0.44;-0.36;-0.33;-0.40;-0.44;-0.42;-0.39;-0.30;-0.25;-0.29;-0.27;-0.23;-0.23;-0.15;-0.07;-0.03;0.03;0.12;0.14;-0.09;-0.18;-0.01;0.13;0.13;0.28;0.91;1.20;1.19;1.42;1.39;1.26;1.34;
Segment 11;-0.22;-0.66;-0.93;-0.59;-0.38;-0.19;0.08;0.20;0.19;0.02;-0.12;-0.25;-0.39;-0.53;-0.61;-0.53;-0.55;-0.57;-0.54;-0.47;-0.34;-0.23;-0.16;-0.16;-0.27;-0.31;-0.14;-0.01;-0.14;-0.26;-0.05;0.25;0.45;0.51;0.30;0.18;0.25;0.32;0.77;1.26;1.26;1.06;0.79;0.58;0.55;0.50;0.27;0.04;0.02;-0.01;-0.43;-0.55;0.22;
Segment 12;0.90;0.60;0.10;0.08;0.38;0.54;0.51;0.43;0.36;0.23;0.22;0.19;0.03;0.09;0.05;-0.18;-0.19;-0.21;-0.28;-0.27;-0.35;-0.46;-0.45;-0.32;-0.26;-0.32;-0.26;-0.25;-0.34;-0.37;-0.30;-0.24;-0.30;-0.36;-0.34;-0.28;-0.24;-0.23;-0.18;-0.02;0.02;-0.06;-0.09;-0.01;0.06;0.04;0.08;0.07;0.11;0.52;0.41;0.23;0.80;
Segment 13;0.96;0.87;0.61;-0.11;-0.79;-0.89;-0.33;0.37;0.63;0.61;0.63;0.78;0.67;0.57;0.56;0.41;0.35;0.39;0.41;0.33;0.18;0.05;-0.07;-0.11;-0.06;-0.09;-0.11;-0.01;0.00;-0.04;-0.05;-0.07;-0.07;-0.04;-0.04;-0.06;-0.09;-0.07;-0.05;-0.10;-0.17;-0.33;-0.49;-0.48;-0.50;-0.48;-0.25;-0.41;-0.75;-0.71;-0.55;-0.34;-0.15;
Segment 14;-0.38;-0.99;-1.54;-1.19;-0.54;-0.06;-0.32;-0.70;-0.45;-0.17;-0.24;-0.36;-0.35;-0.32;-0.43;-0.50;-0.31;-0.12;-0.11;-0.20;-0.39;-0.52;-0.39;-0.18;-0.02;0.05;0.09;0.08;-0.05;-0.18;-0.31;-0.43;-0.31;-0.17;-0.35;-0.41;-0.12;0.26;0.67;1.21;1.72;2.05;1.86;1.23;0.83;0.50;0.25;0.18;0.10;-0.03;-0.38;-0.28;1.30;
Segment 15;-0.42;-0.61;-0.88;-0.64;-0.15;0.14;0.29;0.30;0.28;0.27;0.59;0.78;0.53;0.41;0.42;0.45;0.51;0.55;0.49;0.33;0.20;0.19;0.22;0.23;0.18;0.10;0.05;0.07;0.07;-0.03;-0.05;0.03;0.07;0.10;0.16;0.26;0.28;0.32;0.39;0.44;0.29;-0.04;-0.34;-0.50;-0.57;-0.64;-0.68;-0.70;-0.78;-0.96;-0.96;-0.71;-0.42;
Segment 16;1.17;0.79;0.01;-0.60;-0.94;-0.98;-0.17;0.58;0.64;0.69;0.83;1.02;1.05;1.11;1.19;1.03;0.91;0.89;0.76;0.71;0.68;0.53;0.36;0.24;0.12;0.07;0.06;0.03;0.04;0.05;0.04;0.02;-0.01;-0.04;-0.07;-0.06;-0.03;0.01;-0.05;-0.25;-0.50;-0.74;-0.89;-0.93;-1.09;-1.20;-0.94;-1.13;-1.40;-1.03;-0.79;-0.66;-0.40;
Segment 17;0.48;-0.10;-0.50;-0.34;-0.29;-0.18;-0.40;-0.60;-0.47;-0.37;-0.32;-0.21;-0.11;-0.03;0.00;-0.02;0.03;0.06;-0.07;-0.17;-0.17;-0.13;-0.08;-0.02;-0.02;-0.04;0.01;0.07;0.05;0.08;0.11;0.14;0.19;0.24;0.14;0.01;0.06;0.16;0.33;0.51;0.43;0.21;0.01;-0.14;-0.05;0.09;0.03;-0.04;-0.04;-0.10;-0.42;-0.31;1.28;
Segment 18;0.39;0.26;-0.04;-0.48;-0.61;-0.32;-0.01;0.10;0.01;-0.05;0.02;0.04;-0.11;-0.05;0.02;-0.02;0.10;0.15;0.05;-0.04;-0.05;0.01;0.05;0.14;0.09;-0.06;-0.05;0.04;0.03;-0.11;-0.14;-0.06;-0.04;-0.00;0.02;0.02;0.03;0.02;0.04;0.12;0.05;-0.10;-0.14;-0.08;-0.06;-0.13;-0.00;0.09;0.08;0.23;0.17;0.08;0.29;

----------------------------------------------------------


Curves
==========================================================
Global Strain A2C
Unit [%]
Time [ms];0.00;9.19;18.37;27.56;36.74;45.93;55.12;64.30;73.49;82.68;91.86;101.05;110.23;119.42;128.61;137.79;146.98;156.16;165.35;174.54;183.72;192.91;202.09;211.28;220.47;229.65;238.84;248.03;257.21;266.40;275.58;284.77;293.96;303.14;312.33;321.51;330.70;339.89;349.07;358.26;367.44;376.63;385.82;395.00;404.19;413.38;422.56;431.75;440.93;450.12;459.31;468.49;477.68;
Total;0.00;0.28;0.34;0.14;-0.35;-0.93;-1.27;-0.71;-0.20;0.21;0.59;0.87;1.10;1.32;1.60;1.84;1.95;2.04;2.11;2.14;2.26;2.28;2.14;2.06;1.94;1.78;1.63;1.45;1.24;1.10;0.97;0.83;0.66;0.52;0.40;0.34;0.24;0.15;0.14;0.15;0.06;-0.21;-0.55;-0.90;-1.19;-1.62;-1.87;-1.79;-1.87;-1.76;-1.39;-1.04;-0.57;

----------------------------------------------------------


Curves
==========================================================
Global Strain Rate A2C
Unit [1/s]
Time [ms];0.00;9.19;18.37;27.56;36.74;45.93;55.12;64.30;73.49;82.68;91.86;101.05;110.23;119.42;128.61;137.79;146.98;156.16;165.35;174.54;183.72;192.91;202.09;211.28;220.47;229.65;238.84;248.03;257.21;266.40;275.58;284.77;293.96;303.14;312.33;321.51;330.70;339.89;349.07;358.26;367.44;376.63;385.82;395.00;404.19;413.38;422.56;431.75;440.93;450.12;459.31;468.49;477.68;
Total;0.33;0.20;-0.07;-0.39;-0.61;-0.57;0.14;0.66;0.49;0.43;0.36;0.27;0.24;0.28;0.30;0.18;0.10;0.09;0.04;0.08;0.09;-0.08;-0.13;-0.09;-0.15;-0.17;-0.18;-0.22;-0.19;-0.14;-0.15;-0.17;-0.17;-0.15;-0.09;-0.08;-0.11;-0.05;0.01;-0.03;-0.20;-0.35;-0.38;-0.34;-0.40;-0.41;-0.06;0.01;-0.02;0.28;0.41;0.43;0.57;

----------------------------------------------------------


Curves
==========================================================
Global Strain A3C
Unit [%]
Time [ms];0.00;9.19;18.37;27.56;36.74;45.93;55.12;64.30;73.49;82.68;91.86;101.05;110.23;119.42;128.61;137.79;146.98;156.16;165.35;174.54;183.72;192.91;202.09;211.28;220.47;229.65;238.84;248.03;257.21;266.40;275.58;284.77;293.96;303.14;312.33;321.51;330.70;339.89;349.07;358.26;367.44;376.63;385.82;395.00;404.19;413.38;422.56;431.75;440.93;450.12;459.31;468.49;477.68;
Total;0.00;0.03;-0.76;-1.12;-1.12;-0.82;-0.44;-0.26;-0.17;-0.20;-0.32;-0.56;-0.88;-1.40;-2.07;-3.11;-4.11;-4.62;-5.03;-5.39;-5.74;-6.06;-6.36;-6.65;-6.90;-7.10;-7.18;-7.07;-7.02;-7.35;-7.73;-7.92;-8.07;-8.35;-8.67;-9.07;-9.28;-9.05;-8.58;-7.66;-6.50;-5.39;-4.35;-3.45;-2.70;-2.00;-1.47;-1.22;-1.14;-1.13;-1.35;-1.99;-1.88;

----------------------------------------------------------


Curves
==========================================================
Global Strain Rate A3C
Unit [1/s]
Time [ms];0.00;9.19;18.37;27.56;36.74;45.93;55.12;64.30;73.49;82.68;91.86;101.05;110.23;119.42;128.61;137.79;146.98;156.16;165.35;174.54;183.72;192.91;202.09;211.28;220.47;229.65;238.84;248.03;257.21;266.40;275.58;284.77;293.96;303.14;312.33;321.51;330.70;339.89;349.07;358.26;367.44;376.63;385.82;395.00;404.19;413.38;422.56;431.75;440.93;450.12;459.31;468.49;477.68;
Total;0.17;-0.45;-0.71;-0.18;0.18;0.41;0.32;0.14;0.03;-0.09;-0.19;-0.30;-0.46;-0.63;-0.94;-1.18;-0.82;-0.47;-0.41;-0.38;-0.37;-0.33;-0.33;-0.30;-0.25;-0.16;0.03;0.13;-0.15;-0.43;-0.31;-0.16;-0.23;-0.33;-0.40;-0.37;0.01;0.38;0.75;1.17;1.25;1.17;1.07;0.89;0.79;0.69;0.42;0.16;0.05;-0.08;-0.53;-0.46;1.13;

----------------------------------------------------------


Curves
==========================================================
Global Strain A4C
Unit [%]
Time [ms];0.00;9.19;18.37;27.56;36.74;45.93;55.12;64.30;73.49;82.68;91.86;101.05;110.23;119.42;128.61;137.79;146.98;156.16;165.35;174.54;183.72;192.91;202.09;211.28;220.47;229.65;238.84;248.03;257.21;266.40;275.58;284.77;293.96;303.14;312.33;321.51;330.70;339.89;349.07;358.26;367.44;376.63;385.82;395.00;404.19;413.38;422.56;431.75;440.93;450.12;459.31;468.49;477.68;
Total;0.00;0.09;0.17;0.27;0.60;1.13;1.72;2.19;2.66;3.06;3.37;3.68;3.94;4.16;4.44;4.61;4.69;4.74;4.70;4.60;4.47;4.29;3.97;3.58;3.30;3.05;2.85;2.70;2.49;2.26;2.01;1.83;1.64;1.42;1.20;1.07;0.99;0.90;0.87;0.86;0.86;0.75;0.61;0.48;0.23;0.06;-0.02;-0.12;-0.18;-0.13;0.07;-0.06;-0.13;

----------------------------------------------------------


Curves
==========================================================
Global Strain Rate A4C
Unit [1/s]
Time [ms];0.00;9.19;18.37;27.56;36.74;45.93;55.12;64.30;73.49;82.68;91.86;101.05;110.23;119.42;128.61;137.79;146.98;156.16;165.35;174.54;183.72;192.91;202.09;211.28;220.47;229.65;238.84;248.03;257.21;266.40;275.58;284.77;293.96;303.14;312.33;321.51;330.70;339.89;349.07;358.26;367.44;376.63;385.82;395.00;404.19;413.38;422.56;431.75;440.93;450.12;459.31;468.49;477.68;
Total;0.10;0.09;0.08;0.22;0.48;0.64;0.58;0.51;0.48;0.38;0.33;0.31;0.25;0.28;0.26;0.13;0.07;0.01;-0.08;-0.13;-0.17;-0.27;-0.40;-0.38;-0.28;-0.25;-0.18;-0.18;-0.25;-0.27;-0.23;-0.19;-0.22;-0.25;-0.20;-0.10;-0.09;-0.07;-0.02;0.01;-0.06;-0.15;-0.14;-0.22;-0.24;-0.13;-0.10;-0.09;-0.01;0.17;0.04;-0.16;0.04;

----------------------------------------------------------


