PatientInformation
==========================================================
PatientID;No patientID
Name;,,
Date of Birth;
Sex;
Version;AutoStrainCap2 2.1.0.491925

Results
==========================================================
Global
----------------------------------------------------------
RVFWSL;-24.36;%
RV4CSL;-15.23;%
ED;0.00;ms
ES;291.63;ms

Curves
==========================================================
Longitudinal Strain
Unit [%]
Time [ms];0.00;15.68;31.36;47.04;62.72;78.40;94.08;109.75;125.43;141.11;156.79;172.47;188.15;203.83;219.51;235.19;250.87;266.55;282.23;297.90;313.58;329.26;344.94;360.62;376.30;391.98;407.66;423.34;439.02;454.70;470.38;486.06;501.73;517.41;533.09;548.77;564.45;580.13;595.81;611.49;627.17;642.85;658.53;674.21;689.88;705.56;721.24;736.92;752.60;768.28;
Basal;0.00;0.36;-2.49;-5.82;-8.41;-9.02;-9.27;-10.79;-12.69;-14.09;-14.99;-15.54;-16.05;-16.88;-17.72;-18.27;-18.96;-20.25;-21.47;-21.95;-21.86;-21.32;-20.43;-19.34;-17.99;-16.39;-14.65;-12.88;-11.17;-9.61;-8.02;-6.15;-4.22;-2.45;-0.87;0.41;1.29;1.77;1.97;1.97;1.92;1.95;1.77;1.18;0.60;0.39;0.34;0.29;0.09;-0.48;
Mid;0.00;0.72;-1.96;-5.27;-7.89;-8.54;-8.82;-10.37;-12.34;-13.82;-14.82;-15.44;-16.03;-16.97;-17.91;-18.50;-19.21;-20.50;-21.69;-21.89;-21.48;-20.64;-19.43;-17.89;-16.12;-14.26;-12.36;-10.60;-8.98;-7.51;-6.01;-4.22;-2.39;-0.78;0.56;1.47;1.91;1.88;1.69;1.71;1.88;2.18;2.24;1.73;1.14;0.90;0.73;0.42;-0.02;-0.60;
Apical;0.00;0.44;-2.36;-5.70;-8.38;-9.32;-9.92;-11.73;-14.04;-15.96;-17.40;-18.48;-19.43;-20.74;-22.03;-22.87;-23.77;-25.23;-26.51;-26.29;-25.41;-24.08;-22.39;-20.38;-18.22;-16.15;-14.13;-12.25;-10.56;-9.09;-7.57;-5.64;-3.66;-1.97;-0.58;0.30;0.67;0.69;0.52;0.63;0.91;1.32;1.53;1.27;0.93;0.82;0.75;0.55;0.16;-0.45;

----------------------------------------------------------


