PatientInformation
==========================================================
PatientID;No patientID
Name;,,
Date of Birth;
Sex;
Version;AutoStrainCap2 2.1.0.491925

Results
==========================================================
Global
----------------------------------------------------------
LaSr_ED;13.13;%
LaScd_ED;-10.99;%
LaSct_ED;-2.13;%
LaSr_AC;12.90;%
LaScd_AC;-10.81;%
LaSct_AC;-2.09;%
ED;0.00;ms
ES;357.50;ms
PreA;547.49;ms

Curves
==========================================================
Longitudinal Strain
Unit [%]
Time [ms];0.00;20.43;40.86;61.29;81.72;102.14;122.57;143.00;163.43;183.86;204.29;224.72;245.15;265.57;286.00;306.43;326.86;347.29;367.72;388.15;408.58;429.00;449.43;469.86;490.29;510.72;531.15;551.58;572.01;592.44;612.86;633.29;653.72;674.15;694.58;715.01;
LAS_ED;0.00;0.25;2.12;3.40;4.94;6.98;8.99;10.88;12.17;12.89;13.02;12.31;12.39;12.68;12.69;12.98;13.03;13.10;13.08;12.55;11.40;10.01;8.48;7.32;6.01;4.78;3.48;1.74;-0.46;-2.73;-4.53;-7.77;-8.62;-8.33;-6.90;-3.14;
LAS_AC;-1.71;-1.47;0.37;1.63;3.14;5.15;7.12;8.99;10.25;10.96;11.09;10.39;10.47;10.75;10.76;11.05;11.10;11.17;11.14;10.62;9.49;8.13;6.63;5.48;4.19;2.99;1.71;0.00;-2.16;-4.40;-6.16;-9.35;-10.19;-9.90;-8.50;-4.80;

----------------------------------------------------------


