PatientInformation
==========================================================
PatientID;No patientID
Name;,,
Date of Birth;
Sex;
Version;AutoStrainCap2 2.1.0.491925

Results
==========================================================
Global
----------------------------------------------------------
RVFWSL;-20.80;%
RV4CSL;-19.45;%
ED;0.00;ms
ES;403.32;ms

Curves
==========================================================
Longitudinal Strain
Unit [%]
Time [ms];0.00;9.19;18.37;27.56;36.75;45.94;55.12;64.31;73.50;82.68;91.87;101.06;110.25;119.43;128.62;137.81;147.00;156.18;165.37;174.56;183.74;192.93;202.12;211.31;220.49;229.68;238.87;248.05;257.24;266.43;275.62;284.80;293.99;303.18;312.36;321.55;330.74;339.93;349.11;358.30;367.49;376.68;385.86;395.05;404.24;413.42;422.61;431.80;440.99;450.17;459.36;468.55;477.73;486.92;496.11;505.30;514.48;523.67;532.86;542.04;551.23;560.42;569.61;578.79;587.98;597.17;606.36;615.54;624.73;633.92;643.10;652.29;661.48;670.67;679.85;689.04;698.23;707.41;716.60;725.79;
Basal;0.00;0.67;1.34;1.77;1.71;1.51;1.07;0.35;-0.65;-1.95;-3.45;-5.05;-6.66;-8.21;-9.67;-10.99;-12.18;-13.19;-14.03;-14.71;-15.24;-15.65;-16.13;-16.84;-17.93;-19.49;-21.29;-23.09;-24.66;-25.88;-26.70;-27.15;-27.20;-26.96;-26.46;-25.86;-25.26;-24.91;-24.68;-24.59;-24.68;-24.91;-25.15;-25.25;-25.17;-24.97;-24.62;-24.17;-23.69;-23.28;-22.83;-22.25;-21.36;-20.46;-19.31;-18.13;-17.08;-16.37;-15.75;-15.01;-13.98;-12.51;-10.73;-8.81;-6.90;-5.22;-3.70;-2.29;-1.03;0.13;1.15;2.04;2.83;3.60;4.13;4.32;4.03;2.99;1.73;0.60;
Mid;0.00;1.45;2.77;3.69;4.01;4.04;3.73;3.08;2.08;0.75;-0.80;-2.47;-4.17;-5.83;-7.40;-8.85;-10.16;-11.28;-12.20;-12.92;-13.43;-13.75;-14.07;-14.57;-15.44;-16.79;-18.36;-19.88;-21.16;-21.91;-22.34;-22.48;-22.35;-22.13;-21.78;-21.44;-21.12;-21.15;-21.29;-21.61;-22.18;-22.88;-23.65;-24.17;-24.45;-23.77;-22.95;-22.02;-21.34;-20.97;-20.80;-20.63;-20.15;-19.81;-19.12;-18.30;-17.42;-16.59;-15.72;-14.75;-13.70;-12.62;-11.49;-10.38;-9.38;-8.65;-8.05;-7.50;-6.94;-6.29;-5.61;-4.96;-4.29;-3.51;-2.79;-2.25;-1.84;-1.62;-1.35;-0.87;
Apical;0.00;1.12;2.19;2.96;3.28;3.34;3.01;2.28;1.19;-0.21;-1.79;-3.44;-5.06;-6.57;-7.97;-9.24;-10.38;-11.32;-12.05;-12.54;-12.79;-12.80;-12.75;-12.76;-12.93;-13.18;-13.62;-14.09;-14.48;-14.36;-14.06;-13.61;-13.01;-12.57;-12.04;-11.52;-11.02;-10.82;-10.71;-10.69;-10.73;-10.96;-11.12;-11.10;-10.95;-10.77;-10.51;-10.21;-10.05;-9.89;-9.90;-9.90;-9.61;-9.49;-9.04;-8.45;-7.79;-7.25;-6.65;-6.01;-5.37;-4.84;-4.37;-3.94;-3.55;-3.23;-2.95;-2.69;-2.44;-2.11;-1.78;-1.48;-1.21;-0.83;-0.54;-0.39;-0.33;-0.57;-0.69;-0.56;

----------------------------------------------------------


