PatientInformation
==========================================================
PatientID;No patientID
Name;,,
Date of Birth;
Sex;
Version;AutoStrainCap2 2.1.0.491925

Results
==========================================================
Global
----------------------------------------------------------
LaSr_ED;10.86;%
LaScd_ED;-13.52;%
LaSct_ED;2.65;%
LaSr_AC;11.16;%
LaScd_AC;-13.88;%
LaSct_AC;2.72;%
ED;0.00;ms
ES;361.93;ms
PreA;602.49;ms

Curves
==========================================================
Longitudinal Strain
Unit [%]
Time [ms];0.00;10.93;21.87;32.80;43.74;54.67;65.61;76.54;87.48;98.41;109.34;120.28;131.21;142.15;153.08;164.02;174.95;185.88;196.82;207.75;218.69;229.62;240.56;251.49;262.43;273.36;284.29;295.23;306.16;317.10;328.03;338.97;349.90;360.84;371.77;382.70;393.64;404.57;415.51;426.44;437.38;448.31;459.24;470.18;481.11;492.05;502.98;513.92;524.85;535.79;546.72;557.65;568.59;579.52;590.46;601.39;612.33;623.26;634.20;645.13;656.06;667.00;677.93;688.87;699.80;710.74;721.67;732.60;743.54;754.47;765.41;776.34;787.28;798.21;809.15;820.08;831.01;
LAS_ED;0.00;0.75;0.81;0.87;1.28;1.97;2.67;3.19;3.55;4.00;4.30;4.77;5.12;5.66;6.06;6.56;6.89;7.32;7.83;8.46;9.11;9.60;9.93;10.08;10.19;10.34;10.48;10.64;10.60;10.60;10.59;10.68;10.74;10.86;10.74;10.40;9.46;7.93;6.09;4.53;3.47;2.84;2.36;1.74;1.07;0.37;-0.19;-0.72;-1.02;-1.50;-1.79;-2.02;-2.20;-2.32;-2.48;-2.63;-2.84;-3.01;-3.12;-3.20;-3.26;-3.37;-3.46;-3.58;-3.66;-3.78;-3.86;-4.01;-4.07;-4.07;-3.91;-3.74;-3.73;-3.97;-4.10;-3.55;-2.07;
LAS_AC;2.70;3.47;3.54;3.60;4.02;4.73;5.44;5.98;6.35;6.81;7.12;7.61;7.96;8.51;8.93;9.45;9.78;10.22;10.75;11.39;12.06;12.57;12.90;13.06;13.17;13.33;13.47;13.63;13.59;13.59;13.58;13.67;13.74;13.86;13.74;13.39;12.42;10.85;8.96;7.36;6.27;5.62;5.12;4.49;3.81;3.09;2.51;1.97;1.65;1.16;0.87;0.63;0.44;0.32;0.16;0.00;-0.21;-0.38;-0.50;-0.58;-0.65;-0.76;-0.85;-0.97;-1.05;-1.17;-1.26;-1.41;-1.48;-1.47;-1.31;-1.14;-1.13;-1.37;-1.51;-0.94;0.58;

----------------------------------------------------------


