PatientInformation
==========================================================
PatientID;No patientID
Name;,,
Date of Birth;
Sex;
Version;AutoStrainCap2 2.1.0.491925

Results
==========================================================
Global
----------------------------------------------------------
RVFWSL;-23.57;%
RV4CSL;-21.03;%
ED;0.00;ms
ES;293.54;ms

Curves
==========================================================
Longitudinal Strain
Unit [%]
Time [ms];0.00;12.13;24.26;36.39;48.52;60.65;72.78;84.91;97.04;109.17;121.30;133.43;145.56;157.68;169.81;181.94;194.07;206.20;218.33;230.46;242.59;254.72;266.85;278.98;291.11;303.24;315.37;327.50;339.63;351.76;363.89;376.02;388.15;400.28;412.41;424.54;436.67;448.80;460.93;473.05;485.18;497.31;509.44;521.57;533.70;545.83;557.96;570.09;582.22;594.35;606.48;618.61;630.74;642.87;655.00;667.13;679.26;691.39;703.52;715.65;727.78;739.91;752.04;764.17;776.29;788.42;800.55;812.68;824.81;836.94;849.07;861.20;873.33;885.46;
Basal;0.00;-0.41;-0.91;-1.43;-1.65;-1.79;-2.03;-2.32;-2.95;-3.77;-5.22;-6.76;-8.49;-10.38;-12.17;-13.73;-14.87;-15.97;-17.19;-18.86;-20.62;-22.19;-23.57;-24.43;-24.67;-24.59;-24.12;-23.64;-23.61;-23.54;-23.10;-21.94;-20.11;-17.69;-14.39;-10.85;-7.42;-4.44;-2.04;-0.20;0.24;0.49;0.91;2.37;4.08;5.66;6.80;7.56;8.07;8.18;8.06;7.66;7.13;6.50;6.02;5.43;5.03;4.66;4.51;4.38;4.34;4.48;4.59;4.53;4.08;3.52;3.05;2.76;2.56;2.27;1.61;0.91;0.28;0.14;
Mid;0.00;-0.09;-0.08;0.07;0.56;1.11;1.32;1.14;0.29;-0.89;-2.60;-4.27;-5.84;-7.05;-8.03;-8.85;-9.68;-10.61;-11.74;-13.13;-14.58;-15.86;-16.67;-17.03;-16.95;-16.99;-16.79;-16.51;-16.27;-16.06;-15.85;-15.67;-15.05;-13.74;-11.36;-8.53;-5.73;-3.33;-1.39;0.23;0.51;0.60;0.43;1.16;1.86;2.67;3.21;3.65;3.88;3.98;3.88;3.60;3.16;2.65;2.26;1.91;1.73;1.56;1.52;1.49;1.53;1.65;1.76;1.76;1.50;1.17;0.87;0.75;0.68;0.60;0.30;0.01;-0.21;-0.11;
Apical;0.00;-0.80;-1.29;-1.83;-2.37;-2.93;-3.56;-3.93;-4.85;-6.18;-7.87;-9.55;-11.32;-12.93;-14.65;-16.40;-18.13;-19.92;-21.79;-23.57;-25.36;-27.01;-28.19;-29.13;-29.76;-29.57;-29.19;-28.73;-28.23;-27.65;-26.80;-26.13;-24.97;-23.63;-21.17;-18.90;-16.88;-15.56;-14.50;-13.65;-13.74;-13.89;-13.80;-12.55;-10.96;-9.29;-8.17;-7.29;-6.66;-6.21;-5.91;-5.74;-5.58;-5.44;-5.22;-5.23;-5.13;-5.03;-4.69;-4.35;-3.94;-3.44;-2.94;-2.52;-2.27;-2.09;-1.92;-1.79;-1.61;-1.38;-1.14;-0.86;-0.63;-0.28;

----------------------------------------------------------


