PatientInformation
==========================================================
PatientID;No patientID
Name;,,
Date of Birth;
Sex;
Version;AutoStrainCap2 2.1.0.491925

Results
==========================================================
Global
----------------------------------------------------------
LaSr_ED;22.48;%
LaScd_ED;-19.28;%
LaSct_ED;-3.20;%
LaSr_AC;21.86;%
LaScd_AC;-18.75;%
LaSct_AC;-3.12;%
ED;0.00;ms
ES;368.69;ms
PreA;536.45;ms

Curves
==========================================================
Longitudinal Strain
Unit [%]
Time [ms];0.00;19.51;39.01;58.52;78.03;97.54;117.04;136.55;156.06;175.56;195.07;214.58;234.09;253.59;273.10;292.61;312.12;331.62;351.13;370.64;390.14;409.65;429.16;448.67;468.17;487.68;507.19;526.70;546.20;565.71;585.22;604.72;624.23;643.74;663.25;682.75;
LAS_ED;0.00;0.49;1.58;2.58;4.64;6.72;8.30;10.45;13.07;15.44;17.00;18.34;19.24;20.01;20.65;20.86;21.40;21.92;22.16;22.47;21.56;19.15;15.83;11.99;9.27;6.58;5.01;3.69;2.82;2.07;-0.01;-0.51;-1.64;-1.59;-2.10;-1.47;
LAS_AC;-2.75;-2.27;-1.21;-0.24;1.76;3.78;5.32;7.42;9.96;12.27;13.79;15.09;15.96;16.71;17.33;17.54;18.07;18.57;18.81;19.11;18.22;15.88;12.65;8.92;6.27;3.65;2.13;0.84;0.00;-0.74;-2.75;-3.24;-4.34;-4.29;-4.79;-4.18;

----------------------------------------------------------


