PatientInformation
==========================================================
PatientID;No patientID
Name;,,
Date of Birth;
Sex;
Version;AutoStrainCap2 2.1.0.491925

Results
==========================================================
Global
----------------------------------------------------------
RVFWSL;-30.20;%
RV4CSL;-22.62;%
ED;0.00;ms
ES;330.76;ms

Curves
==========================================================
Longitudinal Strain
Unit [%]
Time [ms];0.00;8.52;17.05;25.57;34.10;42.62;51.15;59.67;68.20;76.72;85.25;93.77;102.30;110.82;119.35;127.87;136.40;144.92;153.45;161.97;170.50;179.02;187.55;196.07;204.60;213.12;221.64;230.17;238.69;247.22;255.74;264.27;272.79;281.32;289.84;298.37;306.89;315.42;323.94;332.47;340.99;349.52;358.04;366.57;375.09;383.62;392.14;400.67;409.19;417.71;426.24;434.76;443.29;451.81;460.34;468.86;477.39;485.91;494.44;502.96;511.49;520.01;528.54;537.06;545.59;554.11;562.64;571.16;579.69;588.21;596.74;605.26;613.79;622.31;630.83;639.36;647.88;656.41;664.93;673.46;681.98;690.51;699.03;707.56;716.08;724.61;733.13;741.66;
Basal;0.00;-0.95;-1.44;-1.47;-1.04;-1.08;-1.59;-2.43;-3.52;-4.75;-6.14;-7.65;-9.26;-10.91;-12.55;-14.19;-15.88;-17.87;-19.91;-21.83;-23.52;-24.86;-26.00;-27.08;-28.20;-29.47;-30.81;-32.15;-33.43;-34.59;-35.59;-36.42;-37.05;-37.42;-37.63;-37.70;-37.68;-37.71;-37.62;-37.37;-36.72;-35.71;-34.46;-32.99;-31.37;-29.66;-27.82;-25.86;-23.81;-21.57;-19.33;-17.10;-14.91;-12.67;-10.54;-8.62;-7.03;-6.39;-6.06;-5.91;-5.86;-5.66;-5.41;-5.06;-4.59;-4.03;-3.40;-2.75;-2.15;-1.67;-1.29;-1.03;-0.88;-0.82;-0.81;-0.81;-0.76;-0.58;-0.34;-0.11;0.06;0.12;0.12;0.13;0.22;0.48;0.71;0.65;
Mid;0.00;-0.49;-0.68;-0.67;-0.50;-0.68;-1.24;-2.09;-3.22;-4.62;-6.20;-7.84;-9.42;-10.66;-11.70;-12.66;-13.67;-15.13;-16.68;-18.21;-19.61;-20.80;-21.84;-22.80;-23.69;-24.48;-25.23;-25.95;-26.65;-27.45;-28.19;-28.80;-29.26;-29.46;-29.52;-29.51;-29.49;-29.68;-29.85;-29.94;-29.71;-29.20;-28.50;-27.64;-26.66;-25.68;-24.59;-23.39;-22.10;-20.54;-18.95;-17.34;-15.74;-14.11;-12.57;-11.18;-10.00;-9.51;-9.13;-8.77;-8.35;-7.63;-6.81;-5.92;-4.98;-4.20;-3.45;-2.74;-2.11;-1.60;-1.22;-0.95;-0.79;-0.68;-0.62;-0.57;-0.49;-0.33;-0.14;0.04;0.15;0.16;0.12;0.07;0.09;0.26;0.44;0.43;
Apical;0.00;-1.13;-1.56;-1.19;-0.15;0.14;-0.31;-1.18;-2.31;-3.47;-4.69;-5.89;-7.04;-8.06;-8.96;-9.77;-10.56;-11.67;-12.84;-14.03;-15.15;-16.08;-16.90;-17.62;-18.27;-18.93;-19.55;-20.13;-20.68;-21.18;-21.64;-22.01;-22.28;-22.36;-22.37;-22.35;-22.30;-22.46;-22.58;-22.64;-22.49;-22.11;-21.60;-20.98;-20.29;-19.58;-18.80;-17.95;-17.06;-15.90;-14.73;-13.57;-12.44;-11.25;-10.09;-8.97;-7.84;-7.34;-6.82;-6.31;-5.85;-5.33;-4.88;-4.42;-3.95;-3.49;-3.02;-2.56;-2.11;-1.70;-1.34;-1.04;-0.83;-0.69;-0.62;-0.57;-0.50;-0.33;-0.14;0.02;0.12;0.11;0.05;0.03;0.14;0.53;0.88;0.86;

----------------------------------------------------------


