PatientInformation
==========================================================
PatientID;No patientID
Name;,,
Date of Birth;
Sex;
Version;AutoStrainCap2 2.1.0.491925

Results
==========================================================
Global
----------------------------------------------------------
LaSr_ED;17.81;%
LaScd_ED;-16.62;%
LaSct_ED;-1.19;%
LaSr_AC;17.63;%
LaScd_AC;-16.46;%
LaSct_AC;-1.17;%
ED;0.00;ms
ES;326.66;ms
PreA;580.73;ms

Curves
==========================================================
Longitudinal Strain
Unit [%]
Time [ms];0.00;21.35;42.70;64.05;85.40;106.75;128.10;149.45;170.80;192.15;213.50;234.85;256.20;277.56;298.91;320.26;341.61;362.96;384.31;405.66;427.01;448.36;469.71;491.06;512.41;533.76;555.11;576.46;597.81;619.16;640.51;661.86;683.21;704.56;725.91;747.26;768.61;789.96;811.31;
LAS_ED;0.00;0.73;2.02;3.06;4.36;6.14;8.03;9.53;10.93;12.58;14.10;15.03;15.77;16.70;17.50;17.79;17.75;17.63;17.44;17.23;15.73;11.51;6.87;3.58;1.43;0.22;0.15;0.98;1.88;1.95;1.63;1.45;1.34;0.78;0.50;0.76;1.16;1.40;1.15;
LAS_AC;-0.97;-0.25;1.03;2.06;3.35;5.11;6.98;8.46;9.85;11.48;12.99;13.91;14.65;15.57;16.36;16.65;16.61;16.48;16.30;16.09;14.61;10.43;5.84;2.58;0.44;-0.76;-0.82;0.00;0.89;0.96;0.64;0.47;0.35;-0.20;-0.48;-0.22;0.18;0.42;0.17;

----------------------------------------------------------


