PatientInformation
==========================================================
PatientID;No patientID
Name;,,
Date of Birth;
Sex;
Version;AutoStrainCap2 2.1.0.491925

Results
==========================================================
Global
----------------------------------------------------------
RVFWSL;-36.36;%
RV4CSL;-28.38;%
ED;0.00;ms
ES;316.92;ms

Curves
==========================================================
Longitudinal Strain
Unit [%]
Time [ms];0.00;12.10;24.19;36.29;48.38;60.48;72.58;84.67;96.77;108.86;120.96;133.06;145.15;157.25;169.34;181.44;193.54;205.63;217.73;229.82;241.92;254.02;266.11;278.21;290.30;302.40;314.50;326.59;338.69;350.78;362.88;374.98;387.07;399.17;411.26;423.36;435.46;447.55;459.65;471.74;483.84;495.94;508.03;520.13;532.22;544.32;556.42;568.51;580.61;592.70;604.80;616.90;628.99;641.09;653.18;665.28;677.38;689.47;701.57;713.66;725.76;737.86;749.95;762.05;774.14;786.24;798.34;
Basal;0.00;-0.92;-3.47;-6.32;-8.14;-9.34;-10.39;-11.92;-13.83;-16.09;-18.70;-21.28;-23.46;-24.93;-26.05;-27.21;-28.84;-30.75;-32.84;-35.05;-37.38;-39.77;-42.05;-44.15;-45.91;-47.01;-47.28;-46.71;-45.50;-43.92;-41.97;-39.87;-37.69;-35.40;-33.11;-30.50;-27.65;-24.46;-21.22;-18.20;-15.86;-13.71;-11.42;-8.79;-6.23;-4.33;-3.65;-3.81;-4.33;-4.69;-4.98;-5.24;-5.48;-5.71;-5.90;-6.02;-5.92;-5.45;-4.55;-3.42;-2.35;-1.63;-1.27;-1.30;-1.73;-1.99;-1.55;
Mid;0.00;-0.91;-2.93;-5.08;-6.24;-6.83;-7.22;-7.92;-8.90;-10.24;-12.03;-13.89;-15.47;-16.45;-17.10;-17.68;-18.49;-19.48;-20.68;-22.18;-23.89;-25.77;-27.52;-29.20;-30.65;-31.73;-32.30;-32.22;-31.61;-30.62;-29.45;-28.40;-27.10;-25.26;-22.79;-19.81;-16.66;-13.64;-10.96;-8.83;-7.61;-6.71;-5.64;-3.98;-2.26;-1.06;-0.96;-1.52;-2.29;-2.77;-3.04;-3.17;-3.15;-3.10;-3.03;-3.00;-2.88;-2.57;-2.04;-1.39;-0.77;-0.33;-0.12;-0.22;-0.64;-0.99;-0.88;
Apical;0.00;-0.69;-2.20;-3.94;-5.29;-6.30;-7.10;-8.14;-9.28;-10.57;-12.00;-13.40;-14.56;-15.26;-15.69;-16.09;-16.86;-17.80;-18.87;-19.99;-21.24;-22.66;-23.98;-25.30;-26.45;-27.29;-27.69;-27.59;-27.04;-26.15;-25.08;-24.03;-22.78;-21.15;-19.22;-16.84;-14.14;-11.03;-8.07;-5.69;-4.46;-3.69;-2.91;-1.95;-0.97;-0.40;-0.54;-1.17;-1.91;-2.35;-2.58;-2.66;-2.60;-2.49;-2.36;-2.24;-2.02;-1.64;-1.14;-0.55;-0.02;0.29;0.36;0.19;-0.20;-0.52;-0.47;

----------------------------------------------------------


