PatientInformation
==========================================================
PatientID;No patientID
Name;,,
Date of Birth;
Sex;
Version;AutoStrainCap2 2.1.0.491925

Results
==========================================================
Global
----------------------------------------------------------
RVFWSL;-19.48;%
RV4CSL;-16.41;%
ED;0.00;ms
ES;271.15;ms

Curves
==========================================================
Longitudinal Strain
Unit [%]
Time [ms];0.00;21.35;42.70;64.05;85.40;106.75;128.10;149.45;170.80;192.15;213.50;234.85;256.20;277.56;298.91;320.26;341.61;362.96;384.31;405.66;427.01;448.36;469.71;491.06;512.41;533.76;555.11;576.46;
Basal;0.00;-3.57;-3.93;-7.08;-10.70;-14.97;-18.68;-20.75;-21.76;-22.70;-22.43;-21.23;-21.06;-21.08;-20.68;-19.27;-16.59;-13.20;-9.26;-7.17;-4.93;-2.62;-0.33;0.66;0.76;0.86;0.86;0.66;
Mid;0.00;-3.62;-4.10;-7.33;-10.51;-14.54;-17.62;-19.20;-19.80;-20.75;-20.69;-19.71;-19.68;-19.71;-19.04;-17.37;-14.57;-11.34;-7.75;-6.41;-4.48;-2.38;-0.37;0.69;0.91;0.91;0.87;0.60;
Apical;0.00;-3.50;-4.69;-7.99;-10.90;-13.56;-16.12;-17.23;-17.22;-17.83;-17.78;-17.44;-17.99;-17.87;-17.43;-16.11;-13.86;-10.57;-7.32;-4.89;-3.03;-1.13;0.47;1.28;1.32;1.31;1.17;0.89;

----------------------------------------------------------


