PatientInformation
==========================================================
PatientID;No patientID
Name;,,
Date of Birth;
Sex;
Version;AutoStrainCap2 2.1.0.491925

Results
==========================================================
Global
----------------------------------------------------------
LaSr_ED;8.63;%
LaScd_ED;-9.66;%
LaSct_ED;1.03;%
LaSr_AC;8.72;%
LaScd_AC;-9.76;%
LaSct_AC;1.04;%
ED;0.00;ms
ES;358.13;ms
PreA;515.56;ms

Curves
==========================================================
Longitudinal Strain
Unit [%]
Time [ms];0.00;9.21;18.41;27.62;36.83;46.03;55.24;64.44;73.65;82.86;92.06;101.27;110.48;119.68;128.89;138.10;147.30;156.51;165.72;174.92;184.13;193.33;202.54;211.75;220.95;230.16;239.37;248.57;257.78;266.99;276.19;285.40;294.61;303.81;313.02;322.22;331.43;340.64;349.84;359.05;368.26;377.46;386.67;395.88;405.08;414.29;423.49;432.70;441.91;451.11;460.32;469.53;478.73;487.94;497.15;506.35;515.56;524.77;533.97;543.18;552.38;561.59;570.80;580.00;589.21;598.42;607.62;616.83;626.04;635.24;644.45;653.66;662.86;
LAS_ED;0.00;-0.71;-0.52;0.20;-0.02;-0.38;-0.79;-0.86;-0.65;-0.38;-0.38;-0.51;-0.63;-0.50;-0.25;0.08;0.55;1.06;1.64;1.93;2.27;2.75;3.50;4.35;5.02;5.43;5.57;5.71;5.88;6.17;6.34;6.52;6.62;6.85;7.32;7.86;8.35;8.50;8.56;8.62;8.50;8.50;8.29;7.87;7.17;6.33;5.44;4.60;3.97;3.25;2.75;2.17;1.24;0.28;-0.48;-0.86;-1.03;-1.12;-1.07;-1.02;-0.94;-1.00;-1.06;-1.20;-1.42;-1.75;-1.69;-1.87;-1.72;-1.99;-2.11;-2.24;-1.67;
LAS_AC;1.04;0.33;0.52;1.25;1.02;0.66;0.25;0.18;0.39;0.66;0.66;0.53;0.41;0.54;0.79;1.13;1.60;2.11;2.70;3.00;3.33;3.82;4.58;5.44;6.12;6.53;6.67;6.81;6.99;7.28;7.45;7.64;7.74;7.96;8.44;8.99;9.48;9.63;9.69;9.76;9.63;9.63;9.42;9.00;8.29;7.44;6.54;5.69;5.05;4.33;3.82;3.24;2.30;1.32;0.56;0.17;0.00;-0.09;-0.04;0.02;0.10;0.03;-0.03;-0.17;-0.39;-0.72;-0.66;-0.85;-0.69;-0.97;-1.09;-1.22;-0.65;

----------------------------------------------------------


