PatientInformation
==========================================================
PatientID;No patientID
Name;,,
Date of Birth;
Sex;
Version;AutoStrainCap2 2.1.0.491925

Results
==========================================================
Global
----------------------------------------------------------
RVFWSL;-16.51;%
RV4CSL;-11.39;%
ED;0.00;ms
ES;201.35;ms

Curves
==========================================================
Longitudinal Strain
Unit [%]
Time [ms];0.00;12.13;24.26;36.39;48.52;60.65;72.78;84.91;97.04;109.17;121.30;133.43;145.56;157.68;169.81;181.94;194.07;206.20;218.33;230.46;242.59;254.72;266.85;278.98;291.11;303.24;315.37;327.50;339.63;351.76;363.89;376.02;388.15;400.28;412.41;424.54;436.67;448.80;460.93;473.05;485.18;497.31;509.44;521.57;533.70;545.83;557.96;570.09;582.22;594.35;606.48;618.61;630.74;642.87;655.00;667.13;679.26;691.39;703.52;715.65;727.78;739.91;752.04;764.17;776.29;788.42;800.55;812.68;824.81;836.94;849.07;
Basal;0.00;-0.10;-1.05;-2.23;-3.06;-3.74;-4.51;-5.33;-6.32;-7.27;-8.55;-10.07;-12.13;-14.98;-17.85;-20.00;-20.86;-20.72;-20.01;-19.12;-18.10;-17.05;-15.95;-14.99;-14.13;-13.72;-13.36;-13.34;-12.94;-12.70;-12.21;-11.96;-11.41;-10.70;-9.82;-8.72;-7.02;-5.09;-2.73;-0.46;1.36;2.71;3.44;3.90;3.92;3.88;3.82;3.81;3.69;3.49;3.11;2.61;1.80;0.96;0.18;-0.38;-0.72;-0.73;-0.41;0.08;0.49;0.53;0.39;0.15;0.02;-0.19;-0.50;-1.14;-1.59;-1.37;-0.91;
Mid;0.00;0.01;-0.80;-1.82;-2.51;-3.00;-3.46;-3.85;-4.30;-4.65;-5.28;-6.11;-7.37;-9.17;-10.95;-12.17;-12.53;-12.10;-11.21;-10.21;-9.11;-7.99;-6.87;-5.94;-5.35;-5.63;-6.20;-7.19;-7.85;-8.48;-8.54;-8.08;-7.19;-6.27;-5.71;-5.13;-4.19;-2.98;-1.40;0.20;1.33;2.16;2.63;3.03;3.15;3.17;3.14;3.07;2.82;2.42;1.86;1.31;0.81;0.38;-0.05;-0.56;-0.98;-1.16;-1.03;-0.74;-0.44;-0.33;-0.31;-0.37;-0.37;-0.47;-0.71;-1.26;-1.65;-1.39;-0.91;
Apical;0.00;0.05;-1.05;-2.46;-3.31;-3.93;-4.66;-5.43;-6.31;-6.86;-7.60;-8.27;-9.30;-11.03;-12.80;-14.04;-14.46;-14.15;-13.46;-12.79;-12.06;-11.32;-10.53;-9.77;-8.98;-8.45;-8.00;-8.13;-8.03;-8.26;-8.11;-7.93;-7.42;-7.00;-6.79;-6.62;-5.98;-5.12;-3.79;-2.33;-0.99;0.10;0.81;1.41;1.72;1.90;1.92;1.85;1.61;1.25;0.77;0.30;-0.20;-0.63;-1.05;-1.44;-1.75;-1.86;-1.74;-1.47;-1.16;-1.00;-0.87;-0.80;-0.71;-0.75;-0.96;-1.55;-1.94;-1.42;-1.01;

----------------------------------------------------------


