PatientInformation
==========================================================
PatientID;No patientID
Name;,,
Date of Birth;
Sex;
Version;AutoStrainCap2 2.1.0.491925

Results
==========================================================
Global
----------------------------------------------------------
LaSr_ED;62.39;%
LaScd_ED;-47.61;%
LaSct_ED;-14.78;%
LaSr_AC;54.00;%
LaScd_AC;-41.21;%
LaSct_AC;-12.79;%
ED;0.00;ms
ES;328.80;ms
PreA;655.46;ms

Curves
==========================================================
Longitudinal Strain
Unit [%]
Time [ms];0.00;21.35;42.70;64.05;85.40;106.75;128.10;149.45;170.80;192.15;213.50;234.85;256.20;277.56;298.91;320.26;341.61;362.96;384.31;405.66;427.01;448.36;469.71;491.06;512.41;533.76;555.11;576.46;597.81;619.16;640.51;661.86;683.21;704.56;725.91;747.26;768.61;789.97;811.32;832.67;854.02;875.37;896.72;918.07;939.42;960.77;
LAS_ED;0.00;1.00;6.07;12.57;19.03;24.72;30.18;34.45;38.73;44.11;48.97;52.08;54.78;57.99;60.80;62.26;62.21;61.28;59.64;58.07;55.85;52.38;46.36;37.01;27.54;22.30;19.67;16.72;15.05;13.72;13.46;15.53;17.65;17.21;16.29;16.02;16.71;19.10;19.96;15.96;9.32;1.33;-3.59;-2.31;1.15;0.72;
LAS_AC;-13.44;-12.58;-8.19;-2.56;3.02;7.96;12.68;16.37;20.08;24.74;28.94;31.63;33.97;36.75;39.18;40.44;40.40;39.60;38.18;36.82;34.90;31.89;26.68;18.59;10.39;5.86;3.58;1.03;-0.42;-1.57;-1.79;0.00;1.84;1.46;0.66;0.42;1.02;3.09;3.83;0.37;-5.38;-12.29;-16.55;-15.44;-12.45;-12.82;

----------------------------------------------------------


