PatientInformation
==========================================================
PatientID;No patientID
Name;,,
Date of Birth;
Sex;
Version;AutoStrainCap2 2.1.0.491925

Results
==========================================================
Global
----------------------------------------------------------
RVFWSL;-35.91;%
RV4CSL;-25.28;%
ED;0.00;ms
ES;343.74;ms

Curves
==========================================================
Longitudinal Strain
Unit [%]
Time [ms];0.00;21.35;42.70;64.05;85.40;106.75;128.10;149.45;170.80;192.15;213.50;234.85;256.20;277.56;298.91;320.26;341.61;362.96;384.31;405.66;427.01;448.36;469.71;491.06;512.41;533.76;555.11;576.46;597.81;619.16;640.51;661.86;683.21;704.56;725.91;747.26;768.61;789.97;811.32;832.67;854.02;875.37;896.72;918.07;939.42;960.77;
Basal;0.00;-2.86;-4.35;-7.01;-9.99;-12.13;-14.10;-16.86;-20.25;-24.18;-27.89;-30.84;-33.29;-35.60;-37.61;-38.97;-39.70;-39.50;-38.63;-37.16;-35.08;-32.44;-29.39;-26.21;-23.44;-21.88;-20.77;-19.93;-19.18;-18.56;-17.92;-16.76;-15.90;-15.91;-16.13;-15.92;-15.68;-15.89;-15.47;-13.72;-10.68;-6.91;-3.16;-0.27;1.25;1.64;
Mid;0.00;-2.23;-3.41;-5.93;-8.65;-10.24;-11.56;-13.78;-16.67;-20.09;-23.39;-26.11;-28.38;-30.51;-32.30;-33.54;-34.19;-34.05;-33.40;-32.35;-30.75;-28.56;-25.96;-23.11;-20.71;-19.73;-19.12;-18.50;-17.80;-17.15;-16.44;-15.23;-14.28;-14.19;-14.26;-13.79;-13.35;-13.63;-13.44;-12.04;-9.47;-6.23;-3.01;-0.57;0.74;1.23;
Apical;0.00;-2.28;-3.79;-6.18;-8.88;-10.67;-12.16;-14.48;-17.28;-20.52;-23.50;-25.92;-27.76;-29.10;-30.10;-30.54;-30.72;-30.56;-30.15;-29.21;-27.79;-26.13;-24.21;-22.22;-20.44;-19.41;-18.32;-17.37;-16.35;-15.47;-14.75;-13.66;-12.94;-12.91;-13.08;-12.83;-12.63;-12.93;-12.60;-11.15;-8.43;-5.42;-2.48;-0.26;0.75;1.29;

----------------------------------------------------------


