PatientInformation
==========================================================
PatientID;No patientID
Name;,,
Date of Birth;
Sex;
Version;AutoStrainCap2 2.1.0.491925

Results
==========================================================
Global
----------------------------------------------------------
LaSr_ED;9.60;%
LaScd_ED;-12.00;%
LaSct_ED;2.40;%
LaSr_AC;9.83;%
LaScd_AC;-12.29;%
LaSct_AC;2.46;%
ED;0.00;ms
ES;325.77;ms
PreA;509.31;ms

Curves
==========================================================
Longitudinal Strain
Unit [%]
Time [ms];0.00;9.61;19.22;28.83;38.44;48.05;57.66;67.27;76.88;86.49;96.10;105.71;115.32;124.92;134.53;144.14;153.75;163.36;172.97;182.58;192.19;201.80;211.41;221.02;230.63;240.24;249.85;259.46;269.07;278.68;288.29;297.90;307.51;317.12;326.73;336.34;345.95;355.56;365.16;374.77;384.38;393.99;403.60;413.21;422.82;432.43;442.04;451.65;461.26;470.87;480.48;490.09;499.70;509.31;518.92;528.53;538.14;547.75;557.36;566.97;576.58;586.19;595.80;605.40;615.01;624.62;634.23;643.84;653.45;663.06;672.67;682.28;
LAS_ED;0.00;-1.65;-1.75;0.46;1.15;0.88;0.27;-0.01;-0.00;0.25;0.75;1.39;2.12;2.80;3.41;3.90;4.09;4.22;4.40;4.80;5.30;5.84;6.24;6.64;7.05;7.61;8.14;8.56;8.72;8.80;8.87;9.13;9.39;9.52;9.60;9.46;9.20;8.84;8.55;8.51;8.76;9.03;8.91;7.73;6.20;4.63;3.53;2.55;1.60;0.45;-0.61;-1.47;-2.08;-2.40;-2.51;-2.57;-2.57;-2.50;-2.30;-2.08;-1.85;-1.69;-1.49;-1.26;-0.86;-0.49;-0.18;-0.16;-0.15;-0.01;0.48;0.67;
LAS_AC;2.46;0.77;0.67;2.93;3.64;3.36;2.74;2.45;2.46;2.71;3.23;3.89;4.64;5.33;5.96;6.45;6.65;6.78;6.97;7.37;7.90;8.45;8.86;9.27;9.68;10.26;10.80;11.23;11.40;11.48;11.55;11.82;12.08;12.21;12.29;12.16;11.89;11.52;11.22;11.18;11.44;11.71;11.59;10.39;8.81;7.20;6.07;5.08;4.10;2.92;1.84;0.96;0.33;0.00;-0.11;-0.17;-0.17;-0.10;0.10;0.33;0.56;0.73;0.93;1.17;1.58;1.96;2.28;2.29;2.31;2.45;2.95;3.14;

----------------------------------------------------------


