PatientInformation
==========================================================
PatientID;No patientID
Name;,,
Date of Birth;
Sex;
Version;AutoStrainCap2 2.1.0.491925

Results
==========================================================
Global
----------------------------------------------------------
GLS(3P);-10.90;%
GLS(4Ch);-9.31;%
GLS(2Ch);-13.31;%
GLS(3Ch);-10.08;%
ED;0.00;ms
ES;299.49;ms

Results
==========================================================
Longitudinal Strain
T2P
Minimum
----------------------------------------------------------
Segment 0 [mean];346.74;ms
----------------------------------------------------------
Segment 1 [ant];382.46;ms
Segment 2 [ant/sept];488.77;ms
Segment 3 [inf/sept];339.68;ms
Segment 4 [inf];369.50;ms
Segment 5 [inf/lat];417.47;ms
Segment 6 [ant/lat];316.34;ms
----------------------------------------------------------
Segment 7 [ant];379.87;ms
Segment 8 [ant/sept];462.84;ms
Segment 9 [inf/sept];256.70;ms
Segment 10 [inf];282.63;ms
Segment 11 [inf/lat];338.38;ms
Segment 12 [ant/lat];283.93;ms
----------------------------------------------------------
Segment 13 [ant];302.08;ms
Segment 14 [ant/sept];353.94;ms
Segment 15 [inf/sept];258.00;ms
Segment 16 [inf];298.19;ms
Segment 17 [inf/lat];444.69;ms
Segment 18 [ant/lat];265.78;ms
----------------------------------------------------------


Results
==========================================================
Longitudinal Strain
End-systolic

----------------------------------------------------------
Segment 0 [mean];-10.18;%
----------------------------------------------------------
Segment 1 [ant];-13.09;%
Segment 2 [ant/sept];0.16;%
Segment 3 [inf/sept];1.98;%
Segment 4 [inf];-3.29;%
Segment 5 [inf/lat];-6.80;%
Segment 6 [ant/lat];-18.68;%
----------------------------------------------------------
Segment 7 [ant];-10.33;%
Segment 8 [ant/sept];-10.75;%
Segment 9 [inf/sept];-8.86;%
Segment 10 [inf];-13.65;%
Segment 11 [inf/lat];-18.94;%
Segment 12 [ant/lat];-14.40;%
----------------------------------------------------------
Segment 13 [ant];-17.02;%
Segment 14 [ant/sept];-10.00;%
Segment 15 [inf/sept];-6.67;%
Segment 16 [inf];-18.29;%
Segment 17 [inf/lat];-8.04;%
Segment 18 [ant/lat];-6.59;%
----------------------------------------------------------


Results
==========================================================
Longitudinal Strain
Peak-systolic

----------------------------------------------------------
Segment 0 [mean];-10.51;%
----------------------------------------------------------
Segment 1 [ant];-13.09;%
Segment 2 [ant/sept];0.00;%
Segment 3 [inf/sept];0.00;%
Segment 4 [inf];-3.29;%
Segment 5 [inf/lat];-6.80;%
Segment 6 [ant/lat];-18.69;%
----------------------------------------------------------
Segment 7 [ant];-10.33;%
Segment 8 [ant/sept];-10.75;%
Segment 9 [inf/sept];-9.53;%
Segment 10 [inf];-14.05;%
Segment 11 [inf/lat];-18.94;%
Segment 12 [ant/lat];-14.48;%
----------------------------------------------------------
Segment 13 [ant];-17.02;%
Segment 14 [ant/sept];-10.00;%
Segment 15 [inf/sept];-7.99;%
Segment 16 [inf];-18.29;%
Segment 17 [inf/lat];-8.04;%
Segment 18 [ant/lat];-7.83;%
----------------------------------------------------------


Curves
==========================================================
Longitudinal Strain
Unit [%]
Time [ms];0.00;12.96;25.93;38.89;51.86;64.82;77.79;90.75;103.72;116.68;129.65;142.61;155.58;168.54;181.51;194.47;207.44;220.40;233.37;246.33;259.30;272.26;285.23;298.19;311.16;324.12;337.08;350.05;363.01;375.98;388.94;401.91;414.87;427.84;440.80;453.77;466.73;479.70;492.66;505.63;518.59;531.56;544.52;557.49;570.45;583.42;596.38;609.35;622.31;635.28;648.24;661.20;674.17;687.13;700.10;713.06;726.03;
Total;0.00;-0.38;-0.41;-0.03;0.30;0.22;-0.27;-0.93;-1.67;-2.41;-3.20;-3.97;-4.66;-5.46;-6.24;-6.91;-7.55;-8.21;-8.83;-9.35;-9.76;-10.05;-10.24;-10.34;-10.36;-10.33;-10.25;-10.17;-9.75;-8.67;-7.71;-6.73;-5.67;-4.69;-3.83;-3.18;-2.69;-2.20;-1.75;-1.28;-0.81;-0.40;-0.05;0.19;0.41;0.55;0.60;0.62;0.63;0.66;0.66;0.67;0.71;0.74;0.73;0.66;0.43;
Segment 1;0.00;-1.00;-1.45;-1.20;-1.02;-1.33;-1.92;-2.72;-3.51;-4.16;-4.67;-4.86;-4.89;-5.58;-6.38;-7.41;-8.51;-9.58;-10.61;-11.16;-11.68;-12.28;-12.82;-13.08;-13.11;-12.88;-12.66;-12.99;-13.49;-13.64;-13.59;-12.95;-11.73;-9.81;-7.61;-5.76;-4.15;-2.77;-1.93;-1.87;-2.22;-2.47;-2.57;-2.43;-2.09;-1.66;-1.31;-1.12;-1.09;-1.10;-1.00;-0.59;0.03;0.65;1.24;1.54;1.30;
Segment 2;0.00;0.81;1.14;1.47;1.92;2.38;2.78;2.91;2.62;2.12;1.66;1.37;1.23;1.29;1.29;1.13;0.92;0.80;0.81;0.86;0.66;0.42;0.25;0.17;0.12;0.13;0.23;0.42;0.47;0.40;0.19;-0.19;-0.57;-1.14;-1.99;-2.97;-3.99;-4.88;-5.11;-3.90;-2.30;-1.33;-0.93;-0.74;-0.79;-0.77;-0.61;-0.38;-0.01;0.42;0.75;0.90;0.89;0.77;0.59;0.31;-0.00;
Segment 3;0.00;0.88;1.78;2.63;2.94;3.25;3.70;3.31;2.94;3.18;3.09;2.93;3.01;2.94;2.78;2.67;2.49;2.33;2.51;2.81;3.15;3.52;3.20;2.08;1.15;0.37;-0.14;0.11;1.06;2.75;3.19;3.01;2.88;3.61;4.76;5.36;5.89;6.23;5.80;5.51;5.51;5.55;5.44;5.13;4.83;4.44;3.94;3.72;3.75;4.03;4.00;3.82;3.74;3.29;2.60;2.08;1.20;
Segment 4;0.00;0.43;1.31;2.40;3.01;2.98;2.71;2.89;2.89;2.37;1.73;1.17;0.98;0.50;0.30;0.04;-0.27;-0.99;-1.60;-2.04;-2.33;-2.65;-2.84;-3.25;-3.73;-4.73;-6.12;-8.59;-10.47;-10.48;-9.24;-7.54;-5.03;-3.42;-2.55;-2.77;-3.93;-2.65;-0.61;2.69;5.71;6.08;5.78;5.61;5.76;5.86;5.78;5.49;5.00;4.58;4.23;3.80;3.44;3.09;2.66;2.06;1.09;
Segment 5;0.00;0.57;1.31;2.23;2.93;2.90;2.02;1.03;0.73;0.78;0.50;-0.30;-1.22;-1.94;-2.66;-3.14;-3.63;-4.27;-5.01;-5.72;-6.16;-6.51;-6.70;-6.79;-6.86;-6.92;-7.04;-7.17;-7.47;-8.21;-9.28;-10.14;-10.41;-10.28;-9.78;-8.86;-7.55;-5.96;-4.50;-4.44;-4.87;-5.11;-5.21;-4.91;-3.49;-2.18;-1.64;-1.31;-0.95;-0.52;-0.06;0.41;0.78;1.35;1.70;1.46;0.70;
Segment 6;0.00;1.00;1.01;-0.03;-0.23;-0.78;-2.10;-3.65;-5.28;-6.84;-8.08;-9.21;-10.47;-11.94;-13.43;-14.64;-15.55;-16.27;-17.05;-17.71;-18.22;-18.56;-18.69;-18.67;-18.88;-18.82;-18.24;-17.47;-15.40;-10.99;-9.13;-8.03;-5.49;-3.79;-2.71;-1.56;-1.17;-1.36;-1.37;-1.28;-1.10;-0.79;-0.66;-0.79;-0.65;-0.35;0.09;0.50;0.83;1.01;0.80;0.45;0.29;0.21;0.18;0.17;0.11;
Segment 7;0.00;-0.20;-0.06;0.47;0.87;0.72;0.17;-0.57;-1.40;-2.13;-2.79;-3.13;-3.48;-4.01;-4.65;-5.42;-6.21;-7.04;-7.85;-8.58;-9.22;-9.79;-10.19;-10.33;-10.29;-10.15;-10.15;-10.55;-11.04;-11.44;-11.25;-9.96;-7.74;-4.90;-2.07;-0.07;1.17;1.54;1.28;0.65;-0.10;-0.53;-0.73;-0.65;-0.41;-0.14;0.10;0.19;0.18;0.01;-0.12;-0.08;0.06;0.26;0.47;0.60;0.52;
Segment 8;0.00;-1.18;-0.65;0.34;1.28;2.03;2.30;2.23;1.78;1.11;0.38;-0.41;-1.35;-2.48;-3.73;-4.99;-6.15;-7.12;-7.87;-8.55;-9.13;-9.68;-10.21;-10.70;-11.15;-11.54;-11.79;-11.95;-11.86;-11.69;-11.52;-11.41;-11.75;-12.26;-12.75;-13.06;-13.12;-12.81;-11.87;-10.20;-8.12;-5.52;-2.74;-0.42;0.94;1.78;2.03;1.98;1.90;1.86;1.78;1.71;1.57;1.42;1.24;1.00;0.63;
Segment 9;0.00;-0.36;-0.24;0.33;0.37;-0.10;-1.12;-2.20;-3.28;-4.26;-5.07;-5.71;-6.15;-6.96;-7.79;-8.03;-8.37;-8.79;-9.18;-9.44;-9.52;-9.27;-9.01;-8.85;-9.01;-8.99;-8.56;-8.17;-7.20;-5.16;-2.53;0.18;2.42;3.52;3.68;3.20;2.76;2.46;2.37;2.39;2.46;2.43;2.34;2.21;2.17;2.12;2.05;2.05;2.08;2.10;2.06;1.94;1.72;1.33;0.88;0.70;0.41;
Segment 10;0.00;-0.52;-0.60;0.50;1.59;1.61;0.97;-0.23;-1.66;-2.87;-4.12;-5.43;-6.65;-7.94;-9.14;-10.12;-10.99;-11.68;-12.31;-12.89;-13.48;-13.90;-14.04;-13.70;-13.20;-13.13;-13.15;-13.36;-13.47;-12.82;-11.84;-10.87;-9.28;-7.30;-5.11;-3.14;-1.82;-1.14;-1.01;-1.20;-1.47;-1.37;-1.18;-1.08;-0.95;-0.81;-0.67;-0.46;-0.27;-0.15;-0.01;0.06;0.19;0.30;0.41;0.48;0.35;
Segment 11;0.00;-2.69;-3.72;-3.87;-3.75;-3.71;-4.00;-4.60;-5.63;-6.92;-8.30;-9.69;-11.04;-12.21;-13.21;-14.07;-14.80;-15.51;-16.28;-16.98;-17.55;-18.04;-18.50;-18.90;-19.25;-19.57;-19.77;-19.66;-19.40;-18.99;-18.44;-17.82;-17.17;-16.50;-16.06;-15.60;-14.77;-13.44;-11.79;-10.10;-8.24;-6.28;-4.40;-2.87;-1.94;-1.42;-1.42;-1.59;-1.72;-1.77;-1.83;-1.95;-2.01;-1.93;-1.65;-1.07;-0.30;
Segment 12;0.00;-0.76;-1.18;-1.24;-1.46;-1.99;-2.89;-3.63;-4.38;-5.25;-6.25;-7.21;-7.90;-8.74;-9.71;-10.74;-11.64;-12.40;-13.06;-13.66;-14.17;-14.41;-14.48;-14.40;-14.35;-14.24;-14.01;-13.47;-11.74;-8.05;-4.11;-0.70;1.15;1.93;1.93;1.60;1.29;1.07;0.91;0.84;0.86;0.95;0.92;0.72;0.74;0.85;0.99;1.09;1.16;1.18;1.05;0.84;0.66;0.42;0.18;0.16;0.10;
Segment 13;0.00;-0.44;-0.78;-0.59;-0.53;-1.38;-2.48;-3.26;-3.98;-4.88;-5.95;-7.21;-8.57;-10.04;-11.23;-11.86;-12.42;-13.35;-14.36;-15.21;-15.87;-16.42;-16.80;-17.01;-16.93;-16.48;-15.95;-15.61;-15.00;-13.73;-12.10;-10.30;-8.21;-5.99;-3.77;-2.11;-1.09;-0.67;-0.68;-0.78;-0.91;-0.97;-0.99;-0.87;-0.76;-0.72;-0.70;-0.72;-0.78;-0.90;-0.98;-0.83;-0.61;-0.41;-0.20;0.03;0.16;
Segment 14;0.00;-1.94;-2.41;-1.80;-0.80;-0.13;-0.31;-0.77;-1.32;-1.86;-2.36;-2.86;-3.45;-4.21;-4.94;-5.61;-6.28;-7.00;-7.77;-8.53;-9.05;-9.38;-9.66;-9.97;-10.35;-10.84;-11.31;-11.60;-11.57;-11.35;-10.99;-10.46;-10.04;-9.54;-8.74;-7.68;-6.31;-4.67;-3.14;-2.09;-1.29;-0.52;0.14;0.54;0.70;0.63;0.57;0.55;0.60;0.76;1.03;1.27;1.56;1.89;2.06;1.90;1.28;
Segment 15;0.00;0.11;0.46;1.03;1.00;0.56;-0.26;-1.04;-1.81;-2.56;-3.31;-4.00;-4.58;-5.35;-6.10;-6.46;-6.93;-7.45;-7.72;-7.91;-7.99;-7.83;-7.43;-6.76;-5.75;-4.76;-3.92;-2.73;-1.17;0.81;2.52;3.99;5.29;5.78;5.55;4.79;4.09;3.56;3.21;2.87;2.54;2.36;2.19;2.00;1.88;1.87;2.01;2.10;2.11;1.99;1.82;1.61;1.36;1.06;0.78;0.58;0.33;
Segment 16;0.00;-0.85;-1.68;-1.39;-0.82;-0.60;-0.86;-1.88;-3.21;-4.71;-6.26;-7.99;-9.63;-10.99;-12.19;-13.08;-14.02;-15.01;-16.00;-16.78;-17.40;-17.83;-18.13;-18.29;-18.09;-17.59;-16.89;-16.31;-15.95;-15.75;-15.38;-14.38;-12.74;-10.23;-7.21;-3.85;-1.21;-0.59;-0.92;-1.18;-1.30;-1.29;-1.14;-1.07;-1.12;-1.32;-1.53;-1.60;-1.62;-1.67;-1.63;-1.45;-1.17;-0.89;-0.71;-0.62;-0.47;
Segment 17;0.00;0.23;0.11;0.26;0.68;0.95;0.73;0.30;-0.36;-1.06;-1.72;-2.31;-2.84;-3.41;-3.88;-4.26;-4.64;-5.10;-5.70;-6.35;-6.90;-7.39;-7.75;-8.01;-8.27;-8.59;-8.76;-8.73;-8.53;-8.39;-8.43;-8.62;-9.19;-9.76;-9.96;-9.87;-9.22;-7.82;-6.19;-4.75;-3.08;-1.45;-0.15;0.51;0.19;-0.65;-1.16;-1.52;-1.69;-1.63;-1.41;-1.09;-0.69;-0.29;0.01;0.13;0.08;
Segment 18;0.00;-0.85;-1.29;-1.30;-1.51;-1.93;-2.56;-2.87;-3.13;-3.45;-3.93;-4.36;-4.54;-4.82;-5.22;-5.79;-6.29;-6.73;-7.13;-7.51;-7.79;-7.78;-7.42;-6.69;-5.57;-4.50;-3.72;-2.87;-1.09;2.39;5.07;6.80;7.28;7.23;6.80;6.16;5.48;4.84;4.45;4.18;4.02;4.02;3.97;3.80;3.57;3.41;3.40;3.28;3.09;2.84;2.59;2.31;1.96;1.58;1.18;0.81;0.42;

----------------------------------------------------------


Curves
==========================================================
Longitudinal Strain Rate
Unit [1/s]
Time [ms];0.00;12.96;25.93;38.89;51.86;64.82;77.79;90.75;103.72;116.68;129.65;142.61;155.58;168.54;181.51;194.47;207.44;220.40;233.37;246.33;259.30;272.26;285.23;298.19;311.16;324.12;337.08;350.05;363.01;375.98;388.94;401.91;414.87;427.84;440.80;453.77;466.73;479.70;492.66;505.63;518.59;531.56;544.52;557.49;570.45;583.42;596.38;609.35;622.31;635.28;648.24;661.20;674.17;687.13;700.10;713.06;726.03;
Segment 1;-0.84;-0.60;-0.04;0.24;-0.04;-0.36;-0.55;-0.63;-0.56;-0.46;-0.28;-0.02;-0.26;-0.60;-0.70;-0.84;-0.84;-0.84;-0.61;-0.38;-0.44;-0.46;-0.32;-0.11;0.09;0.22;-0.03;-0.38;-0.27;-0.05;0.24;0.71;1.22;1.65;1.59;1.32;1.17;0.89;0.34;-0.17;-0.26;-0.14;0.01;0.19;0.31;0.32;0.21;0.07;-0.01;0.02;0.19;0.41;0.49;0.48;0.37;0.08;-0.62;
Segment 2;0.69;0.44;0.22;0.30;0.36;0.34;0.22;-0.06;-0.33;-0.39;-0.29;-0.17;-0.02;0.05;-0.06;-0.16;-0.14;-0.04;0.05;-0.05;-0.19;-0.16;-0.09;-0.05;-0.02;0.04;0.12;0.10;-0.01;-0.10;-0.24;-0.29;-0.35;-0.56;-0.72;-0.78;-0.77;-0.51;0.39;1.21;1.04;0.49;0.21;0.04;-0.04;0.07;0.15;0.23;0.32;0.31;0.19;0.05;-0.06;-0.12;-0.17;-0.25;-0.12;
Segment 3;0.68;0.69;0.71;0.45;0.19;0.35;0.03;-0.40;-0.02;0.10;-0.14;-0.02;0.02;-0.11;-0.10;-0.11;-0.16;0.00;0.20;0.25;0.32;0.08;-0.61;-0.85;-0.65;-0.53;-0.13;0.46;1.14;0.91;0.01;-0.21;0.21;0.82;0.70;0.40;0.39;-0.05;-0.35;-0.10;0.04;-0.01;-0.17;-0.24;-0.25;-0.37;-0.30;-0.07;0.15;0.12;-0.11;-0.09;-0.18;-0.48;-0.46;-0.50;-0.83;
Segment 4;0.28;0.49;0.82;0.71;0.21;-0.19;-0.04;0.13;-0.20;-0.48;-0.50;-0.26;-0.25;-0.28;-0.16;-0.20;-0.41;-0.55;-0.41;-0.27;-0.23;-0.19;-0.22;-0.32;-0.56;-0.88;-1.53;-1.86;-0.76;0.57;1.14;1.70;1.68;0.96;0.29;-0.76;-0.05;1.36;2.10;2.69;1.32;-0.16;-0.23;0.01;0.12;0.01;-0.14;-0.32;-0.37;-0.29;-0.30;-0.31;-0.27;-0.29;-0.37;-0.61;-0.82;
Segment 5;0.42;0.49;0.66;0.68;0.30;-0.38;-0.82;-0.52;-0.03;-0.04;-0.43;-0.71;-0.64;-0.56;-0.46;-0.35;-0.43;-0.54;-0.58;-0.45;-0.29;-0.21;-0.10;-0.06;-0.04;-0.07;-0.09;-0.14;-0.39;-0.74;-0.80;-0.44;-0.04;0.24;0.55;0.87;1.14;1.28;0.61;-0.25;-0.29;-0.13;0.01;0.69;1.17;0.71;0.29;0.25;0.30;0.35;0.37;0.31;0.37;0.41;0.06;-0.43;-0.59;
Segment 6;0.89;0.46;-0.53;-0.52;-0.17;-0.73;-1.15;-1.24;-1.26;-1.08;-0.88;-0.90;-1.06;-1.18;-1.06;-0.81;-0.60;-0.57;-0.57;-0.46;-0.33;-0.18;-0.01;-0.08;-0.11;0.26;0.48;0.93;2.75;2.63;0.85;1.42;1.78;0.99;0.87;0.65;0.01;-0.12;0.04;0.10;0.21;0.20;-0.03;-0.02;0.18;0.30;0.34;0.29;0.21;-0.01;-0.26;-0.21;-0.08;-0.04;-0.01;-0.02;-0.07;
Segment 7;-0.19;-0.05;0.28;0.41;0.11;-0.29;-0.51;-0.62;-0.61;-0.55;-0.38;-0.23;-0.33;-0.45;-0.55;-0.61;-0.62;-0.64;-0.60;-0.53;-0.47;-0.39;-0.21;-0.03;0.08;0.08;-0.16;-0.37;-0.38;-0.14;0.55;1.38;2.00;2.27;1.90;1.25;0.61;0.01;-0.36;-0.57;-0.48;-0.23;-0.04;0.13;0.21;0.21;0.13;0.03;-0.07;-0.14;-0.04;0.08;0.14;0.16;0.14;0.04;-0.24;
Segment 8;-1.14;-0.27;0.70;0.77;0.68;0.40;0.07;-0.21;-0.45;-0.55;-0.58;-0.66;-0.80;-0.93;-0.98;-0.94;-0.83;-0.66;-0.54;-0.48;-0.43;-0.42;-0.40;-0.36;-0.33;-0.25;-0.16;-0.03;0.12;0.14;0.13;-0.08;-0.35;-0.40;-0.33;-0.15;0.08;0.46;1.03;1.46;1.81;2.13;2.03;1.42;0.83;0.41;0.04;-0.07;-0.04;-0.04;-0.06;-0.08;-0.11;-0.13;-0.16;-0.22;-0.39;
Segment 9;-0.33;-0.13;0.33;0.30;-0.17;-0.60;-0.84;-0.84;-0.80;-0.69;-0.57;-0.38;-0.46;-0.70;-0.41;-0.17;-0.31;-0.33;-0.25;-0.15;0.07;0.22;0.18;-0.02;-0.10;0.20;0.31;0.45;1.16;1.86;2.12;1.98;1.31;0.46;-0.18;-0.40;-0.29;-0.15;-0.02;0.05;0.02;-0.05;-0.09;-0.07;-0.03;-0.05;-0.03;0.02;0.02;-0.00;-0.06;-0.12;-0.24;-0.36;-0.24;-0.15;-0.28;
Segment 10;-0.45;-0.31;0.42;0.99;0.46;-0.28;-0.73;-1.06;-1.02;-0.93;-1.00;-0.98;-0.97;-0.98;-0.84;-0.71;-0.60;-0.50;-0.46;-0.46;-0.41;-0.24;0.08;0.38;0.23;-0.00;-0.09;-0.18;0.20;0.68;0.73;0.96;1.40;1.64;1.66;1.29;0.76;0.30;-0.05;-0.22;-0.08;0.14;0.12;0.08;0.11;0.10;0.13;0.16;0.12;0.10;0.08;0.07;0.09;0.09;0.08;-0.01;-0.20;
Segment 11;-2.28;-1.48;-0.36;0.04;0.09;-0.09;-0.34;-0.63;-0.91;-1.04;-1.08;-1.07;-0.98;-0.83;-0.71;-0.60;-0.54;-0.57;-0.58;-0.49;-0.41;-0.36;-0.33;-0.29;-0.26;-0.22;-0.04;0.15;0.26;0.37;0.46;0.49;0.52;0.43;0.31;0.47;0.84;1.18;1.30;1.36;1.49;1.51;1.34;0.95;0.56;0.19;-0.10;-0.13;-0.07;-0.04;-0.07;-0.08;0.00;0.13;0.33;0.57;0.42;
Segment 12;-0.62;-0.48;-0.15;-0.07;-0.28;-0.58;-0.66;-0.56;-0.62;-0.73;-0.78;-0.62;-0.57;-0.70;-0.78;-0.76;-0.64;-0.54;-0.49;-0.44;-0.29;-0.11;0.02;0.05;0.06;0.12;0.24;0.77;2.15;3.09;2.94;2.06;0.96;0.26;-0.18;-0.27;-0.20;-0.15;-0.09;-0.02;0.06;0.04;-0.11;-0.09;0.07;0.10;0.10;0.07;0.04;-0.04;-0.14;-0.15;-0.16;-0.21;-0.10;-0.01;-0.06;
Segment 13;-0.34;-0.34;-0.05;0.19;-0.29;-0.83;-0.74;-0.54;-0.62;-0.76;-0.90;-1.01;-1.11;-1.07;-0.69;-0.40;-0.57;-0.78;-0.73;-0.58;-0.47;-0.36;-0.23;-0.06;0.22;0.41;0.33;0.31;0.72;1.15;1.33;1.50;1.67;1.75;1.54;1.04;0.54;0.13;-0.06;-0.10;-0.08;-0.03;0.04;0.10;0.06;0.02;0.00;-0.03;-0.08;-0.10;0.03;0.16;0.17;0.15;0.17;0.16;-0.01;
Segment 14;-1.68;-0.99;0.13;0.70;0.72;0.19;-0.29;-0.41;-0.43;-0.40;-0.38;-0.41;-0.53;-0.59;-0.54;-0.51;-0.53;-0.57;-0.61;-0.51;-0.31;-0.22;-0.22;-0.26;-0.34;-0.39;-0.31;-0.10;0.11;0.22;0.36;0.38;0.33;0.49;0.72;0.93;1.18;1.27;1.00;0.68;0.60;0.57;0.41;0.22;0.02;-0.07;-0.03;0.01;0.08;0.17;0.20;0.20;0.25;0.21;0.02;-0.27;-0.76;
Segment 15;0.05;0.16;0.41;0.25;-0.20;-0.51;-0.64;-0.60;-0.58;-0.58;-0.57;-0.48;-0.51;-0.63;-0.42;-0.29;-0.41;-0.31;-0.16;-0.12;0.02;0.22;0.41;0.66;0.80;0.68;0.75;1.05;1.40;1.47;1.21;1.10;0.72;0.09;-0.43;-0.60;-0.47;-0.33;-0.26;-0.27;-0.20;-0.13;-0.14;-0.13;-0.06;0.06;0.10;0.04;-0.05;-0.12;-0.14;-0.18;-0.21;-0.23;-0.18;-0.16;-0.23;
Segment 16;-0.64;-0.72;-0.23;0.43;0.34;0.01;-0.50;-0.94;-1.10;-1.17;-1.28;-1.33;-1.16;-0.99;-0.80;-0.68;-0.75;-0.78;-0.69;-0.54;-0.40;-0.28;-0.19;0.01;0.28;0.49;0.52;0.36;0.19;0.18;0.50;1.00;1.61;2.16;2.52;2.47;1.27;-0.02;-0.29;-0.15;-0.04;0.08;0.10;0.01;-0.10;-0.17;-0.11;-0.03;-0.03;-0.01;0.09;0.18;0.23;0.19;0.09;0.07;0.24;
Segment 17;0.23;0.02;-0.03;0.24;0.32;0.02;-0.27;-0.43;-0.54;-0.53;-0.48;-0.42;-0.43;-0.41;-0.32;-0.28;-0.31;-0.41;-0.50;-0.47;-0.40;-0.33;-0.24;-0.19;-0.23;-0.21;-0.06;0.11;0.15;0.04;-0.08;-0.30;-0.49;-0.31;-0.05;0.25;0.81;1.23;1.18;1.19;1.30;1.16;0.80;0.13;-0.53;-0.56;-0.33;-0.21;-0.04;0.11;0.21;0.28;0.32;0.28;0.16;0.02;-0.06;
Segment 18;-0.70;-0.52;-0.13;-0.05;-0.24;-0.44;-0.38;-0.19;-0.21;-0.32;-0.38;-0.23;-0.15;-0.26;-0.38;-0.43;-0.36;-0.32;-0.30;-0.27;-0.12;0.14;0.42;0.74;0.89;0.71;0.56;0.90;2.14;2.54;1.72;0.83;0.11;-0.20;-0.43;-0.52;-0.52;-0.40;-0.24;-0.17;-0.06;-0.00;-0.08;-0.16;-0.16;-0.06;-0.04;-0.12;-0.17;-0.19;-0.20;-0.24;-0.28;-0.30;-0.30;-0.29;-0.31;

----------------------------------------------------------


Curves
==========================================================
Global Strain A2C
Unit [%]
Time [ms];0.00;12.96;25.93;38.89;51.86;64.82;77.79;90.75;103.72;116.68;129.65;142.61;155.58;168.54;181.51;194.47;207.44;220.40;233.37;246.33;259.30;272.26;285.23;298.19;311.16;324.12;337.08;350.05;363.01;375.98;388.94;401.91;414.87;427.84;440.80;453.77;466.73;479.70;492.66;505.63;518.59;531.56;544.52;557.49;570.45;583.42;596.38;609.35;622.31;635.28;648.24;661.20;674.17;687.13;700.10;713.06;726.03;
Total;0.00;-0.44;-0.57;-0.02;0.45;0.24;-0.34;-1.07;-1.91;-2.83;-3.77;-4.67;-5.47;-6.44;-7.31;-8.08;-8.84;-9.72;-10.57;-11.23;-11.78;-12.27;-12.59;-12.74;-12.69;-12.62;-12.60;-12.99;-13.31;-13.04;-12.30;-11.05;-9.16;-6.97;-4.73;-2.96;-1.84;-1.06;-0.66;-0.30;-0.09;-0.13;-0.18;-0.12;0.03;0.16;0.24;0.26;0.19;0.09;0.04;0.12;0.29;0.48;0.63;0.68;0.49;

----------------------------------------------------------


Curves
==========================================================
Global Strain Rate A2C
Unit [1/s]
Time [ms];0.00;12.96;25.93;38.89;51.86;64.82;77.79;90.75;103.72;116.68;129.65;142.61;155.58;168.54;181.51;194.47;207.44;220.40;233.37;246.33;259.30;272.26;285.23;298.19;311.16;324.12;337.08;350.05;363.01;375.98;388.94;401.91;414.87;427.84;440.80;453.77;466.73;479.70;492.66;505.63;518.59;531.56;544.52;557.49;570.45;583.42;596.38;609.35;622.31;635.28;648.24;661.20;674.17;687.13;700.10;713.06;726.03;
Total;-0.37;-0.26;0.19;0.48;0.11;-0.34;-0.52;-0.61;-0.68;-0.72;-0.72;-0.64;-0.68;-0.73;-0.62;-0.57;-0.63;-0.69;-0.59;-0.46;-0.40;-0.32;-0.19;-0.03;0.06;0.06;-0.15;-0.34;-0.04;0.40;0.75;1.22;1.61;1.75;1.59;1.10;0.72;0.44;0.27;0.24;0.06;-0.06;-0.00;0.09;0.12;0.08;0.04;-0.02;-0.07;-0.07;0.01;0.10;0.15;0.14;0.09;-0.04;-0.27;

----------------------------------------------------------


Curves
==========================================================
Global Strain A3C
Unit [%]
Time [ms];0.00;12.96;25.93;38.89;51.86;64.82;77.79;90.75;103.72;116.68;129.65;142.61;155.58;168.54;181.51;194.47;207.44;220.40;233.37;246.33;259.30;272.26;285.23;298.19;311.16;324.12;337.08;350.05;363.01;375.98;388.94;401.91;414.87;427.84;440.80;453.77;466.73;479.70;492.66;505.63;518.59;531.56;544.52;557.49;570.45;583.42;596.38;609.35;622.31;635.28;648.24;661.20;674.17;687.13;700.10;713.06;726.03;
Total;0.00;-0.71;-0.73;-0.26;0.32;0.66;0.47;0.04;-0.52;-1.12;-1.79;-2.53;-3.28;-4.01;-4.70;-5.32;-5.92;-6.52;-7.13;-7.71;-8.19;-8.60;-8.93;-9.20;-9.45;-9.71;-9.89;-9.93;-9.87;-9.86;-9.92;-9.96;-10.03;-10.08;-10.01;-9.77;-9.22;-8.27;-7.08;-5.91;-4.67;-3.43;-2.31;-1.43;-0.85;-0.55;-0.49;-0.50;-0.44;-0.27;-0.08;0.10;0.26;0.46;0.61;0.59;0.38;

----------------------------------------------------------


Curves
==========================================================
Global Strain Rate A3C
Unit [1/s]
Time [ms];0.00;12.96;25.93;38.89;51.86;64.82;77.79;90.75;103.72;116.68;129.65;142.61;155.58;168.54;181.51;194.47;207.44;220.40;233.37;246.33;259.30;272.26;285.23;298.19;311.16;324.12;337.08;350.05;363.01;375.98;388.94;401.91;414.87;427.84;440.80;453.77;466.73;479.70;492.66;505.63;518.59;531.56;544.52;557.49;570.45;583.42;596.38;609.35;622.31;635.28;648.24;661.20;674.17;687.13;700.10;713.06;726.03;
Total;-0.63;-0.31;0.21;0.44;0.39;0.06;-0.26;-0.39;-0.45;-0.49;-0.55;-0.58;-0.57;-0.55;-0.51;-0.47;-0.46;-0.47;-0.47;-0.41;-0.34;-0.28;-0.23;-0.20;-0.20;-0.18;-0.09;0.02;0.04;-0.02;-0.04;-0.04;-0.05;0.00;0.11;0.29;0.58;0.85;0.92;0.92;0.97;0.93;0.78;0.56;0.34;0.13;-0.00;0.01;0.09;0.15;0.15;0.12;0.14;0.15;0.05;-0.09;-0.24;

----------------------------------------------------------


Curves
==========================================================
Global Strain A4C
Unit [%]
Time [ms];0.00;12.96;25.93;38.89;51.86;64.82;77.79;90.75;103.72;116.68;129.65;142.61;155.58;168.54;181.51;194.47;207.44;220.40;233.37;246.33;259.30;272.26;285.23;298.19;311.16;324.12;337.08;350.05;363.01;375.98;388.94;401.91;414.87;427.84;440.80;453.77;466.73;479.70;492.66;505.63;518.59;531.56;544.52;557.49;570.45;583.42;596.38;609.35;622.31;635.28;648.24;661.20;674.17;687.13;700.10;713.06;726.03;
Total;0.00;0.00;0.07;0.18;0.12;-0.24;-0.95;-1.77;-2.58;-3.29;-4.03;-4.70;-5.22;-5.94;-6.72;-7.32;-7.88;-8.39;-8.79;-9.10;-9.30;-9.28;-9.19;-9.09;-8.93;-8.66;-8.26;-7.58;-6.07;-3.12;-0.90;0.81;2.19;2.98;3.26;3.20;3.00;2.73;2.50;2.36;2.32;2.37;2.32;2.13;2.05;2.02;2.05;2.10;2.15;2.17;2.02;1.79;1.59;1.28;0.94;0.73;0.41;

----------------------------------------------------------


Curves
==========================================================
Global Strain Rate A4C
Unit [1/s]
Time [ms];0.00;12.96;25.93;38.89;51.86;64.82;77.79;90.75;103.72;116.68;129.65;142.61;155.58;168.54;181.51;194.47;207.44;220.40;233.37;246.33;259.30;272.26;285.23;298.19;311.16;324.12;337.08;350.05;363.01;375.98;388.94;401.91;414.87;427.84;440.80;453.77;466.73;479.70;492.66;505.63;518.59;531.56;544.52;557.49;570.45;583.42;596.38;609.35;622.31;635.28;648.24;661.20;674.17;687.13;700.10;713.06;726.03;
Total;-0.01;0.02;0.08;0.04;-0.15;-0.43;-0.61;-0.64;-0.58;-0.56;-0.56;-0.45;-0.46;-0.60;-0.54;-0.44;-0.42;-0.35;-0.27;-0.21;-0.07;0.05;0.07;0.10;0.16;0.25;0.38;0.76;1.82;2.11;1.48;1.20;0.85;0.40;0.06;-0.12;-0.19;-0.20;-0.15;-0.07;0.02;0.01;-0.10;-0.12;-0.04;0.00;0.03;0.04;0.03;-0.04;-0.16;-0.17;-0.19;-0.26;-0.21;-0.19;-0.29;

----------------------------------------------------------


