PatientInformation
==========================================================
PatientID;No patientID
Name;,,
Date of Birth;
Sex;
Version;AutoStrainCap2 2.1.0.491925

Results
==========================================================
Global
----------------------------------------------------------
RVFWSL;-23.06;%
RV4CSL;-15.92;%
ED;0.00;ms
ES;347.85;ms

Curves
==========================================================
Longitudinal Strain
Unit [%]
Time [ms];0.00;11.71;23.42;35.14;46.85;58.56;70.27;81.98;93.70;105.41;117.12;128.83;140.54;152.26;163.97;175.68;187.39;199.10;210.82;222.53;234.24;245.95;257.66;269.38;281.09;292.80;304.51;316.22;327.94;339.65;351.36;363.07;374.78;386.50;398.21;409.92;421.63;433.34;445.06;456.77;468.48;480.19;491.90;503.62;515.33;527.04;538.75;550.46;562.18;573.89;585.60;597.31;609.02;620.74;632.45;644.16;655.87;667.58;679.30;
Basal;0.00;-0.79;-1.68;-2.18;-2.76;-2.88;-3.09;-3.30;-3.86;-4.75;-6.13;-7.73;-9.30;-10.58;-11.72;-12.94;-14.13;-15.41;-16.59;-17.75;-18.75;-19.65;-20.58;-21.37;-22.02;-22.48;-22.80;-23.03;-23.21;-23.22;-22.94;-22.19;-21.23;-20.25;-19.42;-18.39;-16.83;-14.06;-10.58;-6.50;-2.73;0.76;3.20;4.35;4.46;4.28;3.92;3.78;3.83;4.34;4.91;5.26;5.12;4.63;3.96;3.17;2.40;1.65;0.84;
Mid;0.00;-0.84;-1.94;-2.73;-3.51;-3.92;-4.26;-4.62;-5.20;-6.09;-7.32;-8.77;-10.21;-11.41;-12.50;-13.67;-14.76;-15.91;-16.95;-18.02;-18.93;-19.69;-20.44;-21.06;-21.58;-21.99;-22.32;-22.59;-22.88;-22.97;-22.73;-21.92;-20.85;-19.80;-19.15;-18.27;-16.68;-13.60;-9.80;-5.74;-2.34;0.42;2.21;2.94;2.92;2.66;2.60;2.76;3.14;3.78;4.43;4.81;4.64;4.09;3.32;2.48;1.65;0.98;0.44;
Apical;0.00;-0.64;-1.56;-2.05;-2.80;-3.05;-3.35;-3.62;-4.20;-5.09;-6.33;-7.76;-9.15;-10.37;-11.42;-12.49;-13.26;-14.11;-14.85;-15.79;-16.62;-17.38;-18.19;-18.86;-19.40;-19.84;-20.17;-20.45;-20.68;-20.78;-20.57;-19.91;-18.97;-17.88;-16.74;-15.31;-13.36;-10.55;-7.26;-3.78;-1.01;1.29;2.75;3.65;3.84;3.83;3.68;3.72;3.97;4.59;5.23;5.57;5.36;4.75;3.96;3.05;2.22;1.56;0.75;

----------------------------------------------------------


