PatientInformation
==========================================================
PatientID;No patientID
Name;,,
Date of Birth;
Sex;
Version;AutoStrainCap2 2.1.0.491925

Results
==========================================================
Global
----------------------------------------------------------
LaSr_ED;38.99;%
LaScd_ED;-28.20;%
LaSct_ED;-10.79;%
LaSr_AC;35.03;%
LaScd_AC;-25.33;%
LaSct_AC;-9.69;%
ED;0.00;ms
ES;360.82;ms
PreA;587.14;ms

Curves
==========================================================
Longitudinal Strain
Unit [%]
Time [ms];0.00;21.35;42.70;64.05;85.40;106.75;128.10;149.45;170.80;192.15;213.50;234.85;256.20;277.56;298.91;320.26;341.61;362.96;384.31;405.66;427.01;448.36;469.71;491.06;512.41;533.76;555.11;576.46;597.81;619.16;640.51;661.86;683.21;704.56;725.91;747.26;768.61;789.96;
LAS_ED;0.00;-0.89;-0.06;2.54;6.45;10.47;14.17;17.75;21.31;25.01;28.97;32.04;35.17;36.09;36.86;36.95;37.78;38.98;36.85;33.77;26.49;19.17;13.91;11.62;10.33;11.65;11.38;10.46;11.31;11.58;11.70;12.04;11.87;12.07;10.01;3.63;0.44;-0.25;
LAS_AC;-10.16;-10.96;-10.21;-7.87;-4.37;-0.76;2.57;5.79;8.98;12.31;15.86;18.62;21.43;22.26;22.95;23.04;23.78;24.86;22.95;20.18;13.64;7.06;2.33;0.28;-0.88;0.30;0.06;-0.76;0.00;0.24;0.35;0.66;0.50;0.69;-1.17;-6.90;-9.76;-10.39;

----------------------------------------------------------


