PatientInformation
==========================================================
PatientID;No patientID
Name;,,
Date of Birth;
Sex;
Version;AutoStrainCap2 2.1.0.491925

Results
==========================================================
Global
----------------------------------------------------------
RVFWSL;-18.88;%
RV4CSL;-16.42;%
ED;0.00;ms
ES;333.56;ms

Curves
==========================================================
Longitudinal Strain
Unit [%]
Time [ms];0.00;18.74;37.48;56.22;74.96;93.70;112.44;131.17;149.91;168.65;187.39;206.13;224.87;243.61;262.35;281.09;299.83;318.57;337.31;356.04;374.78;393.52;412.26;431.00;449.74;468.48;487.22;505.96;524.70;543.44;562.18;580.92;599.65;618.39;637.13;655.87;674.61;693.35;712.09;730.83;749.57;768.31;787.05;
Basal;0.00;-2.22;-4.07;-5.30;-6.49;-8.64;-11.02;-12.73;-14.40;-16.34;-18.08;-19.55;-20.81;-22.06;-23.17;-24.10;-24.80;-25.04;-24.87;-24.11;-22.72;-20.91;-18.52;-16.40;-13.96;-11.34;-8.69;-5.79;-3.28;-1.23;-0.17;-0.30;-1.00;-1.53;-1.96;-2.45;-2.06;-0.12;2.39;4.41;5.19;3.99;1.87;
Mid;0.00;-1.64;-3.02;-3.87;-4.69;-6.28;-8.03;-9.18;-10.28;-11.65;-12.87;-13.81;-14.58;-15.42;-16.22;-16.97;-17.59;-17.84;-17.78;-17.25;-16.24;-14.98;-13.28;-11.90;-10.16;-8.06;-5.86;-3.55;-1.59;0.06;0.86;0.61;-0.11;-0.57;-0.97;-1.51;-1.36;0.13;2.15;3.83;4.44;3.27;1.37;
Apical;0.00;-0.71;-1.31;-2.00;-2.83;-4.47;-6.26;-7.29;-8.11;-8.98;-9.69;-10.33;-10.89;-11.57;-12.21;-12.85;-13.45;-13.63;-13.64;-13.18;-12.25;-11.19;-9.61;-8.89;-7.88;-6.85;-5.78;-4.19;-2.85;-1.55;-0.93;-1.00;-1.43;-1.65;-1.81;-2.12;-1.94;-0.88;0.66;2.04;2.67;1.92;0.65;

----------------------------------------------------------


