PatientInformation
==========================================================
PatientID;No patientID
Name;,,
Date of Birth;
Sex;
Version;AutoStrainCap2 2.1.0.491925

Results
==========================================================
Global
----------------------------------------------------------
RVFWSL;-10.68;%
RV4CSL;-8.41;%
ED;0.00;ms
ES;340.99;ms

Curves
==========================================================
Longitudinal Strain
Unit [%]
Time [ms];0.00;23.04;46.08;69.12;92.16;115.20;138.24;161.28;184.32;207.36;230.40;253.44;276.48;299.52;322.56;345.60;368.64;391.68;414.72;437.76;460.80;483.84;506.88;529.92;552.96;576.00;599.04;622.08;645.12;668.16;691.20;
Basal;0.00;0.13;0.12;-0.38;0.68;2.92;2.57;1.14;-0.27;-1.97;-2.98;-5.12;-6.64;-7.92;-9.12;-10.29;-10.22;-9.86;-9.69;-9.72;-9.58;-9.46;-9.29;-8.29;-7.62;-5.65;-3.68;-2.94;-2.06;-1.80;-1.57;
Mid;0.00;-0.26;-0.27;-0.43;0.84;3.15;3.01;1.27;-0.55;-3.29;-5.46;-7.50;-9.02;-10.69;-12.12;-13.19;-13.32;-13.07;-12.58;-11.84;-12.00;-11.17;-10.49;-10.81;-9.44;-7.33;-4.78;-3.50;-2.07;-1.68;-1.38;
Apical;0.00;-0.72;-1.21;-0.96;1.15;3.91;4.25;3.70;1.61;-0.78;-2.47;-4.75;-6.37;-7.67;-9.08;-9.43;-8.73;-7.93;-7.02;-5.78;-5.43;-5.43;-5.51;-6.22;-6.92;-5.31;-3.48;-2.43;-1.33;-1.28;-1.50;

----------------------------------------------------------


