PatientInformation
==========================================================
PatientID;No patientID
Name;,,
Date of Birth;
Sex;
Version;AutoStrainCap2 2.1.0.491925

Results
==========================================================
Global
----------------------------------------------------------
LaSr_ED;14.74;%
LaScd_ED;-9.15;%
LaSct_ED;-5.60;%
LaSr_AC;13.89;%
LaScd_AC;-8.62;%
LaSct_AC;-5.27;%
ED;0.00;ms
ES;298.36;ms
PreA;467.47;ms

Curves
==========================================================
Longitudinal Strain
Unit [%]
Time [ms];0.00;10.77;21.54;32.31;43.08;53.86;64.63;75.40;86.17;96.94;107.71;118.48;129.25;140.03;150.80;161.57;172.34;183.11;193.88;204.65;215.42;226.20;236.97;247.74;258.51;269.28;280.05;290.82;301.59;312.36;323.14;333.91;344.68;355.45;366.22;376.99;387.76;398.53;409.31;420.08;430.85;441.62;452.39;463.16;473.93;484.70;495.48;506.25;517.02;527.79;538.56;549.33;560.10;570.87;581.64;592.42;603.19;613.96;624.73;
LAS_ED;0.00;0.22;0.74;1.38;1.53;1.61;1.73;1.99;2.46;3.12;3.89;4.69;5.41;5.75;6.00;6.18;6.54;7.00;7.71;8.58;9.58;10.50;11.22;11.83;12.46;13.28;14.06;14.64;14.73;14.52;14.25;14.13;14.07;14.00;13.81;13.58;13.36;13.23;12.94;12.24;10.96;9.32;7.74;6.13;4.89;3.85;3.18;2.69;2.42;2.23;2.15;2.05;1.94;1.82;1.87;2.03;2.15;1.91;0.98;
LAS_AC;-5.78;-5.57;-5.08;-4.48;-4.34;-4.26;-4.15;-3.91;-3.46;-2.84;-2.12;-1.36;-0.68;-0.36;-0.13;0.04;0.38;0.82;1.49;2.31;3.25;4.12;4.80;5.37;5.96;6.73;7.47;8.01;8.10;7.90;7.65;7.54;7.48;7.41;7.23;7.02;6.81;6.69;6.41;5.76;4.55;3.00;1.51;0.00;-1.17;-2.15;-2.78;-3.24;-3.50;-3.68;-3.75;-3.85;-3.95;-4.07;-4.02;-3.87;-3.76;-3.98;-4.86;

----------------------------------------------------------


