PatientInformation
==========================================================
PatientID;No patientID
Name;,,
Date of Birth;
Sex;
Version;AutoStrainCap2 2.1.0.491925

Results
==========================================================
Global
----------------------------------------------------------
GLS(3P);-8.32;%
GLS(4Ch);-8.75;%
GLS(2Ch);-7.35;%
GLS(3Ch);-8.87;%
ED;0.00;ms
ES;279.54;ms

Results
==========================================================
Longitudinal Strain
T2P
Minimum
----------------------------------------------------------
Segment 0 [mean];326.13;ms
----------------------------------------------------------
Segment 1 [ant];326.62;ms
Segment 2 [ant/sept];331.53;ms
Segment 3 [inf/sept];275.62;ms
Segment 4 [inf];342.32;ms
Segment 5 [inf/lat];374.68;ms
Segment 6 [ant/lat];235.40;ms
----------------------------------------------------------
Segment 7 [ant];351.14;ms
Segment 8 [ant/sept];529.66;ms
Segment 9 [inf/sept];11.77;ms
Segment 10 [inf];363.90;ms
Segment 11 [inf/lat];336.43;ms
Segment 12 [ant/lat];272.68;ms
----------------------------------------------------------
Segment 13 [ant];131.43;ms
Segment 14 [ant/sept];529.66;ms
Segment 15 [inf/sept];295.24;ms
Segment 16 [inf];341.34;ms
Segment 17 [inf/lat];529.66;ms
Segment 18 [ant/lat];291.31;ms
----------------------------------------------------------


Results
==========================================================
Longitudinal Strain
End-systolic

----------------------------------------------------------
Segment 0 [mean];-7.05;%
----------------------------------------------------------
Segment 1 [ant];-7.00;%
Segment 2 [ant/sept];-7.65;%
Segment 3 [inf/sept];-7.19;%
Segment 4 [inf];-9.81;%
Segment 5 [inf/lat];-15.49;%
Segment 6 [ant/lat];-19.29;%
----------------------------------------------------------
Segment 7 [ant];-0.89;%
Segment 8 [ant/sept];-2.49;%
Segment 9 [inf/sept];3.34;%
Segment 10 [inf];-4.43;%
Segment 11 [inf/lat];-13.70;%
Segment 12 [ant/lat];-9.87;%
----------------------------------------------------------
Segment 13 [ant];-4.38;%
Segment 14 [ant/sept];0.92;%
Segment 15 [inf/sept];-11.02;%
Segment 16 [inf];-10.94;%
Segment 17 [inf/lat];-1.92;%
Segment 18 [ant/lat];-5.03;%
----------------------------------------------------------


Results
==========================================================
Longitudinal Strain
Peak-systolic

----------------------------------------------------------
Segment 0 [mean];-7.93;%
----------------------------------------------------------
Segment 1 [ant];-7.00;%
Segment 2 [ant/sept];-7.65;%
Segment 3 [inf/sept];-7.29;%
Segment 4 [inf];-9.81;%
Segment 5 [inf/lat];-15.49;%
Segment 6 [ant/lat];-25.55;%
----------------------------------------------------------
Segment 7 [ant];-1.36;%
Segment 8 [ant/sept];-2.50;%
Segment 9 [inf/sept];-1.67;%
Segment 10 [inf];-4.43;%
Segment 11 [inf/lat];-13.70;%
Segment 12 [ant/lat];-10.08;%
----------------------------------------------------------
Segment 13 [ant];-4.79;%
Segment 14 [ant/sept];-2.47;%
Segment 15 [inf/sept];-11.02;%
Segment 16 [inf];-10.94;%
Segment 17 [inf/lat];-1.96;%
Segment 18 [ant/lat];-5.03;%
----------------------------------------------------------


Curves
==========================================================
Longitudinal Strain
Unit [%]
Time [ms];0.00;9.81;19.62;29.43;39.23;49.04;58.85;68.66;78.47;88.28;98.08;107.89;117.70;127.51;137.32;147.13;156.94;166.74;176.55;186.36;196.17;205.98;215.79;225.60;235.40;245.21;255.02;264.83;274.64;284.45;294.25;304.06;313.87;323.68;333.49;343.30;353.11;362.91;372.72;382.53;392.34;402.15;411.96;421.77;431.57;441.38;451.19;461.00;470.81;480.62;490.42;500.23;510.04;519.85;529.66;539.47;549.28;559.08;568.89;578.70;588.51;598.32;608.13;617.94;
Total;0.00;-0.64;-0.72;-0.77;-1.11;-1.51;-1.95;-2.16;-2.14;-2.09;-2.11;-2.23;-2.45;-2.79;-3.12;-3.46;-3.76;-4.07;-4.40;-4.76;-5.07;-5.33;-5.54;-5.72;-6.01;-6.42;-6.83;-7.14;-7.33;-7.38;-7.31;-7.21;-6.97;-6.72;-6.38;-5.90;-5.38;-4.76;-4.18;-3.62;-3.16;-2.71;-2.38;-1.99;-1.67;-1.40;-1.20;-1.02;-0.84;-0.68;-0.55;-0.40;-0.23;-0.18;-0.10;0.20;0.52;0.79;0.96;1.17;1.61;2.41;2.96;2.32;
Segment 1;0.00;-0.84;-1.19;-1.09;-0.70;-0.28;-0.05;0.02;0.09;0.13;0.15;0.08;-0.30;-0.69;-1.13;-1.66;-2.21;-2.76;-3.34;-3.92;-4.35;-4.75;-5.14;-5.47;-5.85;-6.10;-6.21;-6.39;-6.76;-7.26;-7.85;-8.65;-9.47;-9.96;-9.88;-9.60;-9.36;-9.05;-8.40;-7.23;-5.57;-3.42;-0.83;1.80;3.72;4.67;5.30;5.94;6.50;6.86;7.01;6.93;6.68;6.35;5.93;5.41;4.80;4.18;3.60;3.11;2.85;3.14;3.11;2.14;
Segment 2;0.00;0.89;1.13;0.28;0.14;0.46;0.56;0.56;0.45;0.17;-0.27;-0.88;-1.47;-1.90;-2.13;-2.21;-2.52;-2.95;-3.46;-3.89;-4.26;-4.79;-5.33;-5.69;-6.07;-6.51;-6.93;-7.30;-7.53;-7.80;-8.18;-8.37;-8.47;-8.76;-8.85;-8.58;-8.18;-7.67;-7.17;-6.61;-5.95;-5.38;-4.87;-4.30;-3.74;-3.28;-2.80;-2.33;-1.94;-1.67;-1.62;-1.68;-1.83;-2.18;-2.55;-2.71;-2.59;-2.18;-1.92;-1.69;-1.29;-0.86;-0.44;-0.17;
Segment 3;0.00;1.11;0.80;1.29;1.58;1.75;1.74;1.22;0.67;0.07;-0.34;-0.71;-1.23;-2.06;-2.93;-3.85;-4.25;-4.72;-4.89;-5.40;-5.76;-5.93;-6.22;-6.19;-6.27;-6.47;-6.86;-6.92;-7.29;-6.99;-6.44;-4.37;-2.24;-0.59;-0.76;-1.58;-1.94;-0.85;0.96;2.65;3.43;3.67;3.69;3.72;3.76;3.74;3.73;3.67;3.64;3.68;3.74;3.81;3.76;3.71;3.65;3.59;3.49;3.15;2.65;2.16;2.38;3.35;4.42;3.07;
Segment 4;0.00;0.26;0.43;0.70;1.32;2.04;2.17;1.75;1.27;0.90;0.55;0.13;-0.51;-1.21;-1.85;-2.37;-2.97;-3.58;-4.22;-4.89;-5.20;-5.54;-6.02;-6.63;-7.41;-8.03;-8.45;-8.87;-9.48;-10.14;-10.74;-11.18;-11.58;-12.13;-12.89;-13.17;-12.65;-11.31;-9.27;-7.50;-5.56;-3.84;-3.49;-3.41;-3.30;-3.07;-3.10;-2.84;-2.46;-2.10;-1.17;-0.22;0.49;0.81;1.05;1.37;1.74;2.01;1.98;1.82;1.67;1.57;1.91;1.60;
Segment 5;0.00;0.15;0.28;0.39;0.60;0.72;0.07;-0.60;-0.87;-1.19;-1.62;-2.41;-3.37;-4.43;-5.37;-6.17;-6.92;-7.69;-8.57;-9.44;-10.27;-10.86;-11.38;-12.01;-12.68;-13.38;-14.08;-14.75;-15.24;-15.76;-16.36;-17.04;-17.78;-18.64;-19.21;-19.29;-19.40;-19.51;-19.58;-19.53;-19.34;-19.05;-18.70;-18.48;-18.36;-18.40;-18.10;-17.43;-16.54;-15.54;-14.55;-13.65;-12.86;-12.38;-11.62;-9.58;-7.78;-6.56;-6.10;-5.93;-5.36;-4.40;-3.03;-1.55;
Segment 6;0.00;-4.58;-5.21;-5.55;-8.15;-11.04;-13.29;-13.25;-12.39;-11.70;-12.12;-13.40;-14.78;-16.61;-18.13;-19.55;-20.48;-21.27;-22.08;-23.01;-23.99;-24.92;-25.22;-25.38;-25.55;-25.35;-24.87;-23.52;-20.73;-17.73;-14.41;-14.36;-14.04;-14.19;-12.98;-11.43;-9.87;-7.28;-5.31;-3.19;-2.38;-1.47;-1.03;-0.08;0.59;1.34;1.63;1.90;2.12;2.59;3.15;3.74;4.35;4.87;5.49;5.90;6.45;6.78;7.59;8.34;9.62;10.93;11.05;8.12;
Segment 7;0.00;-0.55;-0.58;-0.48;-0.78;-1.13;-1.33;-1.35;-1.30;-1.24;-1.18;-1.12;-1.11;-1.10;-1.06;-0.99;-0.93;-0.87;-0.82;-0.78;-0.76;-0.75;-0.76;-0.81;-0.87;-0.91;-0.93;-0.92;-0.91;-0.86;-0.76;-0.54;-0.35;-0.42;-0.88;-1.31;-1.41;-1.16;-0.68;-0.02;0.69;1.27;1.43;1.55;2.00;2.88;3.84;4.50;4.88;5.06;5.03;4.87;4.65;4.41;4.19;4.01;3.89;3.78;3.64;3.53;3.56;3.89;3.75;2.52;
Segment 8;0.00;-0.83;-1.61;-2.36;-2.47;-2.16;-2.09;-2.05;-2.02;-1.86;-1.61;-1.35;-1.07;-0.77;-0.54;-0.37;-0.12;0.04;-0.07;-0.13;-0.11;-0.24;-0.42;-0.57;-0.85;-1.31;-1.66;-1.96;-2.31;-2.67;-3.03;-3.34;-3.62;-4.00;-4.17;-4.01;-3.79;-3.51;-3.18;-2.93;-2.86;-2.98;-3.27;-3.62;-4.00;-4.34;-4.93;-5.75;-6.29;-6.76;-7.31;-7.93;-8.60;-9.08;-9.29;-9.06;-8.47;-7.55;-6.46;-5.23;-3.96;-2.52;-0.87;-0.15;
Segment 9;0.00;-1.62;-1.07;-0.11;-0.42;-1.02;-1.32;-0.46;0.95;2.62;3.88;5.03;5.91;6.36;6.57;6.64;6.59;6.54;6.36;6.22;5.99;6.16;6.07;6.18;5.81;4.53;3.12;2.46;2.85;3.85;4.30;3.21;1.62;0.90;2.50;5.23;7.71;8.79;8.97;9.04;8.96;8.98;8.83;8.84;8.80;8.80;8.69;8.62;8.60;8.70;8.83;8.99;9.05;9.11;9.10;9.09;8.98;8.76;8.37;8.19;8.51;9.65;9.78;7.34;
Segment 10;0.00;0.21;-0.20;-0.96;-1.59;-2.13;-2.60;-3.01;-3.32;-3.51;-3.62;-3.70;-3.86;-3.96;-4.01;-4.00;-3.96;-3.92;-3.89;-3.91;-3.87;-3.85;-3.82;-3.78;-3.77;-3.81;-3.90;-4.05;-4.29;-4.58;-4.87;-5.06;-5.28;-5.52;-5.81;-6.18;-6.42;-6.51;-6.47;-6.41;-6.09;-5.51;-4.88;-4.12;-3.38;-2.71;-2.10;-1.57;-1.11;-0.74;-0.42;-0.21;-0.10;-0.11;-0.13;-0.20;-0.31;-0.42;-0.56;-0.75;-1.08;-1.78;-2.01;-1.43;
Segment 11;0.00;-0.11;-0.39;-0.93;-1.24;-1.42;-1.80;-2.17;-2.39;-2.69;-3.04;-3.40;-3.82;-4.35;-4.86;-5.36;-5.99;-6.67;-7.32;-8.01;-8.74;-9.35;-9.93;-10.55;-11.19;-11.84;-12.35;-12.82;-13.40;-14.01;-14.65;-15.03;-15.29;-15.70;-15.96;-15.93;-15.82;-15.64;-15.38;-15.10;-14.82;-14.54;-14.26;-14.12;-14.06;-14.07;-13.93;-13.65;-13.33;-12.92;-12.43;-11.27;-9.48;-8.57;-7.90;-6.81;-5.69;-4.63;-3.98;-3.55;-3.16;-2.58;-1.72;-0.86;
Segment 12;0.00;-1.22;0.17;1.61;1.56;0.35;-0.88;-2.16;-2.98;-3.81;-4.13;-4.63;-5.05;-5.84;-6.52;-7.24;-7.72;-8.17;-8.50;-8.85;-9.12;-9.39;-9.29;-9.20;-9.26;-9.50;-9.82;-9.96;-10.06;-9.54;-8.55;-6.27;-3.78;-1.23;-0.04;0.75;1.21;2.00;2.65;3.14;3.07;2.78;2.42;2.27;2.25;2.34;2.58;2.88;3.24;3.60;4.02;4.44;4.86;5.26;5.60;5.91;6.07;6.29;6.23;6.61;7.24;9.02;9.47;7.27;
Segment 13;0.00;-1.07;-1.40;-1.43;-1.84;-2.38;-2.95;-3.45;-3.84;-4.19;-4.45;-4.61;-4.73;-4.79;-4.78;-4.73;-4.69;-4.70;-4.74;-4.77;-4.76;-4.73;-4.68;-4.65;-4.61;-4.57;-4.52;-4.48;-4.42;-4.32;-4.19;-3.96;-3.67;-3.25;-2.67;-2.09;-1.66;-1.38;-1.14;-0.81;-0.43;-0.03;0.37;0.94;1.60;2.28;2.95;3.42;3.73;3.91;4.07;4.21;4.33;4.42;4.48;4.57;4.67;4.70;4.72;4.80;5.02;5.66;5.66;3.92;
Segment 14;0.00;-0.33;-0.85;-1.67;-2.07;-2.16;-2.37;-2.47;-2.37;-2.26;-2.10;-1.75;-1.32;-0.87;-0.40;0.08;0.60;1.04;1.30;1.44;1.49;1.45;1.39;1.35;1.29;1.20;1.11;1.03;0.95;0.87;0.78;0.81;0.92;1.03;1.22;1.53;1.90;2.28;2.55;2.72;2.80;2.70;2.43;2.03;1.51;0.89;-0.02;-1.20;-2.35;-3.62;-5.16;-6.56;-7.72;-8.55;-8.91;-8.53;-7.90;-7.13;-6.18;-5.09;-3.89;-2.58;-1.15;-0.38;
Segment 15;0.00;-1.09;-1.30;-1.21;-1.90;-2.48;-2.50;-1.45;0.26;2.10;3.47;4.40;4.87;4.88;4.52;3.94;3.24;2.51;1.79;1.25;0.81;0.46;0.16;-0.42;-1.69;-3.73;-6.28;-8.59;-10.38;-11.50;-11.98;-11.64;-10.37;-8.08;-5.57;-2.76;-0.49;0.83;1.26;1.32;1.54;1.83;2.15;2.34;2.45;2.50;2.56;2.65;2.84;3.16;3.56;3.90;4.16;4.29;4.36;4.40;4.40;4.26;3.93;3.75;4.12;5.35;5.99;4.65;
Segment 16;0.00;-1.44;-2.59;-3.72;-5.15;-6.53;-7.74;-8.73;-9.49;-9.98;-10.27;-10.44;-10.52;-10.55;-10.57;-10.56;-10.57;-10.56;-10.56;-10.58;-10.57;-10.55;-10.54;-10.56;-10.56;-10.61;-10.71;-10.81;-10.89;-10.99;-11.11;-11.27;-11.40;-11.55;-11.72;-11.77;-11.58;-11.22;-10.82;-10.48;-10.05;-9.33;-8.06;-6.57;-5.11;-3.82;-2.63;-1.63;-0.85;-0.30;-0.03;0.18;0.44;0.87;1.31;1.62;1.81;1.96;2.14;2.35;2.58;2.87;2.73;1.80;
Segment 17;0.00;-0.48;-0.94;-1.37;-1.69;-1.90;-1.96;-1.88;-1.68;-1.48;-1.29;-1.02;-0.75;-0.54;-0.41;-0.37;-0.44;-0.54;-0.57;-0.62;-0.69;-0.84;-0.97;-0.90;-0.99;-1.30;-1.51;-1.67;-1.83;-2.00;-2.19;-2.32;-2.41;-2.46;-2.42;-2.26;-2.04;-1.80;-1.60;-1.44;-1.32;-1.36;-1.55;-1.79;-2.14;-2.65;-3.16;-3.68;-4.30;-5.05;-5.99;-6.72;-7.20;-7.94;-8.43;-7.95;-7.20;-6.32;-5.28;-4.13;-2.95;-1.76;-0.59;-0.09;
Segment 18;0.00;0.58;1.85;2.93;3.17;2.86;2.44;2.20;2.19;2.26;2.40;2.39;2.28;2.01;1.65;1.21;0.79;0.38;-0.01;-0.47;-0.83;-1.08;-1.02;-1.05;-1.20;-1.51;-2.06;-3.01;-4.40;-5.52;-5.76;-4.69;-2.79;-0.67;0.86;2.00;2.79;3.13;3.19;2.98;2.71;2.38;2.15;2.14;2.22;2.27;2.26;2.22;2.24;2.28;2.40;2.53;2.70;2.84;2.97;3.03;3.05;2.94;2.66;2.52;2.87;4.05;4.78;3.80;

----------------------------------------------------------


Curves
==========================================================
Longitudinal Strain Rate
Unit [1/s]
Time [ms];0.00;9.81;19.62;29.43;39.23;49.04;58.85;68.66;78.47;88.28;98.08;107.89;117.70;127.51;137.32;147.13;156.94;166.74;176.55;186.36;196.17;205.98;215.79;225.60;235.40;245.21;255.02;264.83;274.64;284.45;294.25;304.06;313.87;323.68;333.49;343.30;353.11;362.91;372.72;382.53;392.34;402.15;411.96;421.77;431.57;441.38;451.19;461.00;470.81;480.62;490.42;500.23;510.04;519.85;529.66;539.47;549.28;559.08;568.89;578.70;588.51;598.32;608.13;617.94;
Segment 1;-0.92;-0.63;-0.11;0.28;0.44;0.34;0.13;0.06;0.06;0.03;-0.00;-0.23;-0.41;-0.41;-0.50;-0.55;-0.56;-0.57;-0.60;-0.52;-0.42;-0.40;-0.36;-0.37;-0.33;-0.17;-0.13;-0.28;-0.45;-0.55;-0.71;-0.86;-0.71;-0.20;0.23;0.27;0.25;0.46;0.92;1.45;1.94;2.43;2.73;2.39;1.44;0.74;0.64;0.62;0.47;0.27;0.04;-0.18;-0.30;-0.37;-0.48;-0.58;-0.63;-0.62;-0.56;-0.42;0.05;0.23;-0.45;-1.64;
Segment 2;0.99;0.66;-0.40;-0.62;0.16;0.25;0.04;-0.05;-0.20;-0.36;-0.54;-0.63;-0.53;-0.34;-0.13;-0.18;-0.39;-0.49;-0.49;-0.39;-0.45;-0.57;-0.46;-0.36;-0.42;-0.44;-0.41;-0.30;-0.24;-0.35;-0.31;-0.12;-0.20;-0.23;0.09;0.36;0.47;0.52;0.53;0.63;0.64;0.54;0.55;0.59;0.52;0.47;0.49;0.45;0.34;0.16;-0.01;-0.09;-0.26;-0.40;-0.29;-0.03;0.30;0.36;0.22;0.32;0.44;0.44;0.36;0.21;
Segment 3;1.35;0.34;0.00;0.47;0.22;0.11;-0.28;-0.58;-0.60;-0.52;-0.37;-0.43;-0.69;-0.88;-0.96;-0.67;-0.43;-0.31;-0.33;-0.48;-0.25;-0.24;-0.14;0.00;-0.13;-0.33;-0.21;-0.24;-0.06;0.37;1.34;2.27;2.04;0.77;-0.66;-0.73;0.35;1.58;1.89;1.28;0.47;0.10;0.01;0.04;0.01;-0.01;-0.04;-0.05;0.01;0.05;0.08;0.01;-0.06;-0.06;-0.06;-0.06;-0.22;-0.44;-0.56;-0.19;0.63;1.26;-0.02;-2.42;
Segment 4;0.29;0.21;0.19;0.45;0.75;0.48;-0.19;-0.50;-0.44;-0.36;-0.38;-0.54;-0.70;-0.69;-0.58;-0.56;-0.62;-0.63;-0.70;-0.50;-0.29;-0.42;-0.55;-0.73;-0.74;-0.52;-0.40;-0.52;-0.66;-0.66;-0.53;-0.41;-0.46;-0.71;-0.60;0.10;0.95;1.80;1.97;1.87;1.98;1.06;0.12;0.08;0.20;0.09;0.09;0.36;0.34;0.65;1.02;0.87;0.51;0.25;0.28;0.37;0.35;0.12;-0.12;-0.16;-0.17;0.16;0.14;-1.01;
Segment 5;0.16;0.15;0.11;0.16;0.23;-0.27;-0.76;-0.47;-0.26;-0.37;-0.62;-0.91;-1.05;-1.04;-0.88;-0.78;-0.76;-0.84;-0.90;-0.88;-0.73;-0.54;-0.58;-0.67;-0.70;-0.72;-0.71;-0.59;-0.50;-0.57;-0.65;-0.72;-0.83;-0.77;-0.31;-0.07;-0.12;-0.10;-0.02;0.12;0.25;0.34;0.30;0.18;0.01;0.09;0.50;0.81;0.98;1.02;0.97;0.89;0.63;0.51;1.46;2.08;1.56;0.85;0.25;0.34;0.78;1.20;1.48;1.55;
Segment 6;-5.24;-2.66;-0.04;-1.48;-2.99;-2.79;-1.14;0.63;0.90;0.18;-0.94;-1.37;-1.66;-1.74;-1.51;-1.21;-0.84;-0.80;-0.88;-0.98;-1.02;-0.64;-0.19;-0.18;-0.00;0.32;0.85;2.16;2.99;3.47;1.72;-0.01;0.03;0.47;1.52;1.52;2.16;2.37;2.13;1.50;0.82;0.67;0.70;0.86;0.73;0.54;0.26;0.24;0.34;0.54;0.59;0.61;0.57;0.59;0.52;0.50;0.42;0.57;0.80;1.01;1.42;0.91;-1.13;-5.81;
Segment 7;-0.63;-0.31;0.10;-0.09;-0.37;-0.29;-0.11;0.02;0.06;0.06;0.06;0.04;0.01;0.02;0.06;0.07;0.06;0.06;0.05;0.03;0.01;-0.00;-0.03;-0.06;-0.05;-0.03;-0.01;0.01;0.03;0.06;0.17;0.23;0.08;-0.28;-0.50;-0.29;0.08;0.38;0.59;0.72;0.69;0.37;0.09;0.26;0.69;0.99;0.85;0.52;0.29;0.07;-0.11;-0.20;-0.24;-0.24;-0.20;-0.15;-0.11;-0.13;-0.14;-0.06;0.21;0.19;-0.64;-1.98;
Segment 8;-0.85;-0.82;-0.82;-0.47;0.16;0.22;0.03;0.03;0.09;0.21;0.27;0.28;0.30;0.28;0.19;0.21;0.23;0.02;-0.11;-0.01;-0.05;-0.17;-0.16;-0.20;-0.40;-0.43;-0.32;-0.33;-0.36;-0.37;-0.35;-0.29;-0.35;-0.31;0.01;0.22;0.25;0.32;0.31;0.17;-0.03;-0.22;-0.34;-0.38;-0.35;-0.46;-0.76;-0.71;-0.49;-0.52;-0.60;-0.67;-0.61;-0.37;0.01;0.43;0.78;1.04;1.19;1.27;1.36;1.65;1.27;0.38;
Segment 9;-1.96;-0.57;1.02;0.37;-0.58;-0.55;0.28;1.21;1.63;1.52;1.21;1.06;0.68;0.32;0.14;-0.00;-0.05;-0.12;-0.17;-0.22;-0.01;0.05;0.02;-0.05;-0.87;-1.48;-1.13;-0.14;0.81;0.89;-0.32;-1.52;-1.36;0.43;2.38;2.82;1.86;0.55;0.08;-0.01;-0.03;-0.07;-0.08;-0.00;-0.02;-0.06;-0.10;-0.06;0.04;0.13;0.16;0.11;0.06;0.02;-0.01;-0.06;-0.16;-0.33;-0.33;0.02;0.83;0.86;-0.90;-5.13;
Segment 10;0.31;-0.08;-0.65;-0.74;-0.59;-0.51;-0.45;-0.37;-0.26;-0.15;-0.09;-0.12;-0.14;-0.07;-0.01;0.02;0.04;0.04;0.00;0.01;0.03;0.02;0.04;0.03;-0.02;-0.06;-0.12;-0.20;-0.27;-0.30;-0.24;-0.20;-0.24;-0.27;-0.35;-0.33;-0.17;-0.02;0.04;0.18;0.47;0.62;0.71;0.78;0.72;0.65;0.59;0.50;0.42;0.36;0.28;0.16;0.04;-0.02;-0.04;-0.10;-0.12;-0.12;-0.17;-0.24;-0.56;-0.55;0.15;1.07;
Segment 11;-0.10;-0.18;-0.45;-0.47;-0.21;-0.28;-0.41;-0.29;-0.25;-0.34;-0.37;-0.39;-0.49;-0.54;-0.51;-0.58;-0.68;-0.68;-0.68;-0.73;-0.69;-0.60;-0.61;-0.64;-0.67;-0.60;-0.48;-0.53;-0.61;-0.65;-0.53;-0.29;-0.34;-0.38;-0.11;0.09;0.14;0.23;0.28;0.28;0.28;0.30;0.21;0.10;0.01;0.05;0.22;0.31;0.37;0.42;0.79;1.62;1.44;0.70;0.88;1.16;1.14;0.89;0.52;0.39;0.48;0.75;0.89;0.88;
Segment 12;-1.63;0.09;1.73;0.77;-0.75;-1.31;-1.31;-1.06;-0.85;-0.58;-0.39;-0.46;-0.62;-0.77;-0.72;-0.62;-0.47;-0.40;-0.34;-0.32;-0.30;-0.08;0.13;0.03;-0.15;-0.31;-0.24;-0.15;0.19;0.72;1.68;2.51;2.67;1.93;0.94;0.60;0.62;0.77;0.61;0.22;-0.21;-0.36;-0.27;-0.08;0.03;0.17;0.28;0.34;0.37;0.40;0.43;0.43;0.42;0.38;0.34;0.23;0.21;0.06;0.13;0.45;1.32;1.37;-0.63;-4.97;
Segment 13;-1.19;-0.73;-0.10;-0.20;-0.52;-0.58;-0.55;-0.45;-0.38;-0.32;-0.21;-0.14;-0.09;-0.02;0.03;0.05;0.02;-0.03;-0.04;-0.01;0.02;0.04;0.04;0.04;0.04;0.04;0.04;0.05;0.08;0.12;0.18;0.26;0.36;0.52;0.62;0.52;0.35;0.25;0.28;0.37;0.40;0.39;0.49;0.64;0.69;0.70;0.59;0.39;0.24;0.17;0.15;0.14;0.11;0.07;0.07;0.10;0.07;0.02;0.04;0.12;0.48;0.47;-0.78;-2.99;
Segment 14;-0.32;-0.41;-0.72;-0.67;-0.21;-0.14;-0.18;0.00;0.12;0.13;0.25;0.41;0.45;0.47;0.48;0.52;0.51;0.36;0.19;0.10;0.00;-0.06;-0.05;-0.04;-0.08;-0.09;-0.09;-0.08;-0.08;-0.10;-0.04;0.08;0.11;0.14;0.26;0.35;0.39;0.34;0.23;0.13;-0.01;-0.19;-0.34;-0.47;-0.57;-0.77;-1.09;-1.20;-1.21;-1.45;-1.53;-1.31;-1.03;-0.64;0.02;0.56;0.72;0.88;1.05;1.17;1.27;1.45;1.16;0.54;
Segment 15;-1.24;-0.68;0.07;-0.29;-0.74;-0.36;0.52;1.47;1.88;1.67;1.17;0.71;0.24;-0.19;-0.49;-0.66;-0.74;-0.75;-0.65;-0.49;-0.40;-0.31;-0.40;-0.91;-1.70;-2.41;-2.54;-2.11;-1.49;-0.82;-0.09;0.80;1.86;2.49;2.75;2.67;1.85;0.85;0.18;0.11;0.28;0.32;0.26;0.15;0.08;0.05;0.07;0.14;0.26;0.38;0.39;0.31;0.19;0.10;0.06;0.03;-0.06;-0.25;-0.31;0.04;0.88;1.13;-0.17;-3.17;
Segment 16;-1.51;-1.32;-1.12;-1.31;-1.47;-1.33;-1.12;-0.90;-0.63;-0.39;-0.23;-0.12;-0.05;-0.02;-0.00;-0.00;0.00;0.00;-0.01;-0.00;0.02;0.01;-0.00;-0.01;-0.02;-0.08;-0.10;-0.10;-0.09;-0.11;-0.14;-0.15;-0.14;-0.17;-0.13;0.07;0.29;0.40;0.37;0.37;0.55;1.01;1.45;1.53;1.41;1.26;1.12;0.91;0.68;0.41;0.23;0.22;0.35;0.46;0.39;0.25;0.16;0.17;0.20;0.22;0.29;0.13;-0.52;-1.44;
Segment 17;-0.49;-0.48;-0.46;-0.39;-0.27;-0.14;0.01;0.15;0.21;0.19;0.24;0.28;0.24;0.17;0.09;-0.01;-0.10;-0.07;-0.04;-0.06;-0.11;-0.16;-0.02;0.02;-0.22;-0.28;-0.18;-0.16;-0.17;-0.19;-0.17;-0.11;-0.07;-0.01;0.11;0.20;0.24;0.23;0.19;0.15;0.05;-0.13;-0.22;-0.29;-0.45;-0.53;-0.52;-0.58;-0.69;-0.88;-0.89;-0.57;-0.62;-0.72;0.00;0.69;0.83;0.98;1.13;1.19;1.20;1.25;0.88;0.26;
Segment 18;0.49;0.95;1.31;0.70;-0.08;-0.42;-0.36;-0.11;0.04;0.12;0.08;-0.06;-0.20;-0.33;-0.42;-0.44;-0.43;-0.40;-0.43;-0.43;-0.33;-0.09;0.05;-0.09;-0.23;-0.42;-0.75;-1.23;-1.36;-0.76;0.43;1.58;2.14;1.89;1.34;0.99;0.57;0.19;-0.09;-0.26;-0.31;-0.30;-0.13;0.05;0.08;0.02;-0.03;-0.01;0.03;0.08;0.13;0.16;0.16;0.14;0.10;0.04;-0.04;-0.22;-0.25;0.05;0.83;1.14;0.04;-2.54;

----------------------------------------------------------


Curves
==========================================================
Global Strain A2C
Unit [%]
Time [ms];0.00;9.81;19.62;29.43;39.23;49.04;58.85;68.66;78.47;88.28;98.08;107.89;117.70;127.51;137.32;147.13;156.94;166.74;176.55;186.36;196.17;205.98;215.79;225.60;235.40;245.21;255.02;264.83;274.64;284.45;294.25;304.06;313.87;323.68;333.49;343.30;353.11;362.91;372.72;382.53;392.34;402.15;411.96;421.77;431.57;441.38;451.19;461.00;470.81;480.62;490.42;500.23;510.04;519.85;529.66;539.47;549.28;559.08;568.89;578.70;588.51;598.32;608.13;617.94;
Total;0.00;-0.60;-0.95;-1.18;-1.47;-1.75;-2.10;-2.48;-2.78;-3.00;-3.16;-3.30;-3.52;-3.74;-3.92;-4.08;-4.25;-4.43;-4.63;-4.84;-4.96;-5.07;-5.21;-5.36;-5.56;-5.72;-5.83;-5.96;-6.16;-6.39;-6.61;-6.80;-6.98;-7.16;-7.31;-7.34;-7.17;-6.74;-6.10;-5.37;-4.45;-3.41;-2.50;-1.53;-0.63;0.16;0.84;1.44;1.91;2.25;2.54;2.75;2.87;2.91;2.92;2.91;2.87;2.80;2.68;2.57;2.53;2.68;2.66;1.82;

----------------------------------------------------------


Curves
==========================================================
Global Strain Rate A2C
Unit [1/s]
Time [ms];0.00;9.81;19.62;29.43;39.23;49.04;58.85;68.66;78.47;88.28;98.08;107.89;117.70;127.51;137.32;147.13;156.94;166.74;176.55;186.36;196.17;205.98;215.79;225.60;235.40;245.21;255.02;264.83;274.64;284.45;294.25;304.06;313.87;323.68;333.49;343.30;353.11;362.91;372.72;382.53;392.34;402.15;411.96;421.77;431.57;441.38;451.19;461.00;470.81;480.62;490.42;500.23;510.04;519.85;529.66;539.47;549.28;559.08;568.89;578.70;588.51;598.32;608.13;617.94;
Total;-0.64;-0.49;-0.28;-0.26;-0.29;-0.32;-0.38;-0.35;-0.26;-0.19;-0.14;-0.19;-0.23;-0.20;-0.17;-0.16;-0.18;-0.19;-0.22;-0.17;-0.11;-0.13;-0.15;-0.18;-0.19;-0.13;-0.12;-0.17;-0.22;-0.23;-0.21;-0.19;-0.18;-0.17;-0.11;0.07;0.30;0.55;0.70;0.84;1.02;1.00;0.95;0.97;0.87;0.74;0.65;0.55;0.41;0.32;0.26;0.16;0.08;0.02;-0.00;-0.02;-0.05;-0.10;-0.12;-0.09;0.07;0.13;-0.38;-1.40;

----------------------------------------------------------


Curves
==========================================================
Global Strain A3C
Unit [%]
Time [ms];0.00;9.81;19.62;29.43;39.23;49.04;58.85;68.66;78.47;88.28;98.08;107.89;117.70;127.51;137.32;147.13;156.94;166.74;176.55;186.36;196.17;205.98;215.79;225.60;235.40;245.21;255.02;264.83;274.64;284.45;294.25;304.06;313.87;323.68;333.49;343.30;353.11;362.91;372.72;382.53;392.34;402.15;411.96;421.77;431.57;441.38;451.19;461.00;470.81;480.62;490.42;500.23;510.04;519.85;529.66;539.47;549.28;559.08;568.89;578.70;588.51;598.32;608.13;617.94;
Total;0.00;-0.12;-0.39;-0.90;-1.07;-1.05;-1.27;-1.46;-1.51;-1.60;-1.72;-1.89;-2.08;-2.30;-2.49;-2.65;-2.87;-3.14;-3.49;-3.85;-4.20;-4.56;-4.91;-5.22;-5.58;-6.04;-6.43;-6.78;-7.11;-7.46;-7.85;-8.14;-8.38;-8.71;-8.87;-8.74;-8.56;-8.33;-8.10;-7.87;-7.64;-7.49;-7.41;-7.41;-7.49;-7.66;-7.82;-7.95;-8.03;-8.12;-8.31;-8.36;-8.24;-8.35;-8.31;-7.54;-6.65;-5.74;-5.01;-4.31;-3.49;-2.52;-1.37;-0.59;

----------------------------------------------------------


Curves
==========================================================
Global Strain Rate A3C
Unit [1/s]
Time [ms];0.00;9.81;19.62;29.43;39.23;49.04;58.85;68.66;78.47;88.28;98.08;107.89;117.70;127.51;137.32;147.13;156.94;166.74;176.55;186.36;196.17;205.98;215.79;225.60;235.40;245.21;255.02;264.83;274.64;284.45;294.25;304.06;313.87;323.68;333.49;343.30;353.11;362.91;372.72;382.53;392.34;402.15;411.96;421.77;431.57;441.38;451.19;461.00;470.81;480.62;490.42;500.23;510.04;519.85;529.66;539.47;549.28;559.08;568.89;578.70;588.51;598.32;608.13;617.94;
Total;-0.11;-0.18;-0.43;-0.38;-0.03;-0.09;-0.24;-0.12;-0.06;-0.10;-0.15;-0.19;-0.22;-0.21;-0.17;-0.19;-0.25;-0.32;-0.37;-0.36;-0.36;-0.37;-0.33;-0.33;-0.43;-0.44;-0.38;-0.34;-0.34;-0.38;-0.36;-0.26;-0.30;-0.28;-0.00;0.17;0.21;0.24;0.24;0.24;0.20;0.12;0.04;-0.04;-0.14;-0.18;-0.15;-0.10;-0.07;-0.15;-0.15;0.07;0.01;-0.11;0.41;0.89;0.93;0.84;0.71;0.76;0.91;1.12;1.01;0.67;

----------------------------------------------------------


Curves
==========================================================
Global Strain A4C
Unit [%]
Time [ms];0.00;9.81;19.62;29.43;39.23;49.04;58.85;68.66;78.47;88.28;98.08;107.89;117.70;127.51;137.32;147.13;156.94;166.74;176.55;186.36;196.17;205.98;215.79;225.60;235.40;245.21;255.02;264.83;274.64;284.45;294.25;304.06;313.87;323.68;333.49;343.30;353.11;362.91;372.72;382.53;392.34;402.15;411.96;421.77;431.57;441.38;451.19;461.00;470.81;480.62;490.42;500.23;510.04;519.85;529.66;539.47;549.28;559.08;568.89;578.70;588.51;598.32;608.13;617.94;
Total;0.00;-1.19;-0.83;-0.23;-0.78;-1.73;-2.48;-2.53;-2.12;-1.69;-1.45;-1.52;-1.74;-2.32;-2.95;-3.64;-4.15;-4.65;-5.09;-5.59;-6.04;-6.36;-6.49;-6.58;-6.91;-7.51;-8.24;-8.67;-8.71;-8.28;-7.47;-6.69;-5.56;-4.28;-2.95;-1.60;-0.41;0.80;1.66;2.39;2.62;2.77;2.78;2.97;3.12;3.29;3.38;3.47;3.61;3.83;4.12;4.42;4.68;4.89;5.09;5.23;5.33;5.30;5.20;5.25;5.79;7.07;7.59;5.72;

----------------------------------------------------------


Curves
==========================================================
Global Strain Rate A4C
Unit [1/s]
Time [ms];0.00;9.81;19.62;29.43;39.23;49.04;58.85;68.66;78.47;88.28;98.08;107.89;117.70;127.51;137.32;147.13;156.94;166.74;176.55;186.36;196.17;205.98;215.79;225.60;235.40;245.21;255.02;264.83;274.64;284.45;294.25;304.06;313.87;323.68;333.49;343.30;353.11;362.91;372.72;382.53;392.34;402.15;411.96;421.77;431.57;441.38;451.19;461.00;470.81;480.62;490.42;500.23;510.04;519.85;529.66;539.47;549.28;559.08;568.89;578.70;588.51;598.32;608.13;617.94;
Total;-1.44;-0.44;0.68;0.06;-0.86;-0.93;-0.42;0.23;0.47;0.36;0.08;-0.14;-0.42;-0.63;-0.69;-0.62;-0.50;-0.47;-0.48;-0.50;-0.40;-0.23;-0.08;-0.19;-0.48;-0.72;-0.62;-0.25;0.19;0.67;0.81;0.96;1.25;1.34;1.38;1.29;1.24;1.07;0.82;0.48;0.17;0.07;0.09;0.19;0.17;0.13;0.08;0.11;0.18;0.27;0.31;0.29;0.24;0.21;0.17;0.13;0.04;-0.08;-0.06;0.25;1.00;1.11;-0.47;-4.01;

----------------------------------------------------------


