PatientInformation
==========================================================
PatientID;No patientID
Name;,,
Date of Birth;
Sex;
Version;AutoStrainCap2 2.1.0.491925

Results
==========================================================
Global
----------------------------------------------------------
RVFWSL;-11.38;%
RV4CSL;-9.03;%
ED;0.00;ms
ES;329.91;ms

Curves
==========================================================
Longitudinal Strain
Unit [%]
Time [ms];0.00;8.52;17.05;25.57;34.10;42.62;51.15;59.67;68.20;76.72;85.25;93.77;102.30;110.82;119.35;127.87;136.40;144.92;153.45;161.97;170.50;179.02;187.55;196.07;204.60;213.12;221.64;230.17;238.69;247.22;255.74;264.27;272.79;281.32;289.84;298.37;306.89;315.42;323.94;332.47;340.99;349.52;358.04;366.57;375.09;383.62;392.14;400.67;409.19;417.72;426.24;434.76;443.29;451.81;460.34;468.86;477.39;485.91;494.44;502.96;
Basal;0.00;-3.31;-2.73;-1.75;-0.40;0.33;0.45;0.19;-0.26;-0.42;-0.18;0.02;-0.60;-2.89;-5.78;-8.18;-9.16;-9.31;-9.22;-9.44;-9.80;-10.14;-10.45;-10.66;-10.84;-11.06;-11.25;-11.41;-11.55;-11.69;-11.81;-12.03;-11.89;-11.01;-9.04;-6.94;-5.99;-7.01;-8.88;-9.98;-9.25;-7.11;-4.30;-2.04;-0.00;1.54;2.65;3.33;3.89;4.77;5.59;6.16;6.39;6.20;5.60;4.51;3.51;3.09;3.83;3.58;
Mid;0.00;-2.40;-1.42;-0.97;-0.66;-1.11;-2.15;-3.44;-4.85;-5.98;-6.55;-6.95;-7.68;-9.11;-10.95;-12.53;-13.18;-13.26;-13.12;-13.17;-13.32;-13.49;-13.73;-13.93;-14.11;-14.30;-14.45;-14.53;-14.52;-14.49;-14.44;-14.51;-14.24;-13.33;-11.62;-9.70;-8.40;-8.02;-8.10;-7.71;-6.48;-4.39;-2.03;-0.59;0.51;1.29;1.99;2.53;2.97;3.65;4.25;4.69;4.93;4.85;4.38;3.50;2.69;2.45;3.25;3.15;
Apical;0.00;-2.11;-0.89;-0.89;-0.20;-0.13;-0.67;-1.32;-2.16;-2.61;-2.53;-2.12;-2.06;-2.96;-4.29;-5.35;-5.65;-5.52;-5.25;-5.21;-5.24;-5.26;-5.41;-5.50;-5.58;-5.76;-5.91;-6.02;-6.13;-6.27;-6.44;-6.85;-7.02;-6.69;-5.71;-4.60;-4.19;-4.67;-5.67;-6.16;-5.70;-4.35;-2.60;-1.71;-0.93;-0.34;0.46;1.08;1.61;2.31;2.91;3.32;3.58;3.56;3.21;2.53;1.92;1.86;2.79;2.90;

----------------------------------------------------------


