PatientInformation
==========================================================
PatientID;No patientID
Name;,,
Date of Birth;
Sex;
Version;AutoStrainCap2 2.1.0.491925

Results
==========================================================
Global
----------------------------------------------------------
LaSr_ED;24.14;%
LaScd_ED;-20.20;%
LaSct_ED;-3.94;%
LaSr_AC;23.30;%
LaScd_AC;-19.50;%
LaSct_AC;-3.80;%
ED;0.00;ms
ES;306.43;ms
PreA;582.22;ms

Curves
==========================================================
Longitudinal Strain
Unit [%]
Time [ms];0.00;20.43;40.86;61.29;81.72;102.14;122.57;143.00;163.43;183.86;204.29;224.72;245.15;265.57;286.00;306.43;326.86;347.29;367.72;388.15;408.58;429.00;449.43;469.86;490.29;510.72;531.15;551.58;572.01;592.44;612.86;633.29;653.72;674.15;694.58;715.01;735.44;755.87;776.29;796.72;817.15;837.58;
LAS_ED;0.00;-2.58;1.98;2.97;3.50;5.60;8.14;9.38;10.81;13.76;17.09;19.57;21.58;22.91;23.78;24.14;23.76;22.79;22.04;22.51;22.24;18.91;14.63;10.80;7.61;5.37;4.20;4.11;4.17;3.56;2.73;2.17;1.77;1.31;0.94;0.71;0.60;0.22;-0.59;-2.46;-3.24;-1.05;
LAS_AC;-3.44;-5.93;-1.53;-0.57;-0.06;1.97;4.42;5.62;7.00;9.84;13.06;15.45;17.40;18.68;19.52;19.86;19.50;18.57;17.84;18.29;18.04;14.82;10.68;6.98;3.91;1.74;0.62;0.53;0.59;0.00;-0.81;-1.35;-1.73;-2.18;-2.53;-2.76;-2.86;-3.23;-4.01;-5.82;-6.57;-4.45;

----------------------------------------------------------


