PatientInformation
==========================================================
PatientID;No patientID
Name;,,
Date of Birth;
Sex;
Version;AutoStrainCap2 2.1.0.491925

Results
==========================================================
Global
----------------------------------------------------------
RVFWSL;-16.41;%
RV4CSL;-13.85;%
ED;0.00;ms
ES;285.83;ms

Curves
==========================================================
Longitudinal Strain
Unit [%]
Time [ms];0.00;12.01;24.02;36.03;48.04;60.05;72.06;84.07;96.08;108.09;120.10;132.11;144.12;156.12;168.13;180.14;192.15;204.16;216.17;228.18;240.19;252.20;264.21;276.22;288.23;300.24;312.25;324.26;336.27;348.28;360.29;372.30;384.31;396.32;408.33;420.34;432.35;444.36;456.37;468.37;480.38;492.39;504.40;516.41;528.42;540.43;552.44;564.45;576.46;588.47;600.48;612.49;624.50;636.51;648.52;660.53;672.54;684.55;696.56;708.57;720.58;732.59;744.60;756.61;768.61;780.62;792.63;804.64;816.65;828.66;840.67;852.68;864.69;876.70;888.71;900.72;912.73;924.74;936.75;948.76;960.77;972.78;984.79;996.80;1008.81;1020.82;1032.83;1044.84;1056.85;1068.85;1080.86;1092.87;1104.88;1116.89;
Basal;0.00;0.86;1.48;1.67;1.56;0.84;-0.12;-1.40;-2.91;-5.05;-7.29;-9.54;-11.55;-13.23;-14.57;-15.65;-16.57;-17.28;-17.92;-18.50;-19.09;-19.76;-20.40;-20.95;-21.33;-21.58;-21.84;-21.90;-21.85;-21.92;-22.00;-22.11;-22.15;-22.07;-21.66;-20.76;-19.00;-16.32;-12.86;-9.14;-5.62;-2.96;-0.86;0.86;2.20;3.17;3.90;4.46;4.90;5.35;5.68;5.92;6.00;6.06;6.00;5.87;5.66;5.34;4.98;4.62;4.30;4.00;3.81;3.75;3.92;4.23;4.69;5.16;5.54;5.73;5.75;5.64;5.41;5.13;4.76;4.30;3.76;3.07;2.38;1.80;1.41;1.38;1.59;1.93;2.42;2.89;3.37;3.71;3.88;3.68;3.25;2.64;1.82;0.84;
Mid;0.00;0.79;1.08;0.87;0.36;-0.85;-2.23;-3.82;-5.41;-6.93;-8.36;-9.67;-10.87;-11.86;-12.69;-13.32;-13.81;-14.21;-14.53;-14.78;-14.98;-15.04;-15.04;-14.96;-14.80;-14.37;-14.09;-13.60;-12.93;-12.21;-11.44;-10.62;-9.93;-9.50;-9.02;-8.33;-7.16;-6.79;-5.96;-5.01;-4.05;-2.82;-1.85;-0.99;-0.15;1.07;2.35;3.55;4.55;5.15;5.50;5.64;5.60;5.36;4.99;4.55;4.10;3.71;3.36;3.04;2.78;2.57;2.48;2.49;2.71;2.99;3.41;3.84;4.17;4.39;4.44;4.37;4.17;3.93;3.62;3.24;2.83;2.38;1.99;1.68;1.53;1.57;1.79;2.12;2.55;2.93;3.28;3.51;3.56;3.42;3.06;2.51;1.74;0.80;
Apical;0.00;0.90;1.39;1.51;1.33;0.84;0.19;-0.66;-1.59;-2.75;-3.91;-5.13;-6.27;-7.58;-8.69;-9.64;-10.36;-10.95;-11.38;-11.73;-12.11;-12.52;-12.99;-13.40;-13.70;-13.59;-13.73;-13.64;-13.39;-13.41;-13.38;-13.10;-12.83;-11.04;-9.13;-7.02;-4.47;-3.32;-1.73;-0.18;1.32;2.65;3.71;4.66;5.58;6.64;7.72;8.68;9.39;9.84;9.96;9.86;9.52;9.16;8.68;8.16;7.67;7.18;6.80;6.48;6.26;5.98;5.81;5.73;5.85;6.04;6.35;6.65;6.87;6.99;6.96;6.81;6.53;6.20;5.79;5.35;4.91;4.41;3.98;3.63;3.41;3.34;3.42;3.59;3.84;4.14;4.40;4.53;4.45;4.11;3.54;2.82;1.93;0.88;

----------------------------------------------------------


