PatientInformation
==========================================================
PatientID;No patientID
Name;,,
Date of Birth;
Sex;
Version;AutoStrainCap2 2.1.0.491925

Results
==========================================================
Global
----------------------------------------------------------
LaSr_ED;47.48;%
LaScd_ED;-27.69;%
LaSct_ED;-19.78;%
LaSr_AC;39.74;%
LaScd_AC;-23.18;%
LaSct_AC;-16.56;%
ED;0.00;ms
ES;406.53;ms
PreA;623.08;ms

Curves
==========================================================
Longitudinal Strain
Unit [%]
Time [ms];0.00;20.43;40.86;61.29;81.72;102.14;122.57;143.00;163.43;183.86;204.29;224.72;245.15;265.57;286.00;306.43;326.86;347.29;367.72;388.15;408.58;429.00;449.43;469.86;490.29;510.72;531.15;551.58;572.01;592.44;612.86;633.29;653.72;674.15;694.58;715.01;735.44;755.87;776.29;796.72;817.15;
LAS_ED;0.00;-0.25;-0.79;-0.24;1.76;5.95;10.31;13.23;16.23;20.53;24.93;27.77;30.71;34.23;37.34;38.89;39.93;41.67;43.98;46.42;47.44;45.28;41.68;38.51;35.20;31.93;28.67;25.40;22.62;20.95;20.14;19.46;19.03;18.15;16.44;13.82;9.68;3.81;-1.27;-3.43;-2.35;
LAS_AC;-16.29;-16.50;-16.95;-16.49;-14.82;-11.31;-7.67;-5.22;-2.70;0.89;4.58;6.95;9.41;12.36;14.96;16.26;17.13;18.59;20.52;22.57;23.42;21.61;18.60;15.95;13.17;10.43;7.71;4.97;2.64;1.24;0.57;0.00;-0.36;-1.10;-2.53;-4.73;-8.19;-13.10;-17.36;-19.17;-18.26;

----------------------------------------------------------


