PatientInformation
==========================================================
PatientID;No patientID
Name;,,
Date of Birth;
Sex;
Version;AutoStrainCap2 2.1.0.491925

Results
==========================================================
Global
----------------------------------------------------------
RVFWSL;-24.35;%
RV4CSL;-21.93;%
ED;0.00;ms
ES;457.02;ms

Curves
==========================================================
Longitudinal Strain
Unit [%]
Time [ms];0.00;10.02;20.04;30.07;40.09;50.11;60.13;70.16;80.18;90.20;100.22;110.25;120.27;130.29;140.31;150.34;160.36;170.38;180.40;190.43;200.45;210.47;220.49;230.52;240.54;250.56;260.58;270.60;280.63;290.65;300.67;310.69;320.72;330.74;340.76;350.78;360.81;370.83;380.85;390.87;400.90;410.92;420.94;430.96;440.99;451.01;461.03;471.05;481.08;491.10;501.12;511.14;521.16;531.19;541.21;551.23;561.25;571.28;581.30;591.32;601.34;611.37;621.39;631.41;641.43;651.46;661.48;671.50;681.52;691.55;701.57;711.59;721.61;731.64;741.66;751.68;761.70;771.72;781.75;791.77;801.79;811.81;821.84;831.86;841.88;851.90;861.93;871.95;
Basal;0.00;-1.86;-3.56;-4.63;-4.73;-5.17;-5.88;-6.73;-7.84;-9.17;-10.77;-12.54;-14.43;-16.17;-17.80;-19.31;-20.74;-22.63;-24.47;-26.18;-27.55;-28.32;-28.66;-28.73;-28.74;-28.87;-29.07;-29.30;-29.52;-29.66;-29.78;-29.95;-30.19;-30.48;-30.70;-30.66;-30.13;-29.01;-27.59;-26.30;-25.59;-25.92;-26.91;-28.09;-29.06;-29.34;-29.07;-28.40;-27.44;-26.26;-24.95;-23.53;-22.04;-20.60;-19.19;-17.90;-16.79;-15.94;-15.25;-14.67;-14.10;-13.52;-12.91;-12.34;-11.81;-11.38;-11.02;-10.76;-10.59;-10.54;-10.52;-10.47;-10.31;-9.95;-9.38;-8.54;-7.45;-5.94;-4.32;-2.76;-1.44;-0.73;-0.30;-0.07;0.17;0.57;0.86;0.78;
Mid;0.00;-1.78;-3.14;-3.71;-3.13;-3.14;-3.52;-4.11;-4.89;-5.67;-6.58;-7.55;-8.57;-9.43;-10.18;-10.84;-11.42;-12.38;-13.31;-14.17;-14.78;-15.23;-15.43;-15.48;-15.50;-15.61;-15.79;-15.99;-16.20;-16.33;-16.45;-16.60;-16.80;-17.20;-17.55;-17.76;-17.69;-17.31;-16.76;-16.26;-16.11;-16.38;-17.06;-17.84;-18.47;-18.73;-18.63;-18.12;-17.45;-16.76;-16.01;-15.18;-14.31;-13.43;-12.59;-11.81;-11.15;-10.61;-10.16;-9.79;-9.41;-9.04;-8.65;-8.29;-7.95;-7.65;-7.39;-7.21;-7.08;-6.99;-6.93;-6.84;-6.71;-6.51;-6.19;-5.68;-5.00;-4.04;-3.01;-2.03;-1.20;-0.76;-0.50;-0.34;-0.12;0.38;0.78;0.78;
Apical;0.00;-1.50;-2.75;-3.46;-3.31;-3.64;-4.28;-5.08;-6.07;-7.10;-8.25;-9.41;-10.57;-11.56;-12.44;-13.22;-13.93;-14.94;-15.95;-16.92;-17.67;-18.31;-18.71;-18.99;-19.23;-19.54;-19.90;-20.29;-20.69;-21.01;-21.32;-21.65;-21.99;-22.41;-22.78;-23.05;-23.13;-22.98;-22.71;-22.48;-22.52;-22.88;-23.55;-24.31;-24.95;-25.36;-25.48;-24.93;-24.22;-23.37;-22.44;-21.41;-20.31;-19.29;-18.30;-17.37;-16.55;-15.83;-15.20;-14.62;-14.04;-13.48;-12.91;-12.37;-11.86;-11.37;-10.94;-10.58;-10.29;-10.04;-9.82;-9.58;-9.29;-8.91;-8.41;-7.76;-6.98;-5.94;-4.82;-3.71;-2.69;-2.02;-1.49;-1.07;-0.68;-0.18;0.22;0.36;

----------------------------------------------------------


