PatientInformation
==========================================================
PatientID;No patientID
Name;,,
Date of Birth;
Sex;
Version;AutoStrainCap2 2.1.0.491925

Results
==========================================================
Global
----------------------------------------------------------
GLS(3P);-6.94;%
GLS(4Ch);-5.87;%
GLS(2Ch);-5.55;%
GLS(3Ch);-9.40;%
ED;0.00;ms
ES;325.01;ms

Results
==========================================================
Longitudinal Strain
T2P
Minimum
----------------------------------------------------------
Segment 0 [mean];363.31;ms
----------------------------------------------------------
Segment 1 [ant];619.11;ms
Segment 2 [ant/sept];443.29;ms
Segment 3 [inf/sept];296.24;ms
Segment 4 [inf];559.44;ms
Segment 5 [inf/lat];319.68;ms
Segment 6 [ant/lat];296.24;ms
----------------------------------------------------------
Segment 7 [ant];460.34;ms
Segment 8 [ant/sept];248.28;ms
Segment 9 [inf/sept];224.84;ms
Segment 10 [inf];499.77;ms
Segment 11 [inf/lat];253.61;ms
Segment 12 [ant/lat];327.14;ms
----------------------------------------------------------
Segment 13 [ant];460.34;ms
Segment 14 [ant/sept];350.58;ms
Segment 15 [inf/sept];197.14;ms
Segment 16 [inf];426.24;ms
Segment 17 [inf/lat];347.39;ms
Segment 18 [ant/lat];209.92;ms
----------------------------------------------------------


Results
==========================================================
Longitudinal Strain
End-systolic

----------------------------------------------------------
Segment 0 [mean];-5.91;%
----------------------------------------------------------
Segment 1 [ant];-1.43;%
Segment 2 [ant/sept];-3.97;%
Segment 3 [inf/sept];-4.06;%
Segment 4 [inf];-2.33;%
Segment 5 [inf/lat];-8.35;%
Segment 6 [ant/lat];-10.34;%
----------------------------------------------------------
Segment 7 [ant];-3.17;%
Segment 8 [ant/sept];-8.65;%
Segment 9 [inf/sept];-3.74;%
Segment 10 [inf];-5.49;%
Segment 11 [inf/lat];-13.28;%
Segment 12 [ant/lat];-6.11;%
----------------------------------------------------------
Segment 13 [ant];-3.57;%
Segment 14 [ant/sept];-9.38;%
Segment 15 [inf/sept];-1.57;%
Segment 16 [inf];-3.05;%
Segment 17 [inf/lat];-11.84;%
Segment 18 [ant/lat];-5.99;%
----------------------------------------------------------


Results
==========================================================
Longitudinal Strain
Peak-systolic

----------------------------------------------------------
Segment 0 [mean];-6.94;%
----------------------------------------------------------
Segment 1 [ant];-1.43;%
Segment 2 [ant/sept];-4.48;%
Segment 3 [inf/sept];-6.79;%
Segment 4 [inf];-2.33;%
Segment 5 [inf/lat];-8.70;%
Segment 6 [ant/lat];-13.73;%
----------------------------------------------------------
Segment 7 [ant];-3.17;%
Segment 8 [ant/sept];-9.32;%
Segment 9 [inf/sept];-4.60;%
Segment 10 [inf];-5.49;%
Segment 11 [inf/lat];-14.34;%
Segment 12 [ant/lat];-6.11;%
----------------------------------------------------------
Segment 13 [ant];-3.57;%
Segment 14 [ant/sept];-9.38;%
Segment 15 [inf/sept];-6.82;%
Segment 16 [inf];-3.05;%
Segment 17 [inf/lat];-11.84;%
Segment 18 [ant/lat];-9.70;%
----------------------------------------------------------


Curves
==========================================================
Longitudinal Strain
Unit [%]
Time [ms];0.00;10.66;21.31;31.97;42.62;53.28;63.94;74.59;85.25;95.90;106.56;117.22;127.87;138.53;149.18;159.84;170.50;181.15;191.81;202.46;213.12;223.78;234.43;245.09;255.74;266.40;277.06;287.71;298.37;309.02;319.68;330.34;340.99;351.65;362.30;372.96;383.62;394.27;404.93;415.58;426.24;436.90;447.55;458.21;468.86;479.52;490.18;500.83;511.49;522.14;532.80;543.46;554.11;564.77;575.42;586.08;596.74;607.39;618.05;628.70;639.36;650.02;660.67;671.33;681.98;692.64;703.30;713.95;724.61;735.26;
Total;0.00;-0.63;-0.63;-0.22;0.14;0.45;0.65;0.62;0.48;0.21;-0.15;-0.55;-0.95;-1.33;-1.69;-2.05;-2.47;-2.91;-3.34;-3.73;-4.04;-4.24;-4.39;-4.47;-4.53;-4.60;-4.75;-4.99;-5.32;-5.65;-5.94;-5.98;-5.88;-5.49;-5.03;-4.43;-3.90;-3.41;-3.04;-2.80;-2.64;-2.54;-2.50;-2.46;-2.41;-2.30;-2.16;-2.00;-1.88;-1.78;-1.75;-1.68;-1.67;-1.64;-1.60;-1.52;-1.45;-1.35;-1.31;-1.25;-1.19;-1.10;-1.01;-0.91;-0.80;-0.73;-0.65;-0.55;-0.28;-0.04;
Segment 1;0.00;0.30;0.49;0.18;-0.35;-0.47;-0.29;0.29;1.34;2.09;2.27;2.36;2.55;2.74;2.95;3.14;3.21;3.18;3.00;2.68;2.33;1.97;1.59;1.19;0.79;0.40;0.02;-0.34;-0.70;-1.01;-1.28;-1.59;-1.95;-2.30;-2.63;-2.93;-3.15;-3.34;-3.55;-3.77;-3.92;-4.01;-4.08;-4.14;-4.19;-4.23;-4.26;-4.31;-4.38;-4.54;-4.73;-4.88;-4.99;-5.08;-5.13;-5.17;-5.19;-5.20;-5.22;-5.19;-5.06;-4.86;-4.59;-4.24;-3.77;-3.17;-2.54;-1.87;-1.21;-0.60;
Segment 2;0.00;0.28;0.79;1.40;1.49;1.49;1.32;1.42;1.36;1.17;0.77;0.32;0.01;-0.11;0.04;0.13;0.59;0.81;1.17;1.04;0.93;0.78;0.37;-0.03;-0.79;-1.87;-3.09;-4.27;-4.48;-4.46;-4.34;-3.56;-3.03;-1.67;-1.60;-1.07;-1.18;-2.00;-3.17;-4.46;-4.99;-5.33;-5.36;-5.02;-4.57;-4.08;-3.70;-3.40;-3.17;-2.96;-2.76;-2.52;-2.22;-1.89;-1.56;-1.37;-1.26;-1.22;-1.31;-1.41;-1.62;-1.76;-1.93;-1.93;-1.87;-1.83;-2.07;-2.77;-3.05;-2.46;
Segment 3;0.00;1.34;2.28;3.31;4.08;4.90;5.61;5.96;5.88;5.49;4.95;4.36;3.79;3.29;2.78;2.33;1.90;1.52;1.16;0.72;0.20;-0.45;-1.27;-2.31;-3.54;-4.71;-5.79;-6.57;-6.78;-6.22;-4.87;-3.27;-2.04;-1.70;-1.90;-2.32;-2.44;-2.44;-2.25;-2.11;-1.90;-1.68;-1.50;-1.45;-1.49;-1.65;-1.88;-2.06;-2.13;-1.93;-1.72;-1.56;-1.65;-1.88;-2.17;-2.44;-2.65;-2.85;-2.98;-3.07;-3.09;-3.11;-3.15;-3.24;-3.51;-3.91;-4.14;-3.91;-2.72;-1.47;
Segment 4;0.00;-0.69;-1.20;-1.04;-0.42;0.56;1.84;2.39;2.13;1.87;1.83;1.66;1.14;0.61;0.40;0.35;0.28;0.21;0.05;-0.20;-0.48;-0.81;-1.11;-1.38;-1.61;-1.80;-1.93;-1.99;-1.99;-2.08;-2.23;-2.44;-2.71;-2.95;-3.10;-3.24;-3.41;-3.59;-3.80;-4.03;-4.19;-4.31;-4.43;-4.53;-4.64;-4.76;-4.92;-5.14;-5.43;-5.85;-6.29;-6.51;-6.56;-6.55;-6.48;-6.43;-6.46;-6.42;-6.27;-5.96;-5.43;-4.71;-3.77;-2.68;-1.61;-0.56;0.21;0.69;0.82;0.48;
Segment 5;0.00;-1.17;-0.27;0.66;2.26;3.53;4.73;4.22;3.39;2.00;0.94;-0.12;-0.89;-1.18;-1.36;-1.58;-2.06;-2.62;-3.17;-3.56;-3.84;-3.85;-3.64;-3.31;-3.32;-3.79;-4.73;-5.77;-7.10;-7.99;-8.70;-7.83;-7.14;-5.45;-5.63;-5.19;-5.61;-5.34;-5.39;-5.09;-4.55;-3.80;-3.20;-2.69;-2.41;-2.08;-1.75;-1.33;-1.18;-0.87;-0.95;-0.71;-1.05;-0.96;-1.07;-0.53;-0.21;0.41;0.48;0.66;0.61;0.42;0.24;0.05;0.26;0.50;0.78;1.05;0.90;1.35;
Segment 6;0.00;-2.47;-3.01;-0.45;1.11;1.67;1.39;0.99;0.41;-0.25;-0.95;-1.79;-2.62;-3.52;-4.49;-5.41;-6.35;-7.17;-7.95;-8.71;-9.32;-9.90;-10.56;-11.09;-11.67;-12.22;-12.89;-13.52;-13.72;-13.08;-11.36;-9.25;-7.01;-5.54;-4.17;-3.39;-2.81;-2.73;-2.55;-2.45;-2.14;-1.82;-1.64;-1.55;-1.39;-1.14;-0.79;-0.36;0.03;0.53;0.80;0.98;0.83;0.61;0.28;-0.03;-0.32;-0.46;-0.43;-0.26;-0.05;0.11;0.14;0.02;-0.36;-1.04;-1.43;-1.17;0.03;0.76;
Segment 7;0.00;-0.08;-0.22;-0.60;-1.10;-1.39;-1.53;-1.40;-0.94;-0.63;-0.62;-0.64;-0.60;-0.53;-0.42;-0.30;-0.25;-0.25;-0.37;-0.63;-0.86;-1.05;-1.24;-1.45;-1.67;-1.89;-2.12;-2.35;-2.58;-2.82;-3.05;-3.27;-3.46;-3.63;-3.80;-3.95;-4.06;-4.15;-4.25;-4.36;-4.41;-4.42;-4.44;-4.45;-4.44;-4.40;-4.35;-4.30;-4.26;-4.23;-4.21;-4.16;-4.10;-4.01;-3.88;-3.77;-3.68;-3.60;-3.51;-3.41;-3.28;-3.10;-2.87;-2.58;-2.24;-1.85;-1.43;-0.97;-0.56;-0.27;
Segment 8;0.00;-1.05;-0.97;0.16;1.51;2.83;3.52;2.93;1.75;0.43;-0.39;-1.08;-1.82;-2.63;-3.55;-4.35;-5.41;-6.28;-7.20;-7.79;-8.34;-8.73;-9.12;-9.31;-9.19;-8.57;-7.86;-7.26;-7.38;-7.79;-8.32;-8.92;-9.02;-8.80;-7.51;-5.85;-3.79;-1.58;0.40;2.06;2.73;3.12;3.20;3.20;3.07;2.95;2.84;2.75;2.57;2.36;2.09;1.86;1.68;1.59;1.56;1.65;1.73;1.75;1.60;1.39;1.15;0.96;0.82;0.72;0.73;0.63;0.33;-0.47;-1.03;-1.21;
Segment 9;0.00;-1.28;-1.69;-1.41;-0.53;0.81;1.95;2.56;2.61;2.35;1.93;1.36;0.69;-0.08;-0.83;-1.63;-2.38;-3.09;-3.72;-4.24;-4.49;-4.60;-4.53;-4.32;-4.00;-3.75;-3.77;-3.99;-4.16;-4.18;-4.00;-3.36;-2.19;-0.38;1.59;3.37;4.49;5.28;5.98;6.47;6.91;7.15;7.10;6.75;6.36;6.14;6.16;6.26;6.25;6.15;5.96;5.87;5.81;5.84;5.78;5.72;5.57;5.43;5.26;5.14;5.06;5.09;5.16;5.12;4.77;4.09;3.49;3.00;2.73;1.73;
Segment 10;0.00;-0.05;-0.26;-1.21;-2.51;-3.36;-3.89;-3.93;-3.41;-2.96;-2.73;-2.48;-2.10;-1.72;-1.39;-1.12;-1.02;-1.07;-1.22;-1.50;-1.79;-2.08;-2.40;-2.75;-3.13;-3.53;-3.93;-4.26;-4.56;-4.91;-5.31;-5.66;-5.96;-6.25;-6.55;-6.85;-7.14;-7.43;-7.70;-7.97;-8.22;-8.46;-8.69;-8.93;-9.14;-9.31;-9.42;-9.45;-9.43;-9.39;-9.33;-9.25;-9.13;-8.92;-8.61;-8.25;-7.84;-7.40;-6.91;-6.40;-5.89;-5.37;-4.84;-4.30;-3.68;-3.00;-2.31;-1.59;-0.95;-0.46;
Segment 11;0.00;1.91;0.51;-1.03;-2.33;-2.79;-3.50;-3.80;-4.47;-4.98;-5.63;-6.14;-6.83;-7.54;-8.36;-9.10;-9.75;-10.35;-10.99;-11.67;-12.36;-12.99;-13.64;-14.14;-14.33;-13.91;-13.34;-13.07;-13.23;-13.52;-13.48;-12.99;-12.11;-10.84;-9.58;-8.26;-7.16;-6.68;-6.46;-6.51;-6.68;-6.95;-7.06;-6.84;-6.47;-6.19;-6.01;-5.97;-5.97;-5.97;-5.95;-5.88;-5.84;-5.73;-5.54;-5.34;-5.10;-4.95;-4.86;-4.88;-4.90;-5.01;-5.05;-5.08;-4.95;-4.99;-5.02;-5.73;-5.58;-4.46;
Segment 12;0.00;1.09;2.09;1.32;0.70;-0.23;-0.74;-1.07;-0.96;-0.83;-0.83;-0.84;-1.17;-1.47;-2.01;-2.43;-2.97;-3.43;-3.94;-4.32;-4.56;-4.70;-4.91;-5.06;-5.25;-5.39;-5.56;-5.68;-5.66;-5.76;-6.03;-6.09;-5.62;-4.53;-3.32;-2.50;-2.06;-2.00;-1.94;-1.81;-1.55;-1.32;-1.29;-1.41;-1.51;-1.37;-0.97;-0.46;0.02;0.37;0.64;0.76;0.80;0.71;0.61;0.45;0.34;0.31;0.43;0.64;0.90;1.13;1.31;1.40;1.38;1.27;1.07;0.83;0.40;0.11;
Segment 13;0.00;0.19;0.33;0.31;0.17;-0.01;-0.24;-0.26;-0.02;0.10;-0.01;-0.14;-0.21;-0.25;-0.26;-0.27;-0.30;-0.34;-0.46;-0.64;-0.83;-1.01;-1.24;-1.57;-1.92;-2.24;-2.55;-2.81;-3.04;-3.26;-3.46;-3.69;-3.96;-4.24;-4.51;-4.78;-5.02;-5.25;-5.51;-5.77;-5.94;-6.03;-6.09;-6.13;-6.10;-5.98;-5.82;-5.66;-5.47;-5.28;-5.07;-4.83;-4.58;-4.36;-4.16;-3.96;-3.73;-3.52;-3.31;-3.12;-2.93;-2.75;-2.57;-2.39;-2.16;-1.89;-1.58;-1.22;-0.84;-0.42;
Segment 14;0.00;-2.42;-1.64;0.40;2.11;3.30;3.85;3.81;3.25;2.51;1.75;1.08;0.40;-0.36;-1.21;-2.15;-3.24;-4.30;-5.27;-5.96;-6.45;-6.76;-6.93;-6.89;-6.70;-6.57;-6.49;-6.43;-6.93;-7.68;-8.75;-10.02;-11.11;-11.61;-10.62;-8.80;-6.59;-4.21;-2.12;-0.32;0.74;1.42;1.78;2.07;2.30;2.50;2.66;2.79;2.89;2.94;2.92;2.84;2.77;2.71;2.73;2.80;2.93;3.02;3.04;2.99;2.92;2.92;2.91;2.91;2.84;2.85;2.90;3.18;3.01;2.13;
Segment 15;0.00;-5.32;-6.36;-3.27;-1.42;-1.06;-1.29;-1.66;-2.01;-2.29;-2.59;-2.93;-3.31;-3.82;-4.40;-5.05;-5.73;-6.34;-6.77;-6.74;-6.13;-4.88;-3.10;-0.65;2.12;4.70;6.26;6.56;5.89;3.80;0.21;-3.19;-5.55;-5.73;-4.81;-2.84;-0.60;1.97;3.90;4.69;4.45;3.73;3.09;2.64;2.36;2.24;2.26;2.35;2.36;2.23;2.03;1.84;1.78;1.78;1.91;2.09;2.33;2.46;2.48;2.36;2.23;2.17;2.15;2.06;1.83;1.59;1.56;2.27;3.54;3.68;
Segment 16;0.00;-0.14;-0.30;-0.49;-0.71;-0.92;-1.13;-1.20;-1.12;-1.03;-1.01;-0.88;-0.48;-0.02;0.36;0.68;0.81;0.80;0.75;0.67;0.49;0.19;-0.18;-0.59;-1.00;-1.37;-1.71;-2.04;-2.35;-2.64;-2.90;-3.20;-3.53;-3.86;-4.19;-4.47;-4.63;-4.75;-4.94;-5.13;-5.20;-5.15;-5.10;-5.03;-4.90;-4.68;-4.42;-4.14;-3.86;-3.64;-3.44;-3.23;-3.02;-2.89;-2.84;-2.78;-2.69;-2.62;-2.63;-2.62;-2.51;-2.36;-2.25;-2.15;-2.00;-1.80;-1.53;-1.16;-0.77;-0.39;
Segment 17;0.00;0.05;1.01;1.83;3.26;4.62;5.74;5.43;4.70;3.77;2.88;1.98;1.09;0.20;-0.70;-1.67;-2.64;-3.62;-4.54;-5.32;-6.01;-6.64;-7.00;-7.24;-7.35;-7.56;-7.77;-8.17;-9.14;-10.30;-11.42;-12.18;-12.70;-12.75;-12.03;-10.87;-9.54;-8.02;-6.60;-5.50;-4.81;-4.39;-4.03;-3.71;-3.31;-2.90;-2.38;-1.90;-1.49;-1.28;-1.14;-1.03;-0.97;-0.89;-0.77;-0.50;-0.22;0.01;0.07;0.04;-0.06;-0.22;-0.40;-0.57;-0.71;-0.88;-1.07;-1.33;-1.35;-0.68;
Segment 18;0.00;-1.91;-2.92;-3.84;-4.42;-4.80;-4.99;-4.88;-4.57;-4.28;-4.39;-4.99;-5.69;-6.36;-6.85;-7.35;-7.87;-8.66;-9.29;-9.62;-9.69;-9.38;-8.78;-8.27;-7.79;-7.39;-6.89;-6.45;-6.32;-6.26;-6.10;-5.87;-5.61;-5.44;-4.99;-4.40;-3.80;-3.28;-2.77;-2.22;-1.76;-1.51;-1.38;-1.31;-1.21;-1.06;-0.86;-0.57;-0.24;0.10;0.42;0.68;0.85;0.96;0.99;0.98;0.92;0.87;0.84;0.85;0.85;0.88;0.92;0.96;1.05;1.16;1.29;1.39;1.63;1.30;

----------------------------------------------------------


Curves
==========================================================
Longitudinal Strain Rate
Unit [1/s]
Time [ms];0.00;10.66;21.31;31.97;42.62;53.28;63.94;74.59;85.25;95.90;106.56;117.22;127.87;138.53;149.18;159.84;170.50;181.15;191.81;202.46;213.12;223.78;234.43;245.09;255.74;266.40;277.06;287.71;298.37;309.02;319.68;330.34;340.99;351.65;362.30;372.96;383.62;394.27;404.93;415.58;426.24;436.90;447.55;458.21;468.86;479.52;490.18;500.83;511.49;522.14;532.80;543.46;554.11;564.77;575.42;586.08;596.74;607.39;618.05;628.70;639.36;650.02;660.67;671.33;681.98;692.64;703.30;713.95;724.61;735.26;
Segment 1;0.29;0.27;-0.04;-0.46;-0.34;0.03;0.34;0.81;0.92;0.42;0.08;0.13;0.18;0.19;0.20;0.13;0.02;-0.09;-0.24;-0.32;-0.33;-0.34;-0.37;-0.38;-0.37;-0.36;-0.35;-0.34;-0.32;-0.27;-0.27;-0.32;-0.34;-0.32;-0.30;-0.24;-0.18;-0.19;-0.21;-0.17;-0.11;-0.08;-0.06;-0.05;-0.04;-0.03;-0.04;-0.05;-0.11;-0.18;-0.16;-0.12;-0.09;-0.06;-0.04;-0.03;-0.01;-0.02;-0.00;0.07;0.16;0.22;0.28;0.38;0.51;0.58;0.61;0.63;0.59;0.57;
Segment 2;0.23;0.36;0.58;0.34;0.02;-0.11;-0.04;0.05;-0.12;-0.28;-0.42;-0.37;-0.21;0.04;0.10;0.27;0.33;0.29;0.12;-0.15;-0.10;-0.27;-0.37;-0.52;-0.88;-1.09;-1.20;-0.66;-0.03;0.03;0.45;0.59;0.97;0.69;0.22;0.29;-0.46;-0.97;-1.23;-0.87;-0.37;-0.19;0.15;0.40;0.46;0.41;0.31;0.24;0.21;0.19;0.20;0.26;0.30;0.32;0.25;0.13;0.08;-0.03;-0.09;-0.15;-0.16;-0.15;-0.09;0.04;0.07;-0.06;-0.48;-0.54;0.04;1.48;
Segment 3;1.32;1.06;0.91;0.85;0.73;0.75;0.51;0.12;-0.24;-0.45;-0.54;-0.55;-0.50;-0.48;-0.45;-0.41;-0.38;-0.34;-0.37;-0.45;-0.54;-0.69;-0.87;-1.08;-1.14;-1.06;-0.90;-0.49;0.15;0.93;1.46;1.40;0.75;0.02;-0.35;-0.27;-0.05;0.10;0.16;0.16;0.21;0.19;0.11;0.01;-0.10;-0.20;-0.20;-0.13;0.07;0.21;0.19;0.04;-0.17;-0.25;-0.27;-0.23;-0.20;-0.16;-0.10;-0.05;-0.02;-0.02;-0.05;-0.16;-0.34;-0.33;-0.05;0.70;1.20;1.27;
Segment 4;-0.66;-0.61;-0.18;0.39;0.75;1.13;0.94;0.08;-0.32;-0.13;-0.06;-0.33;-0.54;-0.36;-0.10;-0.05;-0.06;-0.10;-0.20;-0.25;-0.29;-0.30;-0.27;-0.23;-0.19;-0.15;-0.09;-0.02;-0.04;-0.12;-0.17;-0.23;-0.25;-0.18;-0.13;-0.14;-0.16;-0.18;-0.21;-0.19;-0.13;-0.11;-0.10;-0.10;-0.11;-0.13;-0.18;-0.24;-0.33;-0.43;-0.32;-0.11;-0.02;0.04;0.07;-0.00;-0.00;0.09;0.20;0.39;0.59;0.78;0.97;1.02;1.01;0.88;0.59;0.30;-0.11;-0.42;
Segment 5;-1.40;-0.11;0.96;1.20;1.39;1.25;0.34;-0.71;-1.08;-1.19;-0.98;-0.89;-0.49;-0.19;-0.16;-0.33;-0.51;-0.54;-0.45;-0.32;-0.14;0.10;0.29;0.19;-0.22;-0.69;-0.94;-1.15;-1.06;-0.83;0.11;0.76;1.23;0.73;0.05;0.02;-0.12;0.14;0.07;0.41;0.63;0.65;0.52;0.36;0.27;0.30;0.37;0.26;0.22;0.09;0.09;-0.05;-0.14;-0.02;0.20;0.42;0.47;0.34;0.09;0.08;-0.13;-0.18;-0.20;0.01;0.23;0.24;0.30;-0.01;0.24;-0.36;
Segment 6;-2.55;-1.63;1.15;2.21;0.96;0.07;-0.36;-0.45;-0.59;-0.63;-0.72;-0.79;-0.81;-0.89;-0.89;-0.88;-0.83;-0.74;-0.73;-0.64;-0.53;-0.59;-0.56;-0.51;-0.53;-0.57;-0.65;-0.44;0.17;1.13;1.85;2.12;1.75;1.32;1.02;0.63;0.29;0.10;0.13;0.18;0.32;0.24;0.11;0.10;0.19;0.28;0.38;0.38;0.43;0.37;0.22;0.01;-0.19;-0.26;-0.31;-0.29;-0.21;-0.05;0.10;0.19;0.19;0.09;-0.03;-0.22;-0.53;-0.56;-0.11;0.75;1.08;-0.04;
Segment 7;-0.07;-0.09;-0.24;-0.44;-0.38;-0.21;-0.02;0.31;0.40;0.14;-0.03;0.01;0.06;0.08;0.11;0.08;0.03;-0.05;-0.19;-0.24;-0.19;-0.17;-0.19;-0.20;-0.21;-0.21;-0.22;-0.22;-0.22;-0.22;-0.21;-0.19;-0.17;-0.16;-0.15;-0.12;-0.09;-0.09;-0.10;-0.08;-0.03;-0.01;-0.01;-0.00;0.02;0.04;0.05;0.05;0.03;0.02;0.03;0.05;0.07;0.10;0.12;0.09;0.08;0.08;0.08;0.11;0.14;0.19;0.24;0.29;0.34;0.38;0.42;0.42;0.33;0.26;
Segment 8;-1.14;-0.52;0.64;1.23;1.29;1.03;0.04;-0.90;-1.24;-1.02;-0.67;-0.66;-0.72;-0.83;-0.80;-0.88;-0.92;-0.85;-0.71;-0.52;-0.44;-0.36;-0.29;-0.06;0.36;0.67;0.67;0.24;-0.29;-0.45;-0.57;-0.35;0.02;0.71;1.43;1.75;2.05;1.99;1.76;1.09;0.45;0.21;0.03;-0.06;-0.13;-0.11;-0.09;-0.13;-0.18;-0.23;-0.24;-0.19;-0.12;-0.06;0.03;0.09;0.06;-0.06;-0.18;-0.22;-0.21;-0.16;-0.12;-0.03;-0.02;-0.16;-0.54;-0.69;-0.43;0.50;
Segment 9;-1.31;-0.83;-0.04;0.56;1.09;1.23;0.84;0.29;-0.12;-0.33;-0.47;-0.58;-0.68;-0.72;-0.73;-0.73;-0.68;-0.63;-0.56;-0.36;-0.16;-0.02;0.13;0.26;0.29;0.12;-0.13;-0.21;-0.10;0.06;0.37;0.83;1.42;1.82;1.81;1.37;0.85;0.69;0.56;0.43;0.34;0.09;-0.20;-0.38;-0.30;-0.09;0.08;0.05;-0.05;-0.15;-0.14;-0.07;-0.01;-0.01;-0.05;-0.10;-0.14;-0.15;-0.15;-0.10;-0.02;0.06;0.03;-0.17;-0.51;-0.63;-0.53;-0.30;-0.53;-1.33;
Segment 10;-0.03;-0.07;-0.53;-1.14;-1.05;-0.64;-0.29;0.26;0.51;0.31;0.20;0.29;0.37;0.34;0.29;0.18;0.02;-0.09;-0.21;-0.28;-0.27;-0.28;-0.31;-0.34;-0.37;-0.38;-0.35;-0.28;-0.30;-0.36;-0.36;-0.30;-0.27;-0.28;-0.28;-0.28;-0.27;-0.26;-0.26;-0.24;-0.23;-0.22;-0.23;-0.21;-0.18;-0.14;-0.06;0.00;0.03;0.04;0.07;0.09;0.15;0.25;0.32;0.36;0.40;0.44;0.47;0.48;0.48;0.49;0.50;0.54;0.61;0.65;0.67;0.65;0.53;0.44;
Segment 11;2.27;0.23;-1.63;-1.38;-0.79;-0.52;-0.47;-0.43;-0.57;-0.54;-0.54;-0.55;-0.66;-0.73;-0.74;-0.65;-0.58;-0.58;-0.62;-0.65;-0.62;-0.61;-0.56;-0.36;0.12;0.53;0.43;0.04;-0.26;-0.15;0.25;0.64;1.03;1.21;1.22;1.18;0.74;0.30;0.08;-0.11;-0.22;-0.21;0.05;0.31;0.32;0.22;0.10;0.01;0.00;0.01;0.04;0.05;0.06;0.14;0.19;0.21;0.19;0.11;0.03;-0.02;-0.07;-0.07;-0.04;0.06;0.05;0.01;-0.40;-0.36;0.42;2.66;
Segment 12;1.01;1.11;0.09;-0.76;-0.74;-0.71;-0.39;-0.10;0.15;0.06;0.01;-0.17;-0.30;-0.40;-0.46;-0.45;-0.47;-0.46;-0.43;-0.29;-0.17;-0.16;-0.17;-0.16;-0.16;-0.14;-0.15;-0.03;-0.01;-0.20;-0.20;0.17;0.76;1.14;0.98;0.59;0.21;0.03;0.09;0.18;0.25;0.13;-0.06;-0.13;-0.00;0.26;0.44;0.48;0.40;0.29;0.18;0.07;-0.02;-0.09;-0.13;-0.14;-0.07;0.04;0.16;0.23;0.24;0.20;0.13;0.03;-0.06;-0.15;-0.20;-0.32;-0.37;-0.18;
Segment 13;0.18;0.17;0.06;-0.08;-0.15;-0.21;-0.14;0.13;0.20;-0.01;-0.14;-0.09;-0.05;-0.03;-0.01;-0.01;-0.03;-0.07;-0.14;-0.18;-0.17;-0.19;-0.26;-0.33;-0.32;-0.30;-0.27;-0.23;-0.21;-0.19;-0.20;-0.24;-0.26;-0.26;-0.26;-0.24;-0.22;-0.23;-0.25;-0.20;-0.11;-0.07;-0.05;-0.01;0.07;0.14;0.15;0.16;0.18;0.19;0.21;0.23;0.23;0.19;0.18;0.20;0.21;0.20;0.19;0.18;0.17;0.17;0.16;0.19;0.24;0.27;0.32;0.35;0.38;0.39;
Segment 14;-2.71;-0.84;1.57;1.86;1.37;0.82;0.23;-0.30;-0.64;-0.72;-0.67;-0.62;-0.67;-0.76;-0.83;-0.96;-1.02;-0.97;-0.78;-0.55;-0.38;-0.22;-0.06;0.12;0.16;0.09;0.10;-0.19;-0.61;-0.85;-1.13;-1.15;-0.83;0.21;1.40;1.92;2.20;2.12;1.85;1.35;0.79;0.47;0.28;0.24;0.20;0.17;0.14;0.11;0.07;0.02;-0.05;-0.07;-0.06;-0.02;0.04;0.10;0.11;0.06;-0.02;-0.07;-0.04;0.00;-0.00;-0.04;-0.04;0.01;0.19;0.11;-0.43;-1.45;
Segment 15;-5.55;-3.26;1.35;2.70;0.95;-0.03;-0.31;-0.35;-0.30;-0.27;-0.30;-0.34;-0.42;-0.51;-0.58;-0.63;-0.62;-0.51;-0.21;0.29;0.88;1.41;2.00;2.50;2.59;2.01;0.86;-0.17;-1.25;-2.77;-3.44;-2.83;-1.19;0.43;1.40;2.01;2.30;2.21;1.30;0.22;-0.52;-0.68;-0.51;-0.34;-0.19;-0.04;0.07;0.06;-0.05;-0.17;-0.20;-0.12;-0.03;0.06;0.15;0.21;0.19;0.07;-0.06;-0.13;-0.09;-0.03;-0.04;-0.16;-0.24;-0.17;0.28;1.03;0.98;-1.72;
Segment 16;-0.13;-0.14;-0.16;-0.20;-0.20;-0.21;-0.14;0.02;0.10;0.04;0.04;0.25;0.43;0.40;0.33;0.22;0.04;-0.04;-0.05;-0.12;-0.23;-0.32;-0.36;-0.40;-0.37;-0.33;-0.31;-0.30;-0.28;-0.25;-0.26;-0.30;-0.31;-0.31;-0.29;-0.21;-0.12;-0.14;-0.20;-0.13;-0.00;0.05;0.05;0.09;0.17;0.23;0.25;0.27;0.24;0.19;0.19;0.20;0.16;0.08;0.05;0.08;0.08;0.03;-0.01;0.05;0.13;0.12;0.09;0.12;0.16;0.22;0.31;0.36;0.36;0.36;
Segment 17;-0.09;0.50;0.85;1.04;1.36;1.25;0.39;-0.57;-0.80;-0.86;-0.84;-0.84;-0.83;-0.84;-0.88;-0.91;-0.92;-0.90;-0.80;-0.68;-0.63;-0.47;-0.27;-0.15;-0.14;-0.19;-0.24;-0.65;-1.04;-1.10;-0.89;-0.60;-0.31;0.32;0.92;1.18;1.35;1.41;1.20;0.84;0.49;0.36;0.31;0.33;0.38;0.44;0.48;0.43;0.29;0.15;0.12;0.08;0.06;0.09;0.18;0.27;0.26;0.14;0.00;-0.06;-0.12;-0.16;-0.17;-0.14;-0.14;-0.17;-0.23;-0.19;0.32;0.68;
Segment 18;-1.92;-1.37;-0.87;-0.72;-0.44;-0.28;-0.04;0.22;0.32;0.11;-0.35;-0.64;-0.66;-0.54;-0.45;-0.46;-0.63;-0.70;-0.45;-0.19;0.11;0.46;0.54;0.47;0.40;0.42;0.47;0.27;0.06;0.10;0.19;0.24;0.19;0.27;0.51;0.57;0.53;0.47;0.50;0.49;0.33;0.17;0.08;0.08;0.12;0.16;0.23;0.29;0.32;0.32;0.27;0.20;0.13;0.07;0.01;-0.04;-0.06;-0.04;-0.01;0.01;0.01;0.03;0.04;0.06;0.10;0.12;0.09;0.19;0.04;-0.80;

----------------------------------------------------------


Curves
==========================================================
Global Strain A2C
Unit [%]
Time [ms];0.00;10.66;21.31;31.97;42.62;53.28;63.94;74.59;85.25;95.90;106.56;117.22;127.87;138.53;149.18;159.84;170.50;181.15;191.81;202.46;213.12;223.78;234.43;245.09;255.74;266.40;277.06;287.71;298.37;309.02;319.68;330.34;340.99;351.65;362.30;372.96;383.62;394.27;404.93;415.58;426.24;436.90;447.55;458.21;468.86;479.52;490.18;500.83;511.49;522.14;532.80;543.46;554.11;564.77;575.42;586.08;596.74;607.39;618.05;628.70;639.36;650.02;660.67;671.33;681.98;692.64;703.30;713.95;724.61;735.26;
Total;0.00;-0.07;-0.18;-0.45;-0.79;-0.91;-0.85;-0.65;-0.30;-0.05;-0.01;0.02;0.08;0.17;0.30;0.44;0.48;0.44;0.31;0.08;-0.17;-0.44;-0.74;-1.07;-1.41;-1.72;-2.02;-2.29;-2.53;-2.78;-3.03;-3.30;-3.58;-3.86;-4.12;-4.36;-4.56;-4.74;-4.95;-5.16;-5.30;-5.38;-5.45;-5.52;-5.55;-5.53;-5.50;-5.47;-5.44;-5.45;-5.47;-5.44;-5.36;-5.26;-5.14;-5.02;-4.90;-4.76;-4.61;-4.42;-4.16;-3.84;-3.47;-3.06;-2.59;-2.06;-1.54;-1.03;-0.60;-0.28;

----------------------------------------------------------


Curves
==========================================================
Global Strain Rate A2C
Unit [1/s]
Time [ms];0.00;10.66;21.31;31.97;42.62;53.28;63.94;74.59;85.25;95.90;106.56;117.22;127.87;138.53;149.18;159.84;170.50;181.15;191.81;202.46;213.12;223.78;234.43;245.09;255.74;266.40;277.06;287.71;298.37;309.02;319.68;330.34;340.99;351.65;362.30;372.96;383.62;394.27;404.93;415.58;426.24;436.90;447.55;458.21;468.86;479.52;490.18;500.83;511.49;522.14;532.80;543.46;554.11;564.77;575.42;586.08;596.74;607.39;618.05;628.70;639.36;650.02;660.67;671.33;681.98;692.64;703.30;713.95;724.61;735.26;
Total;-0.07;-0.07;-0.17;-0.31;-0.23;-0.02;0.12;0.27;0.31;0.13;0.01;0.04;0.07;0.10;0.13;0.09;0.00;-0.08;-0.17;-0.23;-0.25;-0.27;-0.30;-0.31;-0.31;-0.29;-0.27;-0.23;-0.23;-0.24;-0.24;-0.26;-0.27;-0.25;-0.24;-0.20;-0.17;-0.18;-0.20;-0.17;-0.10;-0.07;-0.07;-0.05;-0.01;0.02;0.03;0.03;0.01;-0.02;0.00;0.06;0.08;0.10;0.11;0.11;0.12;0.13;0.15;0.21;0.27;0.32;0.37;0.42;0.47;0.49;0.48;0.45;0.35;0.27;

----------------------------------------------------------


Curves
==========================================================
Global Strain A3C
Unit [%]
Time [ms];0.00;10.66;21.31;31.97;42.62;53.28;63.94;74.59;85.25;95.90;106.56;117.22;127.87;138.53;149.18;159.84;170.50;181.15;191.81;202.46;213.12;223.78;234.43;245.09;255.74;266.40;277.06;287.71;298.37;309.02;319.68;330.34;340.99;351.65;362.30;372.96;383.62;394.27;404.93;415.58;426.24;436.90;447.55;458.21;468.86;479.52;490.18;500.83;511.49;522.14;532.80;543.46;554.11;564.77;575.42;586.08;596.74;607.39;618.05;628.70;639.36;650.02;660.67;671.33;681.98;692.64;703.30;713.95;724.61;735.26;
Total;0.00;-0.38;-0.08;0.56;1.37;2.16;2.61;2.34;1.66;0.80;0.03;-0.70;-1.38;-1.98;-2.57;-3.16;-3.80;-4.45;-5.07;-5.61;-6.09;-6.44;-6.73;-6.88;-7.00;-7.12;-7.29;-7.60;-8.17;-8.78;-9.33;-9.40;-9.31;-8.64;-7.95;-6.82;-5.82;-4.84;-4.10;-3.53;-3.15;-2.87;-2.65;-2.36;-2.08;-1.80;-1.55;-1.32;-1.19;-1.08;-1.07;-1.00;-1.04;-0.96;-0.87;-0.64;-0.44;-0.23;-0.22;-0.25;-0.36;-0.49;-0.61;-0.70;-0.66;-0.66;-0.72;-1.01;-1.17;-0.85;

----------------------------------------------------------


Curves
==========================================================
Global Strain Rate A3C
Unit [1/s]
Time [ms];0.00;10.66;21.31;31.97;42.62;53.28;63.94;74.59;85.25;95.90;106.56;117.22;127.87;138.53;149.18;159.84;170.50;181.15;191.81;202.46;213.12;223.78;234.43;245.09;255.74;266.40;277.06;287.71;298.37;309.02;319.68;330.34;340.99;351.65;362.30;372.96;383.62;394.27;404.93;415.58;426.24;436.90;447.55;458.21;468.86;479.52;490.18;500.83;511.49;522.14;532.80;543.46;554.11;564.77;575.42;586.08;596.74;607.39;618.05;628.70;639.36;650.02;660.67;671.33;681.98;692.64;703.30;713.95;724.61;735.26;
Total;-0.46;-0.06;0.48;0.70;0.78;0.63;0.09;-0.48;-0.75;-0.78;-0.70;-0.67;-0.60;-0.55;-0.55;-0.58;-0.61;-0.60;-0.55;-0.48;-0.39;-0.30;-0.20;-0.12;-0.10;-0.13;-0.21;-0.42;-0.57;-0.58;-0.29;-0.00;0.37;0.65;0.86;1.03;0.93;0.82;0.61;0.45;0.30;0.22;0.24;0.27;0.26;0.25;0.23;0.17;0.11;0.05;0.04;0.02;0.01;0.07;0.15;0.21;0.20;0.10;-0.02;-0.07;-0.12;-0.12;-0.10;-0.02;0.03;-0.01;-0.18;-0.26;0.05;0.58;

----------------------------------------------------------


Curves
==========================================================
Global Strain A4C
Unit [%]
Time [ms];0.00;10.66;21.31;31.97;42.62;53.28;63.94;74.59;85.25;95.90;106.56;117.22;127.87;138.53;149.18;159.84;170.50;181.15;191.81;202.46;213.12;223.78;234.43;245.09;255.74;266.40;277.06;287.71;298.37;309.02;319.68;330.34;340.99;351.65;362.30;372.96;383.62;394.27;404.93;415.58;426.24;436.90;447.55;458.21;468.86;479.52;490.18;500.83;511.49;522.14;532.80;543.46;554.11;564.77;575.42;586.08;596.74;607.39;618.05;628.70;639.36;650.02;660.67;671.33;681.98;692.64;703.30;713.95;724.61;735.26;
Total;0.00;-1.45;-1.65;-0.78;-0.15;0.12;0.20;0.18;0.07;-0.13;-0.48;-0.98;-1.56;-2.17;-2.81;-3.44;-4.08;-4.71;-5.27;-5.67;-5.85;-5.84;-5.71;-5.46;-5.19;-4.96;-4.93;-5.09;-5.26;-5.40;-5.45;-5.25;-4.74;-3.96;-3.02;-2.12;-1.32;-0.66;-0.08;0.29;0.53;0.63;0.60;0.50;0.41;0.43;0.56;0.78;0.98;1.19;1.31;1.39;1.37;1.31;1.21;1.10;1.00;0.93;0.90;0.91;0.96;1.02;1.07;1.03;0.84;0.52;0.30;0.40;0.94;1.02;

----------------------------------------------------------


Curves
==========================================================
Global Strain Rate A4C
Unit [1/s]
Time [ms];0.00;10.66;21.31;31.97;42.62;53.28;63.94;74.59;85.25;95.90;106.56;117.22;127.87;138.53;149.18;159.84;170.50;181.15;191.81;202.46;213.12;223.78;234.43;245.09;255.74;266.40;277.06;287.71;298.37;309.02;319.68;330.34;340.99;351.65;362.30;372.96;383.62;394.27;404.93;415.58;426.24;436.90;447.55;458.21;468.86;479.52;490.18;500.83;511.49;522.14;532.80;543.46;554.11;564.77;575.42;586.08;596.74;607.39;618.05;628.70;639.36;650.02;660.67;671.33;681.98;692.64;703.30;713.95;724.61;735.26;
Total;-1.52;-0.84;0.42;0.79;0.41;0.15;0.02;-0.06;-0.14;-0.26;-0.40;-0.51;-0.56;-0.59;-0.60;-0.59;-0.61;-0.57;-0.46;-0.28;-0.07;0.07;0.18;0.25;0.25;0.14;-0.07;-0.17;-0.15;-0.11;0.06;0.34;0.61;0.82;0.88;0.81;0.68;0.59;0.45;0.28;0.16;0.03;-0.07;-0.10;-0.04;0.07;0.17;0.20;0.20;0.16;0.10;0.03;-0.05;-0.08;-0.10;-0.10;-0.08;-0.05;-0.01;0.03;0.05;0.06;0.01;-0.10;-0.26;-0.28;-0.08;0.34;0.40;-0.47;

----------------------------------------------------------


