PatientInformation
==========================================================
PatientID;No patientID
Name;,,
Date of Birth;
Sex;
Version;AutoStrainCap2 2.1.0.491925

Results
==========================================================
Global
----------------------------------------------------------
LaSr_ED;9.81;%
LaScd_ED;-10.02;%
LaSct_ED;0.22;%
LaSr_AC;9.83;%
LaScd_AC;-10.05;%
LaSct_AC;0.22;%
ED;0.00;ms
ES;309.72;ms
PreA;574.72;ms

Curves
==========================================================
Longitudinal Strain
Unit [%]
Time [ms];0.00;10.91;21.81;32.72;43.62;54.53;65.43;76.34;87.24;98.15;109.06;119.96;130.87;141.77;152.68;163.58;174.49;185.40;196.30;207.21;218.11;229.02;239.92;250.83;261.73;272.64;283.55;294.45;305.36;316.26;327.17;338.07;348.98;359.88;370.79;381.70;392.60;403.51;414.41;425.32;436.22;447.13;458.04;468.94;479.85;490.75;501.66;512.56;523.47;534.37;545.28;556.19;567.09;578.00;588.90;599.81;610.71;621.62;632.52;643.43;654.34;665.24;676.15;687.05;697.96;708.86;719.77;730.68;741.58;752.49;763.39;774.30;785.20;796.11;807.01;817.92;828.83;
LAS_ED;0.00;0.07;-0.13;-0.22;-0.12;0.24;0.63;0.94;1.22;1.68;2.25;2.97;3.60;4.10;4.42;4.58;4.42;4.31;4.57;5.38;6.55;7.64;8.43;8.89;9.24;9.47;9.65;9.67;9.79;9.77;9.61;9.37;9.05;8.77;8.42;8.05;7.63;7.05;6.39;5.52;4.39;3.14;2.00;0.89;0.05;-0.56;-0.74;-0.73;-0.51;-0.29;-0.07;0.01;-0.09;-0.27;-0.44;-0.46;-0.39;-0.26;-0.11;0.00;0.05;-0.12;-0.37;-0.70;-1.10;-1.52;-1.90;-2.20;-2.43;-2.54;-2.59;-2.54;-2.49;-2.40;-2.22;-1.84;-1.00;
LAS_AC;0.28;0.35;0.15;0.05;0.15;0.52;0.91;1.21;1.50;1.96;2.53;3.25;3.88;4.38;4.71;4.86;4.71;4.59;4.85;5.67;6.85;7.94;8.73;9.19;9.54;9.78;9.95;9.97;10.10;10.08;9.91;9.67;9.35;9.07;8.72;8.35;7.92;7.34;6.69;5.81;4.68;3.42;2.28;1.16;0.32;-0.29;-0.47;-0.45;-0.23;-0.02;0.20;0.28;0.19;0.00;-0.16;-0.19;-0.11;0.01;0.16;0.28;0.32;0.16;-0.09;-0.42;-0.83;-1.25;-1.63;-1.93;-2.17;-2.27;-2.33;-2.28;-2.22;-2.14;-1.95;-1.57;-0.73;

----------------------------------------------------------


