PatientInformation
==========================================================
PatientID;No patientID
Name;,,
Date of Birth;
Sex;
Version;AutoStrainCap2 2.1.0.491925

Results
==========================================================
Global
----------------------------------------------------------
RVFWSL;-20.64;%
RV4CSL;-17.88;%
ED;0.00;ms
ES;357.58;ms

Curves
==========================================================
Longitudinal Strain
Unit [%]
Time [ms];0.00;10.58;21.16;31.74;42.32;52.90;63.48;74.05;84.63;95.21;105.79;116.37;126.95;137.53;148.11;158.69;169.27;179.85;190.43;201.00;211.58;222.16;232.74;243.32;253.90;264.48;275.06;285.64;296.22;306.80;317.38;327.95;338.53;349.11;359.69;370.27;380.85;391.43;402.01;412.59;423.17;433.75;444.33;454.91;465.48;476.06;486.64;497.22;507.80;518.38;528.96;539.54;550.12;560.70;571.28;581.86;592.43;603.01;613.59;624.17;634.75;645.33;655.91;666.49;677.07;687.65;698.23;708.81;719.39;729.96;740.54;751.12;761.70;772.28;782.86;793.44;804.02;814.60;825.18;835.76;846.34;856.91;867.49;878.07;888.65;899.23;909.81;920.39;
Basal;0.00;-1.71;-3.14;-3.55;-2.53;-2.46;-3.33;-4.62;-5.92;-6.76;-7.29;-7.63;-7.89;-7.97;-8.09;-8.25;-8.62;-9.81;-11.21;-12.64;-13.97;-14.97;-15.79;-16.53;-17.14;-17.73;-18.22;-18.63;-18.96;-19.20;-19.34;-19.36;-19.22;-19.12;-18.85;-18.48;-18.08;-17.77;-17.42;-16.98;-16.23;-15.44;-14.45;-13.53;-12.81;-12.44;-12.29;-12.15;-11.99;-11.40;-10.67;-9.79;-8.78;-7.76;-6.71;-5.75;-4.88;-4.41;-4.07;-3.95;-3.99;-4.24;-4.58;-4.92;-5.22;-5.32;-5.30;-5.16;-4.87;-4.44;-3.82;-3.03;-2.09;-0.82;0.46;1.73;2.78;3.22;3.36;3.32;3.19;2.96;2.72;2.45;2.13;1.86;1.45;0.87;
Mid;0.00;-1.87;-3.40;-3.95;-2.95;-2.78;-3.38;-4.43;-5.64;-6.66;-7.60;-8.42;-9.26;-10.06;-10.92;-11.73;-12.59;-13.77;-14.98;-16.15;-17.21;-17.95;-18.54;-19.04;-19.45;-19.92;-20.32;-20.68;-20.98;-21.25;-21.44;-21.52;-21.43;-21.29;-20.94;-20.45;-19.90;-19.27;-18.55;-17.65;-16.39;-15.06;-13.47;-11.85;-10.34;-9.01;-7.84;-6.72;-5.67;-4.57;-3.54;-2.55;-1.72;-1.40;-1.24;-1.21;-1.13;-1.03;-0.88;-0.87;-1.00;-1.36;-1.82;-2.28;-2.65;-2.76;-2.74;-2.67;-2.60;-2.74;-2.82;-2.70;-2.24;-1.16;0.16;1.52;2.73;3.41;3.80;3.97;4.00;3.92;3.81;3.59;3.29;2.75;2.05;1.17;
Apical;0.00;-2.09;-3.61;-4.02;-2.85;-2.60;-3.25;-4.40;-5.74;-6.85;-7.85;-8.77;-9.64;-10.35;-11.03;-11.65;-12.33;-13.42;-14.58;-15.70;-16.72;-17.46;-18.05;-18.57;-18.97;-19.40;-19.73;-20.00;-20.23;-20.41;-20.53;-20.58;-20.49;-20.44;-20.21;-19.91;-19.65;-19.42;-19.11;-18.55;-17.49;-16.38;-14.89;-13.29;-11.71;-10.08;-8.59;-7.18;-5.95;-4.75;-3.72;-2.83;-2.07;-1.65;-1.31;-1.08;-0.84;-0.76;-0.68;-0.71;-0.86;-1.15;-1.51;-1.87;-2.15;-2.26;-2.28;-2.25;-2.18;-2.13;-1.96;-1.59;-0.94;0.13;1.39;2.69;3.80;4.45;4.78;4.88;4.83;4.59;4.29;3.90;3.46;2.92;2.25;1.33;

----------------------------------------------------------


