PatientInformation
==========================================================
PatientID;No patientID
Name;,,
Date of Birth;
Sex;
Version;AutoStrainCap2 2.1.0.491925

Results
==========================================================
Global
----------------------------------------------------------
LaSr_ED;22.22;%
LaScd_ED;-10.73;%
LaSct_ED;-11.49;%
LaSr_AC;19.96;%
LaScd_AC;-9.64;%
LaSct_AC;-10.32;%
ED;0.00;ms
ES;329.18;ms
PreA;567.84;ms

Curves
==========================================================
Longitudinal Strain
Unit [%]
Time [ms];0.00;16.46;32.92;49.38;65.84;82.30;98.76;115.21;131.67;148.13;164.59;181.05;197.51;213.97;230.43;246.89;263.35;279.81;296.27;312.72;329.18;345.64;362.10;378.56;395.02;411.48;427.94;444.40;460.86;477.32;493.78;510.24;526.69;543.15;559.61;576.07;592.53;608.99;625.45;641.91;658.37;674.83;691.29;707.75;724.20;740.66;757.12;773.58;790.04;
LAS_ED;0.00;-1.35;-1.65;-1.94;-1.13;0.25;2.10;4.83;7.53;9.59;11.47;14.01;16.26;17.69;18.89;19.87;20.60;20.88;20.95;21.60;22.22;21.76;21.37;21.59;20.98;18.84;16.13;14.66;13.58;12.83;12.39;11.82;11.68;11.62;11.59;11.35;11.24;12.14;13.16;13.95;14.47;13.99;13.22;12.82;11.39;7.38;3.69;2.53;2.10;
LAS_AC;-10.19;-11.41;-11.67;-11.93;-11.21;-9.97;-8.30;-5.86;-3.43;-1.58;0.11;2.39;4.41;5.69;6.77;7.65;8.31;8.56;8.62;9.21;9.76;9.35;9.00;9.20;8.65;6.73;4.29;2.98;2.00;1.33;0.93;0.42;0.30;0.24;0.22;0.00;-0.10;0.71;1.62;2.33;2.80;2.37;1.68;1.32;0.03;-3.57;-6.88;-7.92;-8.31;

----------------------------------------------------------


