PatientInformation
==========================================================
PatientID;No patientID
Name;,,
Date of Birth;
Sex;
Version;AutoStrainCap2 2.1.0.491925

Results
==========================================================
Global
----------------------------------------------------------
RVFWSL;-15.28;%
RV4CSL;-16.18;%
ED;0.00;ms
ES;333.65;ms

Curves
==========================================================
Longitudinal Strain
Unit [%]
Time [ms];0.00;10.08;20.16;30.24;40.32;50.40;60.48;70.56;80.64;90.72;100.80;110.88;120.96;131.04;141.12;151.20;161.28;171.36;181.44;191.52;201.60;211.68;221.76;231.84;241.92;252.00;262.08;272.16;282.24;292.32;302.40;312.48;322.56;332.64;342.72;352.80;362.88;372.96;383.04;393.12;403.20;413.28;423.36;433.44;443.52;453.60;463.68;473.76;483.84;493.92;504.00;514.08;524.16;534.24;544.32;554.40;564.48;574.56;584.64;594.72;604.80;614.88;624.96;635.04;645.12;655.20;665.28;675.36;685.44;695.52;705.60;715.68;725.76;735.84;745.92;756.00;766.08;776.16;786.24;796.32;806.40;816.48;826.56;836.64;
Basal;0.00;-0.03;-0.39;-0.17;1.41;3.78;6.27;8.36;9.46;8.95;7.39;5.30;3.18;1.48;0.15;-0.93;-1.88;-2.85;-3.90;-5.09;-6.54;-8.21;-9.98;-11.61;-12.85;-13.50;-13.76;-13.86;-14.04;-14.59;-15.25;-15.86;-16.29;-16.45;-16.16;-15.45;-14.39;-12.94;-11.53;-10.47;-10.11;-10.67;-11.81;-13.16;-14.34;-14.93;-15.01;-14.62;-13.79;-12.44;-11.07;-10.10;-9.98;-11.34;-13.35;-15.34;-16.65;-16.53;-15.58;-14.28;-13.06;-12.35;-11.96;-11.72;-11.44;-10.98;-10.32;-9.48;-8.50;-7.32;-6.22;-5.39;-5.08;-5.49;-6.16;-6.60;-6.35;-5.03;-3.12;-1.18;0.23;0.56;0.32;-0.00;
Mid;0.00;-0.08;-0.63;-0.62;0.81;3.10;5.60;7.73;8.90;8.45;6.97;4.94;2.88;1.24;-0.04;-1.09;-2.02;-3.06;-4.17;-5.39;-6.76;-8.17;-9.60;-10.85;-11.76;-12.23;-12.37;-12.39;-12.49;-12.91;-13.47;-14.01;-14.44;-14.72;-14.64;-14.17;-13.30;-11.82;-10.30;-9.11;-8.65;-9.26;-10.50;-11.93;-13.19;-13.86;-14.05;-13.85;-13.38;-12.71;-12.09;-11.74;-11.89;-12.70;-13.84;-14.95;-15.64;-15.66;-15.19;-14.45;-13.70;-13.12;-12.73;-12.46;-12.23;-12.03;-11.78;-11.46;-11.08;-10.62;-10.20;-9.86;-9.64;-9.44;-9.18;-8.70;-7.86;-6.70;-5.30;-3.90;-2.71;-1.90;-1.32;-0.75;
Apical;0.00;-0.10;-0.66;-0.85;-0.09;1.43;3.11;4.51;5.14;4.35;2.74;0.74;-1.23;-2.73;-3.87;-4.76;-5.49;-6.31;-7.12;-7.96;-8.86;-9.70;-10.54;-11.24;-11.72;-11.89;-11.86;-11.80;-11.84;-12.24;-12.73;-13.15;-13.38;-13.58;-13.48;-13.17;-12.76;-12.30;-12.01;-12.03;-12.51;-13.39;-14.50;-15.52;-16.16;-16.13;-15.62;-14.77;-13.71;-12.43;-11.24;-10.35;-9.98;-10.44;-11.28;-12.19;-12.79;-12.68;-12.19;-11.55;-10.98;-10.65;-10.53;-10.54;-10.58;-10.58;-10.50;-10.32;-10.05;-9.62;-9.17;-8.73;-8.46;-8.38;-8.33;-8.07;-7.39;-6.23;-4.73;-3.20;-1.91;-1.18;-0.74;-0.40;

----------------------------------------------------------


