PatientInformation
==========================================================
PatientID;No patientID
Name;,,
Date of Birth;
Sex;
Version;AutoStrainCap2 2.1.0.491925

Results
==========================================================
Global
----------------------------------------------------------
RVFWSL;-16.73;%
RV4CSL;-12.19;%
ED;0.00;ms
ES;339.91;ms

Curves
==========================================================
Longitudinal Strain
Unit [%]
Time [ms];0.00;10.36;20.73;31.09;41.45;51.82;62.18;72.54;82.91;93.27;103.63;114.00;124.36;134.72;145.08;155.45;165.81;176.17;186.54;196.90;207.26;217.63;227.99;238.35;248.72;259.08;269.44;279.81;290.17;300.53;310.90;321.26;331.62;341.99;352.35;362.71;373.08;383.44;393.80;404.16;414.53;424.89;435.25;445.62;455.98;466.34;476.71;487.07;497.43;507.80;518.16;528.52;538.89;549.25;559.61;569.98;580.34;590.70;601.07;611.43;621.79;632.16;642.52;652.88;663.24;673.61;
Basal;0.00;0.50;0.12;-1.44;-2.86;-4.21;-5.43;-6.90;-7.90;-8.09;-7.07;-5.42;-3.91;-2.75;-2.29;-2.23;-3.07;-4.32;-6.20;-8.54;-10.96;-12.77;-13.52;-13.68;-13.86;-14.69;-15.70;-16.47;-16.39;-15.98;-15.59;-16.00;-16.41;-16.43;-15.57;-14.51;-13.70;-14.09;-14.66;-15.00;-14.28;-13.19;-12.00;-11.43;-11.09;-10.91;-10.73;-10.35;-9.54;-7.72;-5.53;-3.41;-2.06;-1.23;-0.84;-0.94;-1.14;-1.22;-0.82;-0.27;0.26;0.58;0.73;0.73;0.35;0.03;
Mid;0.00;1.04;1.10;-0.20;-1.15;-1.92;-2.67;-3.79;-4.62;-4.83;-4.15;-3.07;-2.31;-2.38;-3.07;-3.72;-4.22;-4.69;-5.69;-7.27;-9.09;-10.47;-11.32;-11.65;-12.01;-12.62;-13.47;-14.34;-15.18;-15.82;-16.22;-16.59;-16.69;-16.60;-16.46;-16.31;-16.19;-16.10;-15.91;-15.49;-14.58;-13.44;-12.17;-11.07;-10.03;-9.02;-8.06;-7.00;-5.87;-4.55;-3.17;-1.84;-0.84;-0.15;0.24;0.33;0.34;0.43;0.83;1.30;1.62;1.60;1.33;0.90;0.28;-0.16;
Apical;0.00;0.82;0.47;-1.43;-2.59;-3.36;-4.00;-5.11;-5.97;-6.28;-5.81;-4.99;-4.48;-4.24;-4.47;-4.61;-4.95;-5.26;-6.04;-7.48;-9.21;-10.64;-11.47;-11.85;-12.15;-12.72;-13.48;-14.35;-15.32;-16.16;-16.76;-17.04;-16.99;-16.71;-16.13;-15.57;-15.15;-15.08;-15.06;-14.96;-14.44;-13.73;-12.86;-12.14;-11.39;-10.63;-9.94;-9.20;-8.42;-7.43;-6.38;-5.33;-4.52;-3.88;-3.37;-3.05;-2.73;-2.33;-1.70;-1.06;-0.56;-0.26;-0.16;-0.19;-0.45;-0.52;

----------------------------------------------------------


