PatientInformation
==========================================================
PatientID;No patientID
Name;,,
Date of Birth;
Sex;
Version;AutoStrainCap2 2.1.0.491925

Results
==========================================================
Global
----------------------------------------------------------
LaSr_ED;25.23;%
LaScd_ED;-16.23;%
LaSct_ED;-9.00;%
LaSr_AC;23.14;%
LaScd_AC;-14.89;%
LaSct_AC;-8.26;%
ED;0.00;ms
ES;378.44;ms
PreA;540.35;ms

Curves
==========================================================
Longitudinal Strain
Unit [%]
Time [ms];0.00;19.51;39.01;58.52;78.03;97.54;117.04;136.55;156.06;175.56;195.07;214.58;234.09;253.59;273.10;292.61;312.12;331.62;351.13;370.64;390.14;409.65;429.16;448.67;468.17;487.68;507.19;526.69;546.20;565.71;585.22;604.72;624.23;643.74;663.24;682.75;
LAS_ED;0.00;-0.28;1.42;2.41;4.30;6.78;8.28;10.60;12.32;13.86;15.71;17.74;19.05;20.94;22.51;23.88;23.50;23.71;24.29;25.14;25.14;24.41;21.10;17.43;14.80;11.02;9.35;9.10;9.04;9.68;10.26;10.92;9.49;6.48;2.57;-0.77;
LAS_AC;-8.29;-8.55;-6.99;-6.08;-4.35;-2.07;-0.70;1.42;3.00;4.42;6.11;7.98;9.18;10.91;12.35;13.60;13.26;13.45;13.98;14.76;14.76;14.10;11.06;7.69;5.28;1.81;0.28;0.05;0.00;0.59;1.12;1.72;0.41;-2.35;-5.94;-9.00;

----------------------------------------------------------


