PatientInformation
==========================================================
PatientID;No patientID
Name;,,
Date of Birth;
Sex;
Version;AutoStrainCap2 2.1.0.491925

Results
==========================================================
Global
----------------------------------------------------------
RVFWSL;-30.26;%
RV4CSL;-23.60;%
ED;0.00;ms
ES;304.52;ms

Curves
==========================================================
Longitudinal Strain
Unit [%]
Time [ms];0.00;11.49;22.98;34.47;45.96;57.46;68.95;80.44;91.93;103.42;114.91;126.40;137.89;149.39;160.88;172.37;183.86;195.35;206.84;218.33;229.82;241.32;252.81;264.30;275.79;287.28;298.77;310.26;321.75;333.24;344.74;356.23;367.72;379.21;390.70;402.19;413.68;425.17;436.67;448.16;459.65;471.14;482.63;494.12;505.61;517.10;528.60;540.09;551.58;563.07;574.56;586.05;597.54;609.03;620.52;632.02;643.51;655.00;666.49;677.98;689.47;700.96;712.45;723.95;
Basal;0.00;-1.98;-3.88;-5.90;-7.61;-9.15;-10.41;-11.30;-12.14;-13.14;-14.98;-17.09;-19.35;-21.61;-23.86;-26.15;-28.33;-30.47;-32.46;-34.31;-35.89;-37.13;-37.98;-38.55;-39.01;-39.55;-39.90;-39.79;-38.53;-36.56;-34.14;-32.02;-29.94;-27.92;-25.96;-24.12;-22.42;-21.02;-19.77;-18.62;-17.35;-16.21;-15.33;-14.72;-14.44;-14.40;-14.60;-14.58;-14.01;-12.65;-10.97;-9.54;-8.85;-8.44;-7.89;-6.66;-5.22;-3.69;-2.64;-1.64;-0.86;0.05;0.59;0.83;
Mid;0.00;-1.15;-2.57;-4.18;-5.36;-6.48;-7.66;-9.33;-11.05;-12.53;-13.68;-14.60;-15.53;-16.69;-17.98;-19.45;-21.04;-22.73;-24.37;-25.94;-27.22;-28.04;-28.26;-28.12;-27.87;-27.84;-27.72;-27.34;-26.16;-24.49;-22.45;-20.53;-18.59;-16.69;-14.91;-13.23;-11.68;-10.39;-9.23;-8.17;-7.03;-6.02;-5.23;-4.62;-4.43;-4.83;-6.21;-7.78;-9.03;-9.55;-9.62;-9.44;-9.05;-8.50;-7.79;-6.76;-5.64;-4.42;-3.43;-2.49;-1.69;-0.89;-0.34;0.08;
Apical;0.00;-1.50;-2.87;-4.41;-5.60;-6.89;-8.18;-9.66;-11.06;-12.08;-13.06;-13.63;-14.06;-14.52;-15.02;-15.73;-16.61;-17.69;-18.78;-19.93;-20.86;-21.50;-21.80;-21.84;-21.73;-21.83;-21.78;-21.58;-20.29;-18.68;-16.72;-15.17;-13.57;-12.02;-10.53;-9.08;-7.69;-6.56;-5.53;-4.62;-3.56;-2.70;-2.14;-1.73;-1.77;-2.29;-3.60;-5.00;-6.11;-6.63;-6.73;-6.64;-6.58;-6.41;-6.02;-5.23;-4.28;-3.24;-2.42;-1.61;-0.87;-0.10;0.42;0.65;

----------------------------------------------------------


