PatientInformation
==========================================================
PatientID;No patientID
Name;,,
Date of Birth;
Sex;
Version;AutoStrainCap2 2.1.0.491925

Results
==========================================================
Global
----------------------------------------------------------
LaSr_ED;27.17;%
LaScd_ED;-16.66;%
LaSct_ED;-10.51;%
LaSr_AC;24.61;%
LaScd_AC;-15.09;%
LaSct_AC;-9.52;%
ED;0.00;ms
ES;376.49;ms
PreA;569.61;ms

Curves
==========================================================
Longitudinal Strain
Unit [%]
Time [ms];0.00;19.51;39.01;58.52;78.03;97.54;117.04;136.55;156.06;175.56;195.07;214.58;234.09;253.59;273.10;292.61;312.12;331.62;351.13;370.64;390.14;409.65;429.16;448.67;468.17;487.68;507.19;526.69;546.20;565.71;585.22;604.72;624.23;643.74;663.24;682.75;702.26;721.77;741.27;
LAS_ED;0.00;-0.09;0.68;1.77;4.29;8.91;13.71;17.02;19.40;21.89;23.31;23.23;22.99;23.96;25.11;25.09;25.02;25.87;26.75;27.15;27.13;26.97;25.42;22.88;19.25;15.67;12.80;11.05;10.18;10.40;11.03;11.54;10.34;5.52;0.02;-4.01;-5.34;-3.53;-0.43;
LAS_AC;-9.42;-9.50;-8.80;-7.82;-5.53;-1.34;3.00;6.00;8.15;10.41;11.69;11.62;11.41;12.28;13.33;13.31;13.25;14.01;14.81;15.17;15.15;15.01;13.61;11.30;8.02;4.77;2.18;0.59;-0.20;0.00;0.57;1.03;-0.05;-4.42;-9.40;-13.05;-14.26;-12.62;-9.81;

----------------------------------------------------------


