PatientInformation
==========================================================
PatientID;No patientID
Name;,,
Date of Birth;
Sex;
Version;AutoStrainCap2 2.1.0.491925

Results
==========================================================
Global
----------------------------------------------------------
RVFWSL;-24.10;%
RV4CSL;-21.42;%
ED;0.00;ms
ES;364.78;ms

Curves
==========================================================
Longitudinal Strain
Unit [%]
Time [ms];0.00;19.51;39.01;58.52;78.03;97.54;117.04;136.55;156.06;175.56;195.07;214.58;234.09;253.59;273.10;292.61;312.12;331.62;351.13;370.64;390.14;409.65;429.16;448.67;468.17;487.68;507.19;526.69;546.20;565.71;585.22;604.72;624.23;643.74;663.24;682.75;702.26;721.77;741.27;
Basal;0.00;-2.52;-6.25;-9.07;-11.21;-13.14;-14.62;-15.47;-15.77;-15.99;-16.14;-16.64;-17.64;-19.17;-20.53;-21.04;-21.84;-22.22;-22.60;-23.54;-24.17;-24.01;-23.46;-22.72;-21.92;-21.28;-20.65;-20.39;-19.83;-18.65;-17.89;-18.71;-18.43;-14.03;-8.41;-4.70;-2.71;-1.92;-1.52;
Mid;0.00;-2.59;-6.36;-9.29;-11.68;-13.82;-15.51;-16.56;-16.97;-17.08;-16.99;-17.66;-18.74;-19.71;-20.57;-21.50;-22.75;-23.50;-23.98;-23.77;-23.09;-22.10;-21.11;-20.85;-20.80;-20.77;-20.65;-20.66;-20.17;-18.72;-17.57;-17.98;-17.47;-13.74;-8.92;-5.43;-3.41;-2.38;-1.73;
Apical;0.00;-2.52;-6.56;-9.68;-12.39;-15.09;-17.34;-18.84;-19.49;-19.48;-19.17;-19.61;-20.50;-21.75;-22.98;-23.86;-24.31;-24.41;-24.35;-24.04;-23.38;-22.43;-21.55;-21.18;-21.07;-21.38;-21.64;-22.00;-21.73;-20.36;-19.05;-19.00;-18.12;-14.40;-9.74;-6.12;-4.04;-3.18;-2.44;

----------------------------------------------------------


