PatientInformation
==========================================================
PatientID;No patientID
Name;,,
Date of Birth;
Sex;
Version;AutoStrainCap2 2.1.0.491925

Results
==========================================================
Global
----------------------------------------------------------
LaSr_ED;6.49;%
LaScd_ED;-9.21;%
LaSct_ED;2.72;%
LaSr_AC;6.67;%
LaScd_AC;-9.47;%
LaSct_AC;2.79;%
ED;0.00;ms
ES;345.60;ms
PreA;576.00;ms

Curves
==========================================================
Longitudinal Strain
Unit [%]
Time [ms];0.00;23.04;46.08;69.12;92.16;115.20;138.24;161.28;184.32;207.36;230.40;253.44;276.48;299.52;322.56;345.60;368.64;391.68;414.72;437.76;460.80;483.84;506.88;529.92;552.96;576.00;599.04;622.08;645.12;668.16;691.20;714.24;737.28;760.32;783.36;
LAS_ED;0.00;1.07;1.04;1.19;1.09;1.30;2.33;3.50;4.30;4.33;4.74;5.34;5.35;5.75;6.03;6.49;6.09;5.81;5.11;3.15;-0.18;-2.17;-3.01;-3.29;-3.13;-2.72;-2.20;-2.49;-2.82;-2.87;-2.59;-2.07;-1.42;-1.20;-0.61;
LAS_AC;2.79;3.89;3.86;4.01;3.91;4.13;5.19;6.39;7.21;7.25;7.67;8.29;8.29;8.71;9.00;9.47;9.05;8.77;8.05;6.03;2.61;0.56;-0.30;-0.59;-0.42;0.00;0.53;0.23;-0.10;-0.15;0.13;0.67;1.33;1.56;2.17;

----------------------------------------------------------


