PatientInformation
==========================================================
PatientID;No patientID
Name;,,
Date of Birth;
Sex;
Version;AutoStrainCap2 2.1.0.491925

Results
==========================================================
Global
----------------------------------------------------------
RVFWSL;-17.10;%
RV4CSL;-11.30;%
ED;0.00;ms
ES;324.82;ms

Curves
==========================================================
Longitudinal Strain
Unit [%]
Time [ms];0.00;20.43;40.86;61.29;81.72;102.14;122.57;143.00;163.43;183.86;204.29;224.72;245.15;265.57;286.00;306.43;326.86;347.29;367.72;388.15;408.58;429.01;449.43;469.86;490.29;510.72;531.15;
Basal;0.00;-2.17;-3.96;-7.35;-9.47;-9.48;-9.52;-10.48;-11.51;-12.54;-13.57;-14.35;-14.68;-15.46;-15.95;-15.96;-15.66;-14.81;-14.75;-13.99;-12.65;-11.63;-8.25;-4.71;-3.34;-1.97;-0.64;
Mid;0.00;-2.28;-5.02;-8.46;-9.93;-10.18;-10.54;-11.49;-12.55;-13.71;-14.86;-15.81;-16.66;-17.61;-18.13;-18.16;-18.02;-16.92;-16.37;-15.87;-14.46;-12.87;-9.43;-6.42;-4.47;-2.61;-0.80;
Apical;0.00;-2.48;-5.09;-8.89;-10.80;-10.92;-10.96;-11.71;-12.62;-13.49;-14.33;-15.00;-15.47;-16.08;-16.35;-16.10;-15.85;-14.53;-14.27;-13.76;-12.63;-11.44;-8.79;-6.09;-4.35;-2.48;-0.79;

----------------------------------------------------------


