PatientInformation
==========================================================
PatientID;No patientID
Name;,,
Date of Birth;
Sex;
Version;AutoStrainCap2 2.1.0.491925

Results
==========================================================
Global
----------------------------------------------------------
LaSr_ED;5.51;%
LaScd_ED;-8.30;%
LaSct_ED;2.79;%
LaSr_AC;5.67;%
LaScd_AC;-8.54;%
LaSct_AC;2.87;%
ED;0.00;ms
ES;367.72;ms
PreA;715.01;ms

Curves
==========================================================
Longitudinal Strain
Unit [%]
Time [ms];0.00;20.43;40.86;61.29;81.72;102.14;122.57;143.00;163.43;183.86;204.29;224.72;245.15;265.57;286.00;306.43;326.86;347.29;367.72;388.15;408.58;429.00;449.43;469.86;490.29;510.72;531.15;551.58;572.01;592.44;612.86;633.29;653.72;674.15;694.58;715.01;735.44;755.87;776.29;796.72;817.15;837.58;858.01;878.44;898.87;919.30;939.73;960.15;980.58;1001.01;1021.44;1041.87;
LAS_ED;0.00;0.70;-5.70;-7.07;-6.46;-6.09;-6.34;-7.41;-8.28;-8.34;-7.37;-5.84;-3.33;-0.57;1.38;1.93;2.51;4.28;5.51;4.56;3.19;3.24;3.02;0.94;-0.68;-2.99;-4.77;-5.32;-5.52;-6.33;-6.87;-6.83;-5.93;-4.74;-3.51;-2.79;-2.33;-2.01;-1.28;0.48;2.34;3.30;3.70;3.15;2.80;3.68;3.58;0.53;-3.11;-4.86;-5.03;-4.08;
LAS_AC;2.87;3.59;-2.99;-4.40;-3.78;-3.39;-3.65;-4.75;-5.64;-5.71;-4.71;-3.13;-0.56;2.29;4.30;4.86;5.45;7.28;8.54;7.56;6.16;6.21;5.98;3.84;2.17;-0.20;-2.03;-2.60;-2.80;-3.64;-4.19;-4.15;-3.23;-2.00;-0.74;0.00;0.48;0.80;1.56;3.37;5.28;6.27;6.68;6.11;5.76;6.66;6.56;3.42;-0.33;-2.12;-2.30;-1.33;

----------------------------------------------------------


