PatientInformation
==========================================================
PatientID;No patientID
Name;,,
Date of Birth;
Sex;
Version;AutoStrainCap2 2.1.0.491925

Results
==========================================================
Global
----------------------------------------------------------
RVFWSL;-27.58;%
RV4CSL;-20.79;%
ED;0.00;ms
ES;288.05;ms

Curves
==========================================================
Longitudinal Strain
Unit [%]
Time [ms];0.00;20.43;40.86;61.29;81.72;102.14;122.57;143.00;163.43;183.86;204.29;224.72;245.15;265.57;286.00;306.43;326.86;347.29;367.72;388.15;408.58;429.00;449.43;469.86;490.29;510.72;531.15;551.58;572.01;592.44;612.86;633.29;653.72;674.15;694.58;715.01;735.44;755.87;776.29;796.72;817.15;837.58;858.01;878.44;898.87;919.30;939.73;960.15;980.58;1001.01;1021.44;1041.87;
Basal;0.00;-2.79;-6.24;-10.60;-15.05;-19.04;-22.28;-24.43;-25.93;-26.71;-26.97;-27.15;-27.00;-26.42;-25.46;-24.11;-22.44;-20.50;-18.50;-16.64;-14.76;-12.88;-11.11;-9.49;-8.41;-8.13;-7.73;-6.42;-4.70;-3.12;-1.43;0.47;2.17;3.13;3.46;3.20;2.72;2.31;1.93;1.51;1.02;0.47;0.10;0.18;0.53;0.98;1.45;1.90;2.23;2.33;2.07;1.39;
Mid;0.00;-2.45;-5.58;-9.68;-13.97;-17.99;-21.56;-24.34;-26.58;-28.07;-28.99;-29.68;-30.03;-30.00;-29.64;-28.89;-27.83;-26.52;-24.89;-22.64;-20.16;-17.89;-15.80;-14.00;-12.88;-12.90;-12.72;-11.11;-9.05;-7.27;-5.48;-3.75;-2.23;-1.37;-1.04;-1.17;-1.48;-1.67;-1.85;-2.11;-2.46;-2.89;-3.16;-2.95;-2.43;-1.82;-1.14;-0.34;0.41;0.93;1.14;0.94;
Apical;0.00;-2.47;-5.09;-8.76;-12.56;-16.19;-19.29;-21.17;-22.61;-23.60;-24.20;-24.84;-25.28;-25.42;-25.36;-25.07;-24.58;-23.79;-22.82;-21.73;-20.46;-19.25;-18.06;-16.86;-15.94;-15.18;-14.27;-12.61;-10.81;-9.24;-7.69;-6.11;-4.66;-3.76;-3.29;-3.30;-3.51;-3.72;-3.92;-4.15;-4.42;-4.68;-4.82;-4.63;-4.13;-3.33;-2.40;-1.49;-0.64;0.04;0.47;0.66;

----------------------------------------------------------


