PatientInformation
==========================================================
PatientID;No patientID
Name;,,
Date of Birth;
Sex;
Version;AutoStrainCap2 2.1.0.491925

Results
==========================================================
Global
----------------------------------------------------------
LaSr_ED;25.27;%
LaScd_ED;-17.94;%
LaSct_ED;-7.32;%
LaSr_AC;23.54;%
LaScd_AC;-16.72;%
LaSct_AC;-6.82;%
ED;0.00;ms
ES;465.48;ms
PreA;824.63;ms

Curves
==========================================================
Longitudinal Strain
Unit [%]
Time [ms];0.00;10.85;21.70;32.55;43.40;54.25;65.10;75.95;86.80;97.65;108.50;119.35;130.20;141.06;151.91;162.76;173.61;184.46;195.31;206.16;217.01;227.86;238.71;249.56;260.41;271.26;282.11;292.96;303.81;314.66;325.51;336.36;347.21;358.06;368.91;379.76;390.61;401.46;412.31;423.17;434.02;444.87;455.72;466.57;477.42;488.27;499.12;509.97;520.82;531.67;542.52;553.37;564.22;575.07;585.92;596.77;607.62;618.47;629.32;640.17;651.02;661.87;672.72;683.57;694.43;705.28;716.13;726.98;737.83;748.68;759.53;770.38;781.23;792.08;802.93;813.78;824.63;835.48;846.33;857.18;868.03;878.88;889.73;900.58;911.43;922.28;933.13;943.98;954.83;965.69;976.54;987.39;998.24;1009.09;1019.94;1030.79;1041.64;1052.49;1063.34;1074.19;1085.04;1095.89;1106.74;1117.59;1128.44;1139.29;1150.14;1160.99;1171.84;
LAS_ED;0.00;-0.94;-1.64;-2.31;-2.77;-3.18;-3.69;-3.88;-3.52;-2.74;-1.66;-0.68;0.32;1.24;2.20;3.17;4.52;5.75;6.80;7.66;8.51;9.09;9.93;10.90;12.03;13.16;14.33;15.41;16.50;17.44;18.35;18.96;19.55;19.99;20.46;20.92;21.53;22.15;22.80;23.44;24.05;24.66;25.10;25.26;24.98;24.93;24.13;22.92;21.43;19.91;18.33;17.15;15.91;14.84;13.73;13.00;12.30;11.99;11.74;11.56;11.19;10.43;9.54;8.66;7.97;7.47;7.36;7.41;7.67;7.91;8.28;8.14;8.03;7.78;7.57;7.32;7.32;7.40;7.58;7.91;8.23;8.80;9.28;9.93;10.38;11.06;11.22;11.56;11.68;11.79;11.83;11.70;11.51;11.09;10.47;9.41;8.13;6.55;5.18;3.76;3.10;1.46;0.83;0.42;0.73;0.88;0.98;0.64;0.40;
LAS_AC;-6.82;-7.70;-8.35;-8.97;-9.40;-9.79;-10.26;-10.43;-10.10;-9.38;-8.37;-7.45;-6.53;-5.67;-4.77;-3.87;-2.61;-1.47;-0.48;0.32;1.10;1.65;2.43;3.33;4.39;5.44;6.53;7.54;8.56;9.43;10.27;10.85;11.39;11.80;12.25;12.67;13.24;13.82;14.42;15.02;15.58;16.16;16.56;16.71;16.46;16.41;15.66;14.53;13.14;11.73;10.26;9.16;8.01;7.01;5.97;5.29;4.64;4.35;4.12;3.94;3.61;2.90;2.07;1.25;0.60;0.14;0.04;0.09;0.32;0.55;0.90;0.76;0.66;0.43;0.23;-0.00;0.00;0.07;0.24;0.54;0.84;1.38;1.83;2.43;2.85;3.48;3.63;3.95;4.06;4.16;4.20;4.08;3.90;3.51;2.94;1.94;0.76;-0.72;-1.99;-3.32;-3.94;-5.46;-6.05;-6.43;-6.14;-6.00;-5.91;-6.23;-6.45;

----------------------------------------------------------


