PatientInformation
==========================================================
PatientID;No patientID
Name;,,
Date of Birth;
Sex;
Version;AutoStrainCap2 2.1.0.491925

Results
==========================================================
Global
----------------------------------------------------------
RVFWSL;-34.18;%
RV4CSL;-34.00;%
ED;0.00;ms
ES;305.99;ms

Curves
==========================================================
Longitudinal Strain
Unit [%]
Time [ms];0.00;8.07;16.15;24.22;32.29;40.37;48.44;56.52;64.59;72.66;80.74;88.81;96.88;104.96;113.03;121.10;129.18;137.25;145.32;153.40;161.47;169.55;177.62;185.69;193.77;201.84;209.91;217.99;226.06;234.13;242.21;250.28;258.36;266.43;274.50;282.58;290.65;298.72;306.80;314.87;322.94;331.02;339.09;347.16;355.24;363.31;371.39;379.46;387.53;395.61;403.68;411.75;419.83;427.90;435.97;444.05;452.12;460.20;468.27;476.34;484.42;492.49;500.56;508.64;516.71;524.78;532.86;540.93;549.00;557.08;565.15;573.23;581.30;589.37;597.45;605.52;613.59;621.67;629.74;637.81;645.89;653.96;662.04;670.11;678.18;686.26;694.33;702.40;710.48;718.55;726.62;734.70;742.77;750.84;758.92;766.99;775.07;783.14;791.21;799.29;807.36;815.43;823.51;831.58;839.65;847.73;855.80;863.88;871.95;880.02;888.10;896.17;904.24;912.32;920.39;928.46;936.54;944.61;952.68;960.76;968.83;976.91;984.98;993.05;1001.13;1009.20;1017.27;1025.35;1033.42;1041.49;1049.57;1057.64;1065.72;1073.79;1081.86;1089.94;1098.01;1106.08;1114.16;1122.23;1130.30;1138.38;1146.45;1154.52;1162.60;1170.67;1178.75;1186.82;1194.89;1202.97;1211.04;1219.11;1227.19;1235.26;1243.33;1251.41;1259.48;1267.56;
Basal;0.00;1.80;3.58;3.33;1.77;-0.73;-3.68;-6.68;-9.05;-11.08;-12.77;-14.16;-15.26;-16.08;-16.61;-16.94;-17.08;-17.14;-17.22;-17.40;-17.78;-18.46;-19.73;-21.30;-23.12;-25.06;-27.09;-29.11;-31.08;-33.09;-34.95;-36.65;-38.18;-39.51;-40.63;-41.54;-41.92;-42.12;-42.17;-42.08;-41.94;-41.71;-41.46;-41.00;-40.54;-39.99;-39.41;-38.72;-37.97;-37.16;-36.37;-35.55;-34.68;-33.73;-32.75;-31.71;-30.65;-29.44;-28.23;-27.02;-25.86;-24.76;-23.71;-22.82;-21.74;-20.75;-19.73;-18.68;-17.57;-16.42;-15.20;-14.26;-13.33;-12.46;-11.70;-11.06;-10.60;-10.31;-10.34;-10.48;-10.72;-10.93;-11.06;-11.01;-10.70;-9.93;-8.93;-7.80;-6.65;-5.59;-4.72;-4.16;-3.76;-3.68;-3.79;-4.01;-4.27;-4.49;-4.62;-4.99;-5.22;-5.34;-5.37;-5.32;-5.23;-5.09;-4.97;-4.82;-4.69;-4.56;-4.47;-4.39;-4.35;-4.30;-4.28;-4.27;-4.28;-4.29;-4.30;-4.31;-4.31;-4.33;-4.35;-4.39;-4.47;-4.58;-4.75;-5.00;-5.26;-5.49;-5.63;-5.64;-5.46;-5.03;-4.20;-3.16;-1.96;-0.73;0.47;1.51;2.29;2.62;2.70;2.61;2.48;2.40;2.47;2.84;3.56;4.52;5.47;6.25;6.68;6.62;5.86;4.36;2.51;0.91;
Mid;0.00;2.36;4.78;5.36;4.59;2.92;0.69;-1.65;-4.05;-6.15;-8.03;-9.60;-10.93;-11.99;-12.80;-13.36;-13.77;-14.11;-14.45;-14.88;-15.44;-16.22;-17.23;-18.48;-19.87;-21.38;-22.92;-24.47;-25.89;-27.15;-28.21;-29.13;-29.86;-30.43;-30.78;-30.99;-30.95;-30.80;-30.51;-30.16;-29.79;-29.50;-29.35;-29.60;-30.00;-30.47;-30.91;-31.26;-31.42;-31.26;-30.25;-28.90;-27.34;-25.68;-23.99;-22.34;-20.89;-20.14;-19.61;-19.19;-18.81;-18.45;-18.05;-17.55;-16.68;-15.65;-14.50;-13.28;-12.01;-10.74;-9.51;-8.53;-7.63;-6.88;-6.24;-5.78;-5.47;-5.39;-5.49;-5.75;-6.10;-6.46;-6.77;-6.95;-6.97;-6.73;-6.34;-5.86;-5.37;-4.96;-4.71;-4.72;-4.86;-5.25;-5.80;-6.42;-7.05;-7.62;-7.96;-8.20;-8.17;-8.00;-7.75;-7.44;-7.14;-6.89;-6.78;-6.74;-6.76;-6.81;-6.88;-6.92;-6.92;-6.88;-6.78;-6.66;-6.51;-6.36;-6.20;-6.06;-5.95;-5.86;-5.79;-5.74;-5.72;-5.73;-5.78;-5.90;-6.02;-6.10;-6.12;-6.01;-5.75;-5.31;-4.76;-4.03;-3.19;-2.28;-1.36;-0.47;0.34;1.13;1.85;2.50;3.14;3.80;4.50;5.32;6.11;6.94;7.64;8.12;8.22;7.84;6.78;4.95;2.85;1.02;
Apical;0.00;2.36;4.68;4.83;3.62;1.49;-1.10;-3.65;-5.65;-7.22;-8.46;-9.41;-10.13;-10.65;-11.01;-11.29;-11.50;-11.69;-11.91;-12.18;-12.56;-13.10;-14.08;-15.22;-16.46;-17.77;-19.10;-20.44;-21.72;-23.21;-24.59;-25.88;-27.02;-28.01;-28.80;-29.40;-29.30;-29.04;-28.65;-28.22;-27.77;-27.38;-27.08;-26.82;-26.64;-26.53;-26.42;-26.29;-26.08;-25.83;-25.58;-25.27;-24.83;-24.33;-23.74;-23.14;-22.49;-22.01;-21.49;-20.97;-20.38;-19.78;-19.06;-18.37;-17.06;-15.72;-14.23;-12.68;-11.05;-9.41;-7.73;-6.44;-5.18;-4.05;-3.06;-2.24;-1.62;-1.21;-1.14;-1.25;-1.50;-1.82;-2.15;-2.42;-2.61;-2.50;-2.28;-1.96;-1.60;-1.23;-0.90;-0.68;-0.17;0.22;0.58;0.92;1.26;1.61;1.99;1.83;1.71;1.58;1.43;1.27;1.05;0.79;0.35;-0.11;-0.64;-1.17;-1.71;-2.21;-2.66;-2.94;-3.16;-3.31;-3.44;-3.55;-3.64;-3.76;-3.88;-4.03;-4.19;-4.37;-4.56;-4.77;-5.00;-5.30;-5.60;-5.88;-6.11;-6.26;-6.30;-6.19;-5.79;-5.23;-4.55;-3.78;-2.95;-2.11;-1.30;-0.62;0.02;0.65;1.30;2.00;2.75;3.65;4.57;5.56;6.39;6.96;7.14;6.84;5.86;4.24;2.35;0.77;

----------------------------------------------------------


