PatientInformation
==========================================================
PatientID;No patientID
Name;,,
Date of Birth;
Sex;
Version;AutoStrainCap2 2.1.0.491925

Results
==========================================================
Global
----------------------------------------------------------
LaSr_ED;31.90;%
LaScd_ED;-6.66;%
LaSct_ED;-25.24;%
LaSr_AC;25.38;%
LaScd_AC;-5.30;%
LaSct_AC;-20.09;%
ED;0.00;ms
ES;330.12;ms
PreA;525.87;ms

Curves
==========================================================
Longitudinal Strain
Unit [%]
Time [ms];0.00;8.29;16.59;24.88;33.18;41.47;49.77;58.06;66.36;74.65;82.94;91.24;99.53;107.83;116.12;124.42;132.71;141.00;149.30;157.59;165.89;174.18;182.48;190.77;199.07;207.36;215.65;223.95;232.24;240.54;248.83;257.13;265.42;273.72;282.01;290.30;298.60;306.89;315.19;323.48;331.78;340.07;348.36;356.66;364.95;373.25;381.54;389.84;398.13;406.43;414.72;423.01;431.31;439.60;447.90;456.19;464.49;472.78;481.08;489.37;497.66;505.96;514.25;522.55;530.84;539.14;547.43;555.72;564.02;572.31;580.61;588.90;597.20;605.49;613.79;622.08;630.37;638.67;646.96;655.26;663.55;671.85;680.14;688.44;696.73;705.02;713.32;
LAS_ED;0.00;0.02;-0.08;0.18;0.93;2.28;4.13;6.34;8.34;10.08;11.27;12.13;12.80;13.21;13.71;14.22;14.99;15.69;16.59;17.43;18.15;18.70;19.16;19.69;20.43;21.34;22.42;23.44;24.22;24.57;24.73;24.88;25.32;26.11;27.29;28.49;29.81;30.63;31.38;31.74;31.89;31.47;30.93;30.39;30.08;30.33;30.73;31.06;30.96;30.83;30.22;29.41;28.62;27.71;27.01;26.54;26.41;26.68;27.17;27.60;27.82;27.39;26.66;25.67;24.60;23.58;22.57;21.51;20.37;18.99;17.40;15.51;13.40;10.51;7.64;4.98;2.81;1.58;0.92;0.63;0.56;-0.34;-1.05;-1.73;-1.63;-1.53;-0.81;
LAS_AC;-20.43;-20.41;-20.49;-20.29;-19.69;-18.61;-17.14;-15.38;-13.79;-12.41;-11.46;-10.78;-10.24;-9.92;-9.52;-9.11;-8.50;-7.94;-7.22;-6.56;-5.98;-5.55;-5.18;-4.76;-4.17;-3.44;-2.58;-1.77;-1.15;-0.87;-0.75;-0.63;-0.28;0.35;1.29;2.24;3.29;3.94;4.54;4.83;4.95;4.61;4.19;3.76;3.51;3.71;4.02;4.29;4.21;4.10;3.62;2.98;2.35;1.62;1.07;0.69;0.59;0.80;1.19;1.54;1.71;1.37;0.79;0.00;-0.85;-1.66;-2.46;-3.31;-4.21;-5.31;-6.58;-8.08;-9.77;-12.06;-14.35;-16.47;-18.19;-19.17;-19.69;-19.93;-19.98;-20.70;-21.26;-21.80;-21.72;-21.64;-21.07;

----------------------------------------------------------


