PatientInformation
==========================================================
PatientID;No patientID
Name;,,
Date of Birth;
Sex;
Version;AutoStrainCap2 2.1.0.491925

Results
==========================================================
Global
----------------------------------------------------------
RVFWSL;-15.78;%
RV4CSL;-19.20;%
ED;0.00;ms
ES;196.90;ms

Curves
==========================================================
Longitudinal Strain
Unit [%]
Time [ms];0.00;10.36;20.73;31.09;41.45;51.82;62.18;72.54;82.91;93.27;103.63;114.00;124.36;134.72;145.08;155.45;165.81;176.17;186.54;196.90;207.26;217.63;227.99;238.35;248.72;259.08;269.44;279.81;290.17;300.53;310.90;321.26;331.62;341.99;352.35;362.71;373.07;383.44;393.80;404.16;414.53;424.89;435.25;445.62;455.98;466.34;476.71;487.07;497.43;507.80;518.16;528.52;538.89;549.25;559.61;569.98;580.34;590.70;601.07;611.43;621.79;632.15;642.52;652.88;663.24;673.61;683.97;
Basal;0.00;-2.40;-3.56;-3.89;-4.21;-4.61;-5.38;-6.88;-8.58;-10.08;-10.75;-11.06;-11.16;-11.49;-11.88;-12.57;-13.32;-14.14;-14.52;-14.25;-13.34;-12.16;-11.15;-9.97;-8.31;-7.29;-6.03;-5.04;-5.16;-5.57;-5.87;-5.60;-4.58;-2.48;1.03;5.35;9.93;14.19;17.94;20.79;21.88;22.03;21.63;21.47;20.97;19.94;17.95;15.81;14.08;13.51;13.42;13.36;12.73;11.88;10.98;10.29;9.77;9.45;9.46;9.54;9.52;9.14;8.49;7.66;6.76;5.48;3.37;
Mid;0.00;-1.97;-3.11;-3.58;-4.01;-4.44;-5.15;-6.46;-7.89;-9.10;-9.58;-9.71;-9.66;-9.79;-9.99;-10.44;-10.89;-11.42;-11.72;-11.88;-11.69;-11.30;-11.13;-10.87;-10.40;-10.22;-9.82;-9.48;-9.81;-10.26;-10.53;-10.14;-9.05;-7.06;-4.22;-0.66;3.19;6.92;10.13;12.53;13.28;13.28;12.82;12.88;12.68;12.08;10.58;8.97;7.67;7.24;7.22;7.27;7.01;6.59;6.13;5.78;5.54;5.43;5.52;5.64;5.69;5.48;5.11;4.68;4.32;3.67;2.34;
Apical;0.00;-2.34;-4.00;-5.22;-6.54;-7.80;-9.13;-10.76;-12.43;-13.92;-14.88;-15.55;-16.02;-16.48;-16.99;-17.82;-18.84;-20.10;-21.15;-21.68;-21.78;-21.66;-21.92;-22.12;-22.24;-22.33;-22.17;-21.75;-21.42;-20.90;-20.30;-19.87;-19.13;-17.67;-15.04;-11.68;-8.01;-4.52;-1.36;1.19;2.30;2.73;2.72;3.09;3.22;3.10;2.43;1.73;1.28;1.47;1.93;2.42;2.53;2.47;2.36;2.41;2.56;2.76;3.10;3.41;3.62;3.56;3.36;3.15;3.10;2.81;1.91;

----------------------------------------------------------


