PatientInformation
==========================================================
PatientID;No patientID
Name;,,
Date of Birth;
Sex;
Version;AutoStrainCap2 2.1.0.491925

Results
==========================================================
Global
----------------------------------------------------------
LaSr_ED;29.06;%
LaScd_ED;-22.27;%
LaSct_ED;-6.79;%
LaSr_AC;27.10;%
LaScd_AC;-20.76;%
LaSct_AC;-6.33;%
ED;0.00;ms
ES;362.96;ms
PreA;608.49;ms

Curves
==========================================================
Longitudinal Strain
Unit [%]
Time [ms];0.00;21.35;42.70;64.05;85.40;106.75;128.10;149.45;170.80;192.15;213.50;234.85;256.20;277.56;298.91;320.26;341.61;362.96;384.31;405.66;427.01;448.36;469.71;491.06;512.41;533.76;555.11;576.46;597.81;619.16;640.51;661.86;683.21;704.56;725.91;747.26;768.61;789.96;811.32;832.67;
LAS_ED;0.00;-2.25;-2.70;2.15;8.28;11.66;14.54;18.48;22.20;24.30;25.35;25.97;26.01;25.68;25.74;26.91;28.32;29.06;28.29;26.80;23.56;18.65;13.85;9.60;6.00;2.81;1.38;3.11;5.98;7.26;7.95;8.91;10.02;11.61;12.61;11.93;9.20;4.28;0.44;-1.12;
LAS_AC;-6.77;-8.87;-9.28;-4.76;0.96;4.10;6.79;10.46;13.93;15.89;16.87;17.45;17.48;17.18;17.23;18.32;19.64;20.33;19.62;18.23;15.20;10.62;6.15;2.18;-1.17;-4.14;-5.48;-3.87;-1.19;0.00;0.64;1.55;2.58;4.06;4.99;4.36;1.81;-2.78;-6.36;-7.81;

----------------------------------------------------------


