PatientInformation
==========================================================
PatientID;No patientID
Name;,,
Date of Birth;
Sex;
Version;AutoStrainCap2 2.1.0.491925

Results
==========================================================
Global
----------------------------------------------------------
RVFWSL;-24.84;%
RV4CSL;-18.87;%
ED;0.00;ms
ES;382.97;ms

Curves
==========================================================
Longitudinal Strain
Unit [%]
Time [ms];0.00;13.34;26.69;40.03;53.38;66.72;80.06;93.41;106.75;120.10;133.44;146.78;160.13;173.47;186.82;200.16;213.50;226.85;240.19;253.54;266.88;280.22;293.57;306.91;320.26;333.60;346.94;360.29;373.63;386.98;400.32;413.66;427.01;440.35;453.70;467.04;480.38;493.73;507.07;520.42;533.76;547.10;560.45;573.79;587.14;600.48;613.82;627.17;640.51;653.86;667.20;680.54;693.89;707.23;720.58;733.92;747.26;760.61;773.95;787.30;800.64;813.98;827.33;
Basal;0.00;1.09;1.49;-0.88;-2.51;-3.81;-5.00;-6.71;-8.47;-10.10;-11.46;-12.77;-14.33;-16.33;-18.40;-20.14;-21.15;-21.72;-22.08;-22.59;-23.10;-23.64;-24.16;-24.72;-25.33;-26.00;-26.75;-27.62;-28.65;-29.16;-28.46;-25.98;-22.69;-19.60;-17.62;-16.33;-15.15;-13.87;-12.46;-11.28;-10.47;-10.00;-9.69;-9.50;-9.42;-9.53;-9.77;-10.08;-10.32;-10.40;-10.15;-9.33;-7.77;-5.68;-3.46;-1.32;0.56;2.13;2.93;3.17;2.69;1.85;0.74;
Mid;0.00;0.31;0.06;-2.22;-3.65;-4.59;-5.47;-6.96;-8.58;-10.10;-11.46;-12.72;-14.09;-15.57;-17.05;-18.35;-19.33;-20.05;-20.57;-21.16;-21.68;-22.15;-22.50;-22.79;-23.00;-23.07;-23.05;-23.00;-22.79;-22.21;-21.08;-19.60;-17.86;-16.23;-15.01;-14.08;-13.10;-11.84;-10.40;-9.11;-8.03;-7.27;-6.73;-6.58;-6.60;-6.79;-6.92;-7.10;-7.23;-7.35;-7.24;-6.86;-6.15;-5.05;-3.46;-1.38;0.83;2.67;3.68;3.93;3.44;2.44;1.11;
Apical;0.00;0.59;0.78;-0.96;-1.93;-2.54;-2.97;-4.16;-5.44;-6.78;-8.05;-9.33;-10.80;-12.36;-13.95;-15.32;-16.37;-17.11;-17.64;-18.24;-18.76;-19.25;-19.62;-19.98;-20.35;-20.60;-20.81;-21.03;-21.25;-21.15;-20.46;-19.18;-17.63;-16.17;-15.25;-14.56;-13.82;-12.71;-11.40;-10.13;-8.95;-7.99;-7.19;-6.72;-6.39;-6.26;-6.13;-6.14;-6.18;-6.31;-6.33;-6.14;-5.63;-4.71;-3.33;-1.53;0.44;2.17;3.22;3.59;3.17;2.27;1.01;

----------------------------------------------------------


