PatientInformation
==========================================================
PatientID;No patientID
Name;,,
Date of Birth;
Sex;
Version;AutoStrainCap2 2.1.0.491925

Results
==========================================================
Global
----------------------------------------------------------
LaSr_ED;28.74;%
LaScd_ED;-8.72;%
LaSct_ED;-20.02;%
LaSr_AC;23.94;%
LaScd_AC;-7.27;%
LaSct_AC;-16.68;%
ED;0.00;ms
ES;367.72;ms
PreA;551.58;ms

Curves
==========================================================
Longitudinal Strain
Unit [%]
Time [ms];0.00;20.43;40.86;61.29;81.72;102.14;122.57;143.00;163.43;183.86;204.29;224.72;245.15;265.57;286.00;306.43;326.86;347.29;367.72;388.15;408.58;429.00;449.43;469.86;490.29;510.72;531.15;551.58;572.01;592.44;612.86;633.29;653.72;674.15;694.58;715.01;
LAS_ED;0.00;0.92;1.80;4.18;9.60;14.63;15.71;16.53;17.66;18.48;20.24;20.94;21.27;21.14;23.22;24.82;26.34;27.33;28.74;26.70;23.70;21.42;19.89;19.29;19.98;19.59;19.86;20.02;19.79;21.23;20.84;18.79;10.03;3.31;-1.19;-3.05;
LAS_AC;-16.68;-15.91;-15.17;-13.19;-8.68;-4.49;-3.59;-2.91;-1.96;-1.28;0.18;0.77;1.05;0.94;2.67;4.00;5.27;6.10;7.27;5.57;3.07;1.17;-0.11;-0.60;-0.03;-0.35;-0.13;0.00;-0.19;1.01;0.69;-1.02;-8.32;-13.92;-17.67;-19.22;

----------------------------------------------------------


