PatientInformation
==========================================================
PatientID;No patientID
Name;,,
Date of Birth;
Sex;
Version;AutoStrainCap2 2.1.0.491925

Results
==========================================================
Global
----------------------------------------------------------
RVFWSL;-26.94;%
RV4CSL;-20.81;%
ED;0.00;ms
ES;255.54;ms

Curves
==========================================================
Longitudinal Strain
Unit [%]
Time [ms];0.00;19.51;39.01;58.52;78.03;97.54;117.04;136.55;156.06;175.56;195.07;214.58;234.09;253.59;273.10;292.61;312.12;331.62;351.13;370.64;390.14;409.65;429.16;448.67;468.17;487.68;507.19;526.69;546.20;565.71;585.22;604.72;624.23;643.74;663.25;682.75;702.26;
Basal;0.00;-4.11;-5.24;-6.36;-8.45;-10.90;-13.25;-15.42;-17.62;-20.06;-21.79;-23.12;-24.03;-24.94;-25.00;-25.00;-24.10;-22.66;-19.42;-17.58;-16.00;-14.06;-12.78;-11.49;-10.65;-9.84;-9.26;-9.33;-8.88;-8.81;-7.62;-4.82;-1.98;0.58;0.65;0.68;0.59;
Mid;0.00;-4.24;-5.20;-6.39;-8.69;-11.33;-13.89;-16.27;-18.53;-20.89;-22.77;-24.29;-25.29;-26.13;-26.09;-25.96;-24.93;-23.49;-20.91;-19.11;-17.32;-15.43;-13.75;-12.34;-11.58;-10.68;-10.02;-9.92;-9.57;-9.12;-7.96;-5.53;-2.37;0.85;1.54;1.50;1.21;
Apical;0.00;-4.76;-6.07;-7.67;-10.16;-12.67;-15.25;-17.74;-20.15;-22.52;-24.13;-25.51;-26.59;-27.61;-27.67;-27.42;-26.47;-25.47;-23.19;-21.79;-20.49;-18.68;-16.91;-15.28;-14.00;-12.68;-11.78;-11.50;-10.60;-9.78;-8.55;-6.41;-3.42;-0.21;1.01;1.33;1.36;

----------------------------------------------------------


