PatientInformation
==========================================================
PatientID;No patientID
Name;,,
Date of Birth;
Sex;
Version;AutoStrainCap2 2.1.0.491925

Results
==========================================================
Global
----------------------------------------------------------
LaSr_ED;29.19;%
LaScd_ED;-24.25;%
LaSct_ED;-4.94;%
LaSr_AC;27.79;%
LaScd_AC;-23.08;%
LaSct_AC;-4.71;%
ED;0.00;ms
ES;318.61;ms
PreA;644.69;ms

Curves
==========================================================
Longitudinal Strain
Unit [%]
Time [ms];0.00;10.66;21.31;31.97;42.62;53.28;63.94;74.59;85.25;95.90;106.56;117.22;127.87;138.53;149.18;159.84;170.50;181.15;191.81;202.46;213.12;223.78;234.43;245.09;255.74;266.40;277.06;287.71;298.37;309.02;319.68;330.34;340.99;351.65;362.30;372.96;383.62;394.27;404.93;415.58;426.24;436.90;447.55;458.21;468.86;479.52;490.18;500.83;511.49;522.14;532.80;543.46;554.11;564.77;575.42;586.08;596.74;607.39;618.05;628.70;639.36;650.02;660.67;671.33;681.98;692.64;703.30;713.95;724.61;735.26;745.92;756.58;767.23;777.89;788.54;799.20;809.86;820.51;831.17;841.82;852.48;863.14;873.79;884.45;895.10;905.76;916.42;927.07;937.73;948.38;959.04;
LAS_ED;0.00;0.84;0.39;-0.27;-0.43;1.18;3.71;6.81;9.77;11.57;12.98;14.07;15.08;16.00;16.92;17.76;18.67;19.47;20.43;21.47;22.66;23.89;25.15;26.29;27.28;27.93;28.40;28.70;28.90;29.10;29.19;29.06;28.78;27.91;26.72;25.03;22.83;20.08;17.14;14.39;12.14;10.27;8.96;8.05;7.37;6.71;6.20;5.72;5.47;5.29;5.37;5.49;5.72;5.58;5.41;5.16;4.86;4.73;4.64;4.67;4.85;5.05;5.37;5.72;6.06;6.26;6.42;6.58;6.75;6.95;7.19;7.45;7.72;8.01;8.32;8.60;8.94;9.37;9.56;9.19;7.87;4.85;1.05;-2.96;-6.60;-9.07;-10.40;-10.66;-9.34;-7.11;-3.63;
LAS_AC;-4.81;-4.01;-4.44;-5.07;-5.22;-3.69;-1.28;1.67;4.49;6.21;7.55;8.59;9.55;10.42;11.30;12.10;12.96;13.73;14.64;15.63;16.76;17.94;19.13;20.22;21.16;21.78;22.23;22.51;22.70;22.89;22.98;22.85;22.59;21.75;20.63;19.02;16.92;14.31;11.51;8.89;6.75;4.97;3.72;2.85;2.21;1.58;1.09;0.63;0.40;0.23;0.30;0.41;0.63;0.50;0.34;0.10;-0.18;-0.30;-0.39;-0.36;-0.19;0.00;0.30;0.63;0.96;1.15;1.30;1.45;1.62;1.81;2.03;2.28;2.54;2.82;3.11;3.38;3.70;4.11;4.30;3.94;2.69;-0.19;-3.81;-7.62;-11.10;-13.44;-14.70;-14.96;-13.70;-11.58;-8.27;

----------------------------------------------------------


