PatientInformation
==========================================================
PatientID;No patientID
Name;,,
Date of Birth;
Sex;
Version;AutoStrainCap2 2.1.0.491925

Results
==========================================================
Global
----------------------------------------------------------
RVFWSL;-26.65;%
RV4CSL;-25.33;%
ED;0.00;ms
ES;275.42;ms

Curves
==========================================================
Longitudinal Strain
Unit [%]
Time [ms];0.00;21.35;42.70;64.05;85.40;106.75;128.10;149.45;170.80;192.15;213.50;234.85;256.20;277.56;298.91;320.26;341.61;362.96;384.31;405.66;427.01;448.36;469.71;491.06;512.41;533.76;555.11;576.46;597.81;619.16;640.51;661.86;683.21;704.56;725.91;
Basal;0.00;-5.33;-9.06;-13.23;-17.22;-20.45;-23.08;-25.25;-27.29;-29.36;-31.39;-33.62;-35.15;-36.05;-34.85;-33.32;-31.59;-29.04;-26.04;-23.12;-19.91;-17.87;-15.77;-14.51;-14.36;-13.38;-12.75;-11.47;-8.37;-5.33;-5.21;-3.40;-1.97;-0.53;0.18;
Mid;0.00;-4.15;-6.73;-9.60;-12.24;-14.31;-16.27;-17.67;-19.09;-20.77;-22.31;-24.11;-25.74;-26.32;-24.80;-23.02;-21.11;-19.44;-17.65;-16.07;-14.20;-13.39;-12.20;-11.49;-11.56;-10.87;-10.45;-9.56;-7.13;-4.73;-4.83;-3.30;-2.07;-0.80;-0.12;
Apical;0.00;-3.20;-4.88;-7.02;-8.96;-10.35;-11.57;-12.41;-13.32;-14.35;-15.31;-16.42;-17.29;-17.29;-16.45;-15.35;-14.31;-13.02;-11.55;-10.43;-8.80;-8.36;-7.09;-6.42;-6.60;-6.26;-6.24;-5.95;-4.33;-2.70;-3.12;-1.71;-0.69;0.15;0.32;

----------------------------------------------------------


