PatientInformation
==========================================================
PatientID;No patientID
Name;,,
Date of Birth;
Sex;
Version;AutoStrainCap2 2.1.0.491925

Results
==========================================================
Global
----------------------------------------------------------
LaSr_ED;20.78;%
LaScd_ED;-13.93;%
LaSct_ED;-6.86;%
LaSr_AC;19.47;%
LaScd_AC;-13.05;%
LaSct_AC;-6.42;%
ED;0.00;ms
ES;439.37;ms
PreA;703.99;ms

Curves
==========================================================
Longitudinal Strain
Unit [%]
Time [ms];0.00;9.87;19.75;29.62;39.49;49.37;59.24;69.12;78.99;88.86;98.74;108.61;118.48;128.36;138.23;148.10;157.98;167.85;177.72;187.60;197.47;207.35;217.22;227.09;236.97;246.84;256.71;266.59;276.46;286.33;296.21;306.08;315.95;325.83;335.70;345.58;355.45;365.32;375.20;385.07;394.94;404.82;414.69;424.56;434.44;444.31;454.19;464.06;473.93;483.81;493.68;503.55;513.43;523.30;533.17;543.05;552.92;562.79;572.67;582.54;592.42;602.29;612.16;622.04;631.91;641.78;651.66;661.53;671.40;681.28;691.15;701.03;710.90;720.77;730.65;740.52;750.39;760.27;770.14;780.01;789.89;799.76;809.63;819.51;829.38;839.26;849.13;859.00;868.88;878.75;888.62;898.50;908.37;918.24;928.12;937.99;947.86;957.74;
LAS_ED;0.00;-3.56;-4.41;-3.88;-2.85;-2.62;-2.83;-3.31;-3.57;-3.59;-3.12;-2.42;-1.41;-0.46;0.64;1.70;2.92;3.65;4.52;5.38;6.26;7.05;7.84;8.61;9.46;10.36;11.32;12.23;13.11;13.69;14.24;14.76;15.27;15.86;16.44;17.02;17.59;18.08;18.57;19.04;19.48;19.95;20.34;20.62;20.76;20.76;20.53;19.98;19.01;17.47;15.59;13.56;11.62;9.88;8.42;7.16;6.03;5.02;4.14;3.43;3.01;2.83;2.94;3.22;3.64;4.09;4.58;5.09;5.62;6.02;6.41;6.75;7.08;7.30;7.49;7.59;7.62;7.58;7.52;7.50;7.61;7.84;8.15;8.47;8.65;8.65;8.47;8.17;7.84;7.29;6.65;5.52;4.02;1.64;-0.62;-2.29;-2.58;-1.38;
LAS_AC;-6.33;-9.66;-10.45;-9.96;-8.99;-8.78;-8.98;-9.43;-9.67;-9.69;-9.25;-8.59;-7.65;-6.76;-5.72;-4.73;-3.59;-2.91;-2.10;-1.29;-0.47;0.28;1.01;1.74;2.54;3.38;4.27;5.13;5.95;6.50;7.01;7.50;7.98;8.53;9.08;9.61;10.15;10.61;11.07;11.51;11.93;12.36;12.73;12.99;13.12;13.12;12.91;12.39;11.48;10.04;8.27;6.38;4.56;2.93;1.56;0.38;-0.67;-1.62;-2.45;-3.11;-3.51;-3.68;-3.58;-3.31;-2.92;-2.50;-2.04;-1.56;-1.06;-0.69;-0.32;0.00;0.30;0.51;0.69;0.78;0.81;0.77;0.72;0.70;0.80;1.01;1.31;1.61;1.77;1.78;1.61;1.33;1.02;0.50;-0.10;-1.15;-2.56;-4.79;-6.91;-8.47;-8.75;-7.62;

----------------------------------------------------------


