PatientInformation
==========================================================
PatientID;No patientID
Name;,,
Date of Birth;
Sex;
Version;AutoStrainCap2 2.1.0.491925

Results
==========================================================
Global
----------------------------------------------------------
RVFWSL;-29.85;%
RV4CSL;-21.05;%
ED;0.00;ms
ES;389.78;ms

Curves
==========================================================
Longitudinal Strain
Unit [%]
Time [ms];0.00;18.74;37.48;56.22;74.96;93.70;112.44;131.17;149.91;168.65;187.39;206.13;224.87;243.61;262.35;281.09;299.83;318.57;337.31;356.05;374.78;393.52;412.26;431.00;449.74;468.48;487.22;505.96;524.70;543.44;562.18;580.92;599.65;618.39;637.13;655.87;674.61;693.35;712.09;730.83;749.57;768.31;787.05;805.79;824.53;843.26;862.00;880.74;899.48;918.22;936.96;955.70;
Basal;0.00;-2.50;-6.15;-8.20;-9.60;-11.64;-14.03;-16.59;-18.74;-19.90;-20.67;-21.26;-21.82;-22.41;-23.05;-23.77;-24.47;-25.35;-26.56;-28.14;-29.97;-31.70;-32.50;-31.57;-29.98;-28.56;-26.69;-24.80;-22.48;-19.25;-16.15;-14.38;-13.57;-13.40;-13.78;-14.11;-14.13;-13.60;-13.04;-13.25;-13.51;-13.18;-12.67;-12.49;-12.39;-12.08;-11.09;-9.00;-6.26;-3.37;-1.18;-0.21;
Mid;0.00;-1.54;-4.40;-5.73;-6.47;-7.86;-9.40;-10.63;-11.45;-11.66;-11.72;-11.64;-11.66;-12.00;-12.56;-13.40;-14.34;-15.30;-16.45;-17.95;-19.52;-20.79;-21.10;-20.65;-19.62;-17.97;-15.80;-13.70;-11.30;-8.18;-5.25;-3.51;-2.80;-3.13;-4.06;-4.90;-5.34;-5.01;-4.63;-5.06;-5.65;-5.88;-6.01;-6.27;-6.53;-6.59;-6.00;-4.37;-2.25;-0.31;0.83;0.69;
Apical;0.00;-2.16;-4.47;-5.88;-7.20;-9.73;-12.68;-15.29;-18.02;-20.48;-22.75;-25.19;-27.29;-29.02;-30.44;-31.65;-32.38;-32.60;-32.70;-32.98;-32.92;-31.60;-29.28;-26.39;-22.78;-18.97;-15.86;-13.17;-10.14;-6.06;-2.31;-0.38;0.34;0.37;-0.19;-0.50;-0.59;-0.57;-0.57;-1.01;-1.61;-2.16;-2.68;-3.34;-3.96;-4.24;-3.88;-2.66;-1.02;0.46;1.27;1.15;

----------------------------------------------------------


