PatientInformation
==========================================================
PatientID;No patientID
Name;,,
Date of Birth;
Sex;
Version;AutoStrainCap2 2.1.0.491925

Results
==========================================================
Global
----------------------------------------------------------
LaSr_ED;29.61;%
LaScd_ED;-9.73;%
LaSct_ED;-19.88;%
LaSr_AC;24.59;%
LaScd_AC;-8.08;%
LaSct_AC;-16.51;%
ED;0.00;ms
ES;451.61;ms
PreA;685.85;ms

Curves
==========================================================
Longitudinal Strain
Unit [%]
Time [ms];0.00;18.74;37.48;56.22;74.96;93.70;112.44;131.17;149.91;168.65;187.39;206.13;224.87;243.61;262.35;281.09;299.83;318.57;337.31;356.04;374.78;393.52;412.26;431.00;449.74;468.48;487.22;505.96;524.70;543.44;562.18;580.92;599.65;618.39;637.13;655.87;674.61;693.35;712.09;730.83;749.57;768.31;787.05;805.79;824.52;843.26;862.00;880.74;899.48;
LAS_ED;0.00;0.70;1.73;4.24;7.50;10.51;12.94;14.79;16.33;18.41;20.73;23.13;25.18;26.08;26.61;27.39;28.15;28.82;29.14;28.78;27.95;26.84;26.59;28.44;29.60;28.79;26.81;25.30;24.05;22.46;21.01;20.54;20.40;19.98;19.54;19.20;19.32;20.40;21.85;23.19;23.91;23.19;21.65;19.12;15.39;9.02;3.16;-0.23;-1.24;
LAS_AC;-16.95;-16.37;-15.51;-13.42;-10.72;-8.21;-6.20;-4.66;-3.38;-1.65;0.27;2.26;3.97;4.71;5.15;5.80;6.44;6.99;7.26;6.96;6.27;5.35;5.14;6.68;7.64;6.96;5.32;4.07;3.03;1.71;0.51;0.11;-0.01;-0.36;-0.71;-1.00;-0.90;0.00;1.20;2.31;2.91;2.31;1.03;-1.06;-4.17;-9.45;-14.32;-17.13;-17.98;

----------------------------------------------------------


