PatientInformation
==========================================================
PatientID;No patientID
Name;,,
Date of Birth;
Sex;
Version;AutoStrainCap2 2.1.0.491925

Results
==========================================================
Global
----------------------------------------------------------
RVFWSL;-28.21;%
RV4CSL;-21.06;%
ED;0.00;ms
ES;341.05;ms

Curves
==========================================================
Longitudinal Strain
Unit [%]
Time [ms];0.00;18.74;37.48;56.22;74.96;93.70;112.44;131.17;149.91;168.65;187.39;206.13;224.87;243.61;262.35;281.09;299.83;318.57;337.31;356.04;374.78;393.52;412.26;431.00;449.74;468.48;487.22;505.96;524.70;543.44;562.18;580.92;599.65;618.39;637.13;655.87;674.61;693.35;712.09;730.83;749.57;768.31;787.05;805.79;824.52;843.26;862.00;880.74;899.48;
Basal;0.00;-1.22;-1.48;-2.74;-4.76;-7.63;-10.32;-12.28;-14.10;-16.63;-19.21;-21.21;-22.71;-23.89;-24.74;-25.10;-25.04;-24.64;-24.48;-24.01;-23.06;-21.92;-20.41;-18.66;-16.61;-14.52;-12.17;-9.85;-7.51;-4.87;-2.87;-2.46;-2.89;-3.49;-4.13;-4.57;-4.88;-5.06;-5.07;-5.04;-4.33;-2.24;0.22;2.16;3.64;4.92;5.77;6.30;4.99;
Mid;0.00;-1.05;-1.30;-2.65;-4.87;-7.87;-10.87;-13.25;-15.44;-17.93;-20.43;-22.64;-24.62;-26.66;-28.39;-29.41;-30.00;-30.26;-30.67;-30.42;-29.52;-28.06;-26.13;-24.10;-21.47;-18.23;-14.82;-12.08;-9.68;-7.28;-5.50;-4.86;-4.98;-5.41;-5.91;-6.26;-6.49;-6.61;-6.56;-6.40;-5.64;-3.88;-1.48;1.38;3.74;4.65;4.98;5.53;4.52;
Apical;0.00;-0.81;-1.11;-2.46;-4.59;-7.37;-10.16;-12.32;-14.43;-16.96;-19.49;-21.58;-23.33;-25.03;-26.46;-27.20;-27.59;-27.80;-27.85;-27.42;-26.61;-25.85;-24.55;-22.70;-20.14;-17.36;-14.38;-11.65;-9.17;-6.76;-5.02;-4.34;-4.39;-4.79;-5.30;-5.55;-5.73;-5.95;-6.03;-6.04;-5.53;-4.08;-2.03;0.31;2.29;3.42;4.01;4.40;3.61;

----------------------------------------------------------


