PatientInformation
==========================================================
PatientID;No patientID
Name;,,
Date of Birth;
Sex;
Version;AutoStrainCap2 2.1.0.491925

Results
==========================================================
Global
----------------------------------------------------------
LaSr_ED;27.93;%
LaScd_ED;-17.38;%
LaSct_ED;-10.55;%
LaSr_AC;25.30;%
LaScd_AC;-15.74;%
LaSct_AC;-9.56;%
ED;0.00;ms
ES;401.02;ms
PreA;547.18;ms

Curves
==========================================================
Longitudinal Strain
Unit [%]
Time [ms];0.00;18.74;37.48;56.22;74.96;93.70;112.44;131.17;149.91;168.65;187.39;206.13;224.87;243.61;262.35;281.09;299.83;318.57;337.31;356.04;374.78;393.52;412.26;431.00;449.74;468.48;487.22;505.96;524.70;543.44;562.18;580.91;599.65;618.39;637.13;655.87;674.61;
LAS_ED;0.00;-2.99;-4.28;-3.73;-0.31;1.61;4.56;6.42;8.55;10.73;12.53;14.91;17.59;20.58;21.91;23.77;25.40;26.83;27.62;26.90;26.51;27.75;27.62;25.45;21.44;17.04;13.30;10.34;8.51;10.41;10.37;11.19;11.47;9.00;4.99;2.12;1.16;
LAS_AC;-9.43;-12.14;-13.31;-12.81;-9.72;-7.98;-5.31;-3.62;-1.69;0.28;1.92;4.07;6.49;9.20;10.41;12.10;13.58;14.87;15.58;14.93;14.58;15.70;15.58;13.62;9.99;6.00;2.61;-0.06;-1.72;0.00;-0.04;0.71;0.95;-1.28;-4.92;-7.51;-8.39;

----------------------------------------------------------


