PatientInformation
==========================================================
PatientID;No patientID
Name;,,
Date of Birth;
Sex;
Version;AutoStrainCap2 2.1.0.491925

Results
==========================================================
Global
----------------------------------------------------------
RVFWSL;-39.52;%
RV4CSL;-29.98;%
ED;0.00;ms
ES;323.87;ms

Curves
==========================================================
Longitudinal Strain
Unit [%]
Time [ms];0.00;9.07;18.14;27.22;36.29;45.36;54.43;63.50;72.58;81.65;90.72;99.79;108.86;117.94;127.01;136.08;145.15;154.22;163.30;172.37;181.44;190.51;199.58;208.66;217.73;226.80;235.87;244.94;254.02;263.09;272.16;281.23;290.30;299.38;308.45;317.52;326.59;335.66;344.74;353.81;362.88;371.95;381.02;390.10;399.17;408.24;417.31;426.38;435.46;444.53;453.60;462.67;471.74;480.82;489.89;498.96;508.03;517.10;526.18;535.25;544.32;553.39;562.46;571.54;580.61;589.68;598.75;607.82;616.90;625.97;635.04;644.11;653.18;662.26;671.33;680.40;689.47;698.54;707.62;716.69;725.76;
Basal;0.00;-0.58;-1.62;-3.94;-6.40;-8.28;-9.79;-11.22;-12.69;-14.19;-15.67;-17.02;-18.15;-19.16;-20.05;-20.87;-21.69;-22.57;-23.51;-24.53;-25.70;-27.11;-28.63;-30.10;-31.43;-32.52;-33.44;-34.25;-35.02;-35.82;-36.60;-37.35;-38.05;-38.71;-39.28;-39.65;-39.80;-39.70;-39.37;-38.87;-38.24;-37.52;-36.68;-35.71;-34.63;-33.26;-31.85;-30.47;-29.22;-28.40;-27.59;-26.62;-25.30;-23.41;-21.30;-19.25;-17.50;-16.64;-16.14;-15.92;-15.82;-15.83;-15.89;-16.01;-16.21;-16.42;-16.57;-16.56;-16.23;-15.48;-14.33;-12.87;-11.13;-9.11;-6.95;-4.78;-2.75;-1.20;-0.07;0.55;0.52;
Mid;0.00;-0.25;-0.71;-2.25;-3.94;-5.17;-6.11;-6.96;-7.92;-8.95;-10.06;-11.12;-12.04;-12.88;-13.64;-14.35;-15.13;-16.04;-17.06;-18.13;-19.28;-20.54;-21.82;-23.03;-24.15;-25.11;-25.95;-26.68;-27.33;-27.95;-28.55;-29.16;-29.79;-30.48;-31.13;-31.54;-31.74;-31.65;-31.32;-30.83;-30.24;-29.66;-28.99;-28.21;-27.31;-26.03;-24.71;-23.41;-22.38;-21.95;-21.65;-21.19;-20.41;-19.26;-17.89;-16.50;-15.20;-14.27;-13.50;-12.86;-12.28;-11.78;-11.34;-11.01;-10.82;-10.77;-10.75;-10.60;-10.22;-9.50;-8.50;-7.29;-5.99;-4.87;-3.75;-2.67;-1.59;-0.52;0.35;0.81;0.69;
Apical;0.00;-0.73;-1.96;-4.64;-7.41;-9.38;-10.91;-12.30;-13.75;-15.16;-16.69;-18.19;-19.55;-20.79;-21.89;-22.89;-23.98;-25.30;-26.78;-28.33;-29.98;-31.80;-33.64;-35.34;-36.83;-38.00;-38.93;-39.67;-40.32;-41.09;-41.89;-42.73;-43.55;-44.29;-44.92;-45.13;-45.16;-45.01;-44.66;-44.14;-43.53;-42.90;-42.17;-41.31;-40.33;-39.08;-37.73;-36.31;-34.97;-33.61;-32.27;-30.83;-29.16;-27.20;-25.04;-22.85;-20.69;-19.02;-17.51;-16.22;-15.17;-14.38;-13.85;-13.54;-13.40;-13.38;-13.39;-13.31;-13.05;-12.48;-11.58;-10.36;-8.85;-7.11;-5.27;-3.48;-1.89;-0.78;-0.04;0.31;0.24;

----------------------------------------------------------


