PatientInformation
==========================================================
PatientID;6290553
Name;???,Huang Wei Zhe,
Date of Birth;
Sex;
Version;AutoStrainCap2 2.1.0.491925

Results
==========================================================
Global
----------------------------------------------------------
LaSr_ED;16.55;%
LaScd_ED;-15.62;%
LaSct_ED;-0.93;%
LaSr_AC;16.39;%
LaScd_AC;-15.47;%
LaSct_AC;-0.92;%
ED;0.00;ms
ES;370.33;ms
PreA;596.59;ms

Curves
==========================================================
Longitudinal Strain
Unit [%]
Time [ms];0.00;9.24;18.47;27.71;36.94;46.18;55.41;64.65;73.88;83.12;92.35;101.59;110.82;120.06;129.29;138.53;147.76;157.00;166.23;175.47;184.70;193.94;203.17;212.41;221.64;230.88;240.12;249.35;258.59;267.82;277.06;286.29;295.53;304.76;314.00;323.23;332.47;341.70;350.94;360.17;369.41;378.64;387.88;397.11;406.35;415.58;424.82;434.05;443.29;452.52;461.76;471.00;480.23;489.47;498.70;507.94;517.17;526.41;535.64;544.88;554.11;563.35;572.58;581.82;591.05;600.29;609.52;618.76;627.99;637.23;646.46;655.70;664.93;674.17;683.40;692.64;701.88;711.11;720.35;729.58;738.82;748.05;757.29;766.52;775.76;784.99;794.23;803.46;812.70;
LAS_ED;0.00;2.30;3.71;3.17;2.43;2.69;3.60;4.63;5.75;5.92;5.98;5.92;5.82;5.79;5.79;5.94;6.30;6.91;7.76;8.64;9.59;10.44;11.23;11.84;12.31;12.38;12.41;12.44;12.79;13.51;14.45;15.30;15.79;15.75;15.36;15.04;14.88;15.16;15.67;16.17;16.54;16.34;15.90;15.10;14.17;13.15;12.14;11.09;10.19;8.94;7.79;6.66;5.43;4.24;2.94;1.82;0.88;-0.14;-0.82;-1.16;-1.07;-0.79;-0.21;0.40;0.76;0.98;0.87;0.64;0.37;0.20;0.16;0.09;0.48;0.50;0.97;1.24;1.60;1.13;0.69;0.03;-0.53;-1.11;-1.54;-1.78;-1.83;-2.97;-3.68;-3.55;-2.45;
LAS_AC;-0.97;1.30;2.70;2.17;1.44;1.69;2.59;3.61;4.72;4.88;4.95;4.89;4.79;4.76;4.76;4.91;5.26;5.87;6.71;7.59;8.53;9.37;10.14;10.75;11.22;11.28;11.31;11.34;11.69;12.40;13.33;14.18;14.66;14.62;14.23;13.92;13.76;14.04;14.54;15.03;15.41;15.21;14.77;13.98;13.06;12.05;11.05;10.01;9.12;7.88;6.74;5.62;4.40;3.22;1.93;0.82;-0.10;-1.11;-1.78;-2.13;-2.03;-1.76;-1.19;-0.58;-0.22;0.00;-0.11;-0.34;-0.61;-0.78;-0.81;-0.89;-0.50;-0.48;-0.01;0.25;0.61;0.15;-0.29;-0.94;-1.50;-2.08;-2.49;-2.74;-2.78;-3.92;-4.62;-4.49;-3.40;

----------------------------------------------------------


