PatientInformation
==========================================================
PatientID;6290553
Name;???,Huang Wei Zhe,
Date of Birth;
Sex;
Version;AutoStrainCap2 2.1.0.491925

Results
==========================================================
Global
----------------------------------------------------------
RVFWSL;-16.77;%
RV4CSL;-12.64;%
ED;0.00;ms
ES;303.02;ms

Curves
==========================================================
Longitudinal Strain
Unit [%]
Time [ms];0.00;22.12;44.24;66.36;88.47;110.59;132.71;154.83;176.95;199.07;221.18;243.30;265.42;287.54;309.66;331.78;353.89;376.01;398.13;420.25;442.37;464.49;486.60;508.72;530.84;552.96;575.08;597.20;619.32;641.43;663.55;685.67;707.79;729.91;752.03;774.14;796.26;
Basal;0.00;-0.59;-1.14;-2.20;-4.73;-7.80;-9.85;-12.79;-14.61;-15.54;-15.94;-16.26;-16.54;-16.73;-16.56;-15.75;-14.56;-13.14;-11.86;-10.68;-9.30;-8.08;-6.88;-5.87;-4.64;-3.70;-3.09;-2.51;-2.35;-2.02;-1.51;-1.24;-0.59;-0.19;0.07;0.23;0.19;
Mid;0.00;-0.10;-0.37;-0.82;-2.96;-5.67;-7.87;-11.01;-13.17;-14.55;-15.31;-15.72;-16.16;-16.55;-16.58;-15.85;-14.58;-13.30;-12.26;-11.36;-10.18;-9.16;-8.16;-7.27;-6.24;-5.47;-4.80;-4.01;-3.49;-3.08;-2.68;-2.34;-1.80;-1.23;-0.71;-0.34;-0.29;
Apical;0.00;0.07;0.00;-0.34;-2.23;-4.92;-7.11;-10.18;-12.46;-13.87;-14.72;-15.31;-15.89;-16.29;-16.34;-15.73;-14.64;-13.40;-12.30;-11.19;-9.90;-8.74;-7.67;-6.71;-5.64;-4.85;-4.22;-3.57;-3.12;-2.73;-2.37;-2.08;-1.49;-0.94;-0.45;-0.13;-0.03;

----------------------------------------------------------


