PatientInformation
==========================================================
PatientID;No patientID
Name;,,
Date of Birth;
Sex;
Version;AutoStrainCap2 2.1.0.491925

Results
==========================================================
Global
----------------------------------------------------------
RVFWSL;-20.77;%
RV4CSL;-14.64;%
ED;0.00;ms
ES;309.80;ms

Curves
==========================================================
Longitudinal Strain
Unit [%]
Time [ms];0.00;14.48;28.95;43.43;57.91;72.38;86.86;101.34;115.81;130.29;144.77;159.24;173.72;188.20;202.68;217.15;231.63;246.11;260.58;275.06;289.54;304.01;318.49;332.97;347.44;361.92;376.40;390.87;405.35;419.83;434.30;448.78;463.26;477.73;492.21;506.69;521.16;535.64;550.12;564.60;
Basal;0.00;-2.30;0.33;-0.34;-2.40;-4.46;-6.01;-6.85;-7.37;-8.18;-9.28;-10.96;-12.64;-14.24;-15.65;-16.65;-17.68;-18.94;-20.22;-21.27;-21.96;-22.15;-21.84;-20.99;-19.71;-18.11;-16.29;-14.87;-13.32;-11.43;-9.05;-6.26;-4.10;-3.97;-4.21;-3.13;-1.93;-1.30;-0.63;0.50;
Mid;0.00;-2.00;0.08;-1.04;-3.41;-5.47;-6.99;-8.01;-8.65;-9.10;-9.77;-11.19;-12.76;-14.26;-15.65;-16.85;-17.95;-18.82;-19.53;-19.99;-20.19;-20.14;-19.78;-19.09;-18.02;-16.54;-14.60;-12.48;-10.35;-8.83;-7.21;-5.07;-3.24;-2.59;-2.48;-2.27;-2.18;-2.12;-1.54;-0.11;
Apical;0.00;-1.49;-0.12;-1.41;-3.63;-5.28;-6.37;-7.18;-7.76;-8.43;-9.35;-10.76;-12.22;-13.47;-14.55;-15.47;-16.31;-17.07;-17.80;-18.48;-19.00;-19.20;-19.13;-18.83;-18.19;-17.19;-15.83;-14.65;-13.48;-12.54;-11.38;-9.56;-7.82;-6.76;-6.00;-4.68;-3.69;-3.07;-2.09;-0.64;

----------------------------------------------------------


