PatientInformation
==========================================================
PatientID;5163218
Name;??,Zhou Zhao,
Date of Birth;
Sex;
Version;AutoStrainCap2 2.1.0.491925

Results
==========================================================
Global
----------------------------------------------------------
LaSr_ED;16.50;%
LaScd_ED;-8.96;%
LaSct_ED;-7.54;%
LaSr_AC;15.34;%
LaScd_AC;-8.33;%
LaSct_AC;-7.01;%
ED;0.00;ms
ES;388.44;ms
PreA;756.43;ms

Curves
==========================================================
Longitudinal Strain
Unit [%]
Time [ms];0.00;9.29;18.59;27.88;37.17;46.46;55.76;65.05;74.34;83.64;92.93;102.22;111.51;120.81;130.10;139.39;148.68;157.98;167.27;176.56;185.86;195.15;204.44;213.73;223.03;232.32;241.61;250.91;260.20;269.49;278.78;288.08;297.37;306.66;315.96;325.25;334.54;343.83;353.13;362.42;371.71;381.00;390.30;399.59;408.88;418.18;427.47;436.76;446.05;455.35;464.64;473.93;483.23;492.52;501.81;511.10;520.40;529.69;538.98;548.28;557.57;566.86;576.15;585.45;594.74;604.03;613.32;622.62;631.91;641.20;650.50;659.79;669.08;678.37;687.67;696.96;706.25;715.55;724.84;734.13;743.42;752.72;762.01;771.30;780.60;789.89;799.18;808.47;817.77;827.06;836.35;845.64;854.94;864.23;873.52;882.82;892.11;901.40;910.69;919.99;929.28;938.57;947.87;957.16;966.45;975.74;985.04;994.33;1003.62;1012.92;1022.21;1031.50;1040.79;1050.09;1059.38;1068.67;1077.96;1087.26;1096.55;1105.84;1115.14;
LAS_ED;0.00;-1.18;-3.15;-4.97;-5.69;-4.55;-2.56;-1.57;-1.04;-0.97;-1.13;-1.34;-1.49;-1.04;-0.30;0.72;2.00;3.29;4.64;5.53;6.34;6.91;7.48;7.92;8.56;9.13;9.92;10.68;11.47;12.21;12.85;13.25;13.53;13.76;13.96;14.20;14.50;14.87;15.33;15.76;16.16;16.38;16.48;16.14;15.70;15.14;14.60;14.16;13.88;13.97;14.25;14.68;15.20;15.68;16.21;16.36;16.49;16.45;16.28;15.98;15.51;14.96;14.26;13.50;12.68;11.84;11.01;10.11;9.27;8.51;7.87;7.37;6.99;6.86;6.83;6.91;7.04;7.20;7.37;7.43;7.49;7.52;7.57;7.64;7.78;7.99;8.27;8.58;8.93;9.26;9.61;9.81;10.02;10.17;10.31;10.40;10.47;10.47;10.47;10.49;10.60;10.77;11.16;11.53;12.02;12.37;12.45;12.11;11.17;9.46;7.25;4.85;2.44;0.30;-1.51;-2.57;-3.21;-3.34;-3.09;-2.41;-1.38;
LAS_AC;-7.00;-8.09;-9.92;-11.62;-12.29;-11.23;-9.38;-8.46;-7.96;-7.90;-8.05;-8.25;-8.38;-7.96;-7.28;-6.32;-5.14;-3.94;-2.68;-1.85;-1.10;-0.57;-0.04;0.37;0.96;1.50;2.23;2.94;3.67;4.36;4.95;5.32;5.58;5.80;5.99;6.21;6.49;6.84;7.26;7.66;8.03;8.24;8.34;8.02;7.61;7.08;6.59;6.17;5.91;6.00;6.26;6.65;7.14;7.59;8.08;8.22;8.34;8.30;8.14;7.87;7.43;6.92;6.27;5.56;4.80;4.02;3.25;2.40;1.62;0.92;0.32;-0.14;-0.49;-0.62;-0.64;-0.57;-0.45;-0.30;-0.15;-0.08;-0.03;0.00;0.05;0.11;0.24;0.43;0.69;0.98;1.31;1.61;1.94;2.13;2.32;2.47;2.59;2.68;2.74;2.74;2.74;2.76;2.87;3.02;3.38;3.73;4.19;4.51;4.58;4.27;3.39;1.80;-0.26;-2.49;-4.72;-6.72;-8.40;-9.39;-9.98;-10.10;-9.87;-9.24;-8.28;

----------------------------------------------------------


