PatientInformation
==========================================================
PatientID;5163218
Name;??,Zhou Zhao,
Date of Birth;
Sex;
Version;AutoStrainCap2 2.1.0.491925

Results
==========================================================
Global
----------------------------------------------------------
RVFWSL;-20.29;%
RV4CSL;-17.04;%
ED;0.00;ms
ES;559.47;ms

Curves
==========================================================
Longitudinal Strain
Unit [%]
Time [ms];0.00;17.82;35.64;53.45;71.27;89.09;106.91;124.72;142.54;160.36;178.18;195.99;213.81;231.63;249.45;267.26;285.08;302.90;320.72;338.53;356.35;374.17;391.99;409.81;427.62;445.44;463.26;481.08;498.89;516.71;534.53;552.35;570.16;587.98;605.80;623.62;641.43;659.25;677.07;694.89;712.70;730.52;748.34;766.16;783.97;801.79;819.61;837.43;855.25;873.06;890.88;908.70;926.52;944.33;962.15;979.97;997.79;1015.60;1033.42;1051.24;1069.06;1086.87;1104.69;1122.51;
Basal;0.00;-2.21;-4.35;-6.33;-9.85;-13.20;-16.05;-17.86;-18.93;-19.75;-21.25;-22.94;-24.91;-26.41;-27.69;-28.30;-28.42;-28.67;-28.60;-27.62;-26.34;-25.09;-24.30;-23.91;-22.84;-20.01;-16.65;-13.94;-14.33;-15.93;-17.84;-19.13;-19.86;-19.86;-19.16;-17.73;-15.81;-13.06;-10.31;-7.84;-6.49;-5.57;-5.09;-4.29;-3.85;-3.64;-4.25;-4.83;-4.86;-4.06;-2.77;-1.79;-1.57;-1.83;-2.23;-2.46;-2.10;-0.55;2.64;6.19;8.38;7.99;5.75;2.73;
Mid;0.00;-1.28;-2.75;-4.31;-7.06;-9.78;-12.21;-14.01;-15.30;-16.26;-17.32;-18.13;-18.62;-18.32;-17.41;-15.87;-14.49;-13.19;-12.14;-11.49;-11.12;-10.88;-11.13;-11.89;-11.91;-9.97;-7.43;-5.12;-4.96;-5.75;-6.93;-8.08;-9.11;-9.88;-10.47;-10.59;-10.24;-9.10;-7.72;-6.34;-5.52;-4.90;-4.64;-4.19;-4.04;-4.04;-4.50;-4.88;-4.96;-4.87;-4.55;-4.49;-4.96;-5.66;-6.05;-5.35;-3.87;-1.73;0.64;2.89;4.27;4.36;3.32;1.64;
Apical;0.00;-0.46;-1.12;-1.95;-4.54;-7.31;-9.82;-11.65;-12.84;-13.59;-14.70;-15.38;-15.55;-13.98;-12.00;-9.94;-9.27;-9.02;-9.16;-9.53;-10.37;-11.72;-14.69;-17.65;-20.11;-18.90;-17.36;-15.37;-17.35;-19.32;-21.13;-21.21;-20.92;-20.35;-19.77;-19.05;-18.20;-16.89;-15.41;-13.85;-12.61;-11.68;-11.29;-11.05;-11.15;-11.32;-11.67;-11.80;-11.43;-10.52;-9.30;-8.33;-8.01;-7.92;-7.61;-6.78;-5.30;-3.07;-0.16;2.69;4.30;4.07;2.57;0.76;

----------------------------------------------------------


