PatientInformation
==========================================================
PatientID;No patientID
Name;,,
Date of Birth;
Sex;
Version;AutoStrainCap2 2.1.0.491925

Results
==========================================================
Global
----------------------------------------------------------
LaSr_ED;15.68;%
LaScd_ED;-15.74;%
LaSct_ED;0.06;%
LaSr_AC;15.69;%
LaScd_AC;-15.75;%
LaSct_AC;0.06;%
ED;0.00;ms
ES;407.79;ms
PreA;599.95;ms

Curves
==========================================================
Longitudinal Strain
Unit [%]
Time [ms];0.00;21.35;42.70;64.05;85.40;106.75;128.10;149.45;170.80;192.15;213.50;234.85;256.20;277.56;298.91;320.26;341.61;362.96;384.31;405.66;427.01;448.36;469.71;491.06;512.41;533.76;555.11;576.46;597.81;619.16;640.51;661.86;683.21;704.56;725.91;747.26;768.61;
LAS_ED;0.00;0.30;0.48;0.40;0.51;0.88;1.21;1.90;2.94;5.09;6.66;7.90;8.37;9.53;11.03;12.23;13.24;14.35;15.01;15.67;15.10;13.12;9.70;6.05;2.83;0.66;0.32;0.23;-0.07;0.10;-0.46;-1.32;-1.55;-1.58;-1.46;-1.22;-0.50;
LAS_AC;0.07;0.36;0.54;0.47;0.58;0.95;1.28;1.97;3.01;5.16;6.73;7.97;8.44;9.61;11.10;12.30;13.31;14.43;15.08;15.75;15.17;13.19;9.77;6.12;2.89;0.72;0.38;0.30;0.00;0.16;-0.39;-1.25;-1.48;-1.51;-1.39;-1.16;-0.43;

----------------------------------------------------------


