PatientInformation
==========================================================
PatientID;No patientID
Name;,,
Date of Birth;
Sex;
Version;AutoStrainCap2 2.1.0.491925

Results
==========================================================
Global
----------------------------------------------------------
RVFWSL;-23.15;%
RV4CSL;-18.20;%
ED;0.00;ms
ES;339.66;ms

Curves
==========================================================
Longitudinal Strain
Unit [%]
Time [ms];0.00;9.06;18.12;27.17;36.23;45.29;54.35;63.40;72.46;81.52;90.58;99.63;108.69;117.75;126.81;135.86;144.92;153.98;163.04;172.09;181.15;190.21;199.27;208.32;217.38;226.44;235.50;244.56;253.61;262.67;271.73;280.79;289.84;298.90;307.96;317.02;326.07;335.13;344.19;353.25;362.30;371.36;380.42;389.48;398.53;407.59;416.65;425.71;434.76;443.82;452.88;461.94;470.99;480.05;489.11;498.17;507.23;516.28;525.34;534.40;543.46;552.51;561.57;570.63;579.69;588.74;597.80;606.86;615.92;624.97;634.03;643.09;652.15;661.20;670.26;679.32;688.38;697.43;706.49;715.55;724.61;733.67;742.72;751.78;760.84;769.90;778.95;788.01;797.07;806.13;815.18;824.24;833.30;842.36;851.41;860.47;869.53;878.59;887.64;
Basal;0.00;-1.17;-2.28;-3.23;-4.02;-4.53;-4.77;-4.78;-4.73;-4.70;-4.82;-5.32;-6.01;-6.86;-7.73;-8.62;-9.27;-9.88;-10.37;-10.89;-11.34;-12.06;-12.72;-13.43;-14.00;-14.57;-14.88;-15.21;-15.35;-15.58;-15.58;-15.78;-15.81;-16.13;-16.43;-17.22;-18.16;-19.33;-20.06;-20.27;-19.39;-17.11;-13.95;-10.57;-7.53;-5.37;-4.96;-5.50;-6.52;-7.54;-8.09;-7.85;-6.89;-5.55;-4.00;-2.66;-1.71;-1.16;-0.73;-0.45;0.00;0.63;1.47;2.26;3.05;3.57;3.88;3.89;3.80;3.57;3.34;3.02;2.73;2.42;2.12;1.83;1.61;1.41;1.20;1.00;0.74;0.40;0.03;-0.28;-0.56;-0.68;-0.70;-0.54;-0.31;0.11;0.61;1.37;2.11;2.82;3.28;3.41;2.99;2.21;1.17;
Mid;0.00;-1.12;-2.35;-3.58;-4.70;-5.60;-6.27;-6.71;-7.05;-7.34;-7.68;-8.04;-8.52;-9.12;-9.85;-10.71;-11.78;-12.92;-14.04;-15.11;-16.05;-16.87;-17.53;-18.12;-18.61;-19.10;-19.56;-20.05;-20.48;-20.91;-21.27;-21.61;-21.91;-22.28;-22.65;-23.09;-23.50;-23.79;-23.69;-23.11;-21.78;-19.75;-17.13;-14.45;-12.08;-10.50;-10.29;-10.88;-11.84;-12.80;-13.36;-12.97;-11.97;-10.55;-8.95;-7.37;-5.96;-4.76;-3.69;-2.75;-1.83;-1.04;-0.25;0.48;1.13;1.61;1.91;2.03;2.04;1.96;1.90;1.89;1.91;1.91;1.86;1.73;1.42;1.04;0.62;0.23;-0.13;-0.33;-0.48;-0.55;-0.58;-0.54;-0.55;-0.48;-0.38;-0.18;0.06;0.35;0.64;0.91;1.09;1.14;1.11;0.92;0.56;
Apical;0.00;-1.02;-2.20;-3.42;-4.56;-5.47;-6.00;-6.28;-6.47;-6.66;-7.00;-7.66;-8.55;-9.58;-10.72;-11.88;-12.92;-13.90;-14.82;-15.69;-16.48;-17.35;-18.13;-18.84;-19.45;-20.00;-20.44;-20.87;-21.22;-21.61;-21.96;-22.38;-22.77;-23.21;-23.59;-24.02;-24.44;-24.76;-24.56;-23.98;-22.82;-20.90;-18.57;-16.22;-14.16;-12.70;-12.28;-12.45;-12.90;-13.35;-13.54;-13.35;-12.73;-11.82;-10.72;-9.63;-8.64;-7.81;-7.06;-6.39;-5.68;-4.89;-4.05;-3.26;-2.53;-1.96;-1.54;-1.31;-1.16;-1.11;-1.10;-1.18;-1.29;-1.45;-1.65;-1.87;-2.04;-2.19;-2.35;-2.47;-2.59;-2.73;-2.85;-2.90;-2.91;-2.83;-2.71;-2.52;-2.31;-2.05;-1.77;-1.42;-1.05;-0.66;-0.31;-0.01;0.19;0.28;0.23;

----------------------------------------------------------


