PatientInformation
==========================================================
PatientID;No patientID
Name;,,
Date of Birth;
Sex;
Version;AutoStrainCap2 2.1.0.491925

Results
==========================================================
Global
----------------------------------------------------------
LaSr_ED;23.44;%
LaScd_ED;-25.56;%
LaSct_ED;2.12;%
LaSr_AC;23.90;%
LaScd_AC;-26.06;%
LaSct_AC;2.16;%
ED;0.00;ms
ES;386.10;ms
PreA;582.22;ms

Curves
==========================================================
Longitudinal Strain
Unit [%]
Time [ms];0.00;20.43;40.86;61.29;81.72;102.14;122.57;143.00;163.43;183.86;204.29;224.72;245.15;265.57;286.00;306.43;326.86;347.29;367.72;388.15;408.58;429.00;449.43;469.86;490.29;510.72;531.15;551.58;572.01;592.43;612.86;633.29;653.72;674.15;694.58;715.01;735.44;755.87;
LAS_ED;0.00;4.48;5.94;7.31;7.06;8.32;10.04;11.24;12.47;13.82;16.02;17.99;18.70;19.42;20.53;22.08;22.90;22.98;22.69;23.43;21.99;22.11;19.89;14.70;9.61;5.41;1.23;-1.96;-2.17;-1.92;-0.65;1.19;0.43;0.42;0.53;0.29;-1.03;-1.19;
LAS_AC;1.96;6.53;8.01;9.41;9.16;10.44;12.20;13.42;14.68;16.05;18.29;20.31;21.02;21.76;22.89;24.47;25.31;25.40;25.09;25.84;24.38;24.51;22.24;16.95;11.76;7.48;3.21;-0.04;-0.26;0.00;1.30;3.17;2.40;2.39;2.50;2.26;0.91;0.75;

----------------------------------------------------------


