PatientInformation
==========================================================
PatientID;No patientID
Name;,,
Date of Birth;
Sex;
Version;AutoStrainCap2 2.1.0.491925

Results
==========================================================
Global
----------------------------------------------------------
RVFWSL;-30.51;%
RV4CSL;-23.84;%
ED;0.00;ms
ES;394.28;ms

Curves
==========================================================
Longitudinal Strain
Unit [%]
Time [ms];0.00;20.43;40.86;61.29;81.72;102.14;122.57;143.00;163.43;183.86;204.29;224.72;245.15;265.57;286.00;306.43;326.86;347.29;367.72;388.15;408.58;429.00;449.43;469.86;490.29;510.72;531.15;551.58;572.01;592.43;612.86;633.29;653.72;674.15;694.58;715.01;735.44;755.87;
Basal;0.00;-0.13;-1.25;-1.50;-1.62;-2.52;-4.34;-7.13;-10.40;-13.42;-16.61;-19.27;-21.51;-23.88;-25.27;-26.86;-27.84;-28.70;-29.82;-30.18;-29.88;-29.07;-26.32;-23.19;-20.22;-17.02;-14.68;-13.00;-10.86;-9.00;-7.34;-5.90;-4.17;-2.70;-1.61;-0.56;-0.25;0.05;
Mid;0.00;-0.30;-1.37;-1.55;-1.77;-2.89;-5.00;-8.06;-11.57;-14.77;-18.05;-20.90;-23.29;-25.44;-26.48;-27.54;-28.50;-29.58;-30.94;-31.46;-31.32;-30.66;-27.99;-25.09;-22.02;-18.88;-16.28;-14.37;-11.99;-9.85;-7.95;-6.52;-4.89;-3.61;-2.48;-1.19;-0.46;0.04;
Apical;0.00;-0.19;-1.29;-1.55;-2.01;-3.44;-5.98;-9.07;-12.42;-15.30;-18.11;-20.22;-21.81;-23.47;-24.51;-25.45;-26.33;-27.35;-28.35;-28.49;-28.30;-27.68;-25.13;-22.36;-19.44;-16.33;-14.15;-12.55;-10.24;-8.30;-6.71;-5.59;-4.37;-3.39;-2.47;-1.31;-0.64;-0.11;

----------------------------------------------------------


