PatientInformation
==========================================================
PatientID;No patientID
Name;,,
Date of Birth;
Sex;
Version;AutoStrainCap2 2.1.0.491925

Results
==========================================================
Global
----------------------------------------------------------
LaSr_ED;25.19;%
LaScd_ED;-17.45;%
LaSct_ED;-7.74;%
LaSr_AC;23.38;%
LaScd_AC;-16.20;%
LaSct_AC;-7.18;%
ED;0.00;ms
ES;358.31;ms
PreA;549.96;ms

Curves
==========================================================
Longitudinal Strain
Unit [%]
Time [ms];0.00;8.33;16.67;25.00;33.33;41.66;50.00;58.33;66.66;75.00;83.33;91.66;99.99;108.33;116.66;124.99;133.32;141.66;149.99;158.32;166.66;174.99;183.32;191.65;199.99;208.32;216.65;224.99;233.32;241.65;249.98;258.32;266.65;274.98;283.32;291.65;299.98;308.31;316.65;324.98;333.31;341.64;349.98;358.31;366.64;374.98;383.31;391.64;399.97;408.31;416.64;424.97;433.31;441.64;449.97;458.30;466.64;474.97;483.30;491.64;499.97;508.30;516.63;524.97;533.30;541.63;549.96;558.30;566.63;574.96;583.30;591.63;599.96;608.29;616.63;624.96;633.29;641.63;649.96;658.29;666.62;674.96;683.29;691.62;699.96;708.29;716.62;724.95;733.29;
LAS_ED;0.00;-3.68;-6.60;-4.59;-0.98;1.03;2.33;3.08;3.70;4.01;4.48;4.84;5.41;5.81;6.43;6.96;7.58;8.06;8.58;9.08;9.61;10.28;10.99;11.74;12.51;13.18;13.84;14.47;15.10;15.39;15.75;16.17;16.75;17.78;18.96;20.17;21.37;22.14;22.87;23.46;24.13;24.59;25.01;25.19;25.02;24.79;24.13;23.03;21.52;19.20;16.64;14.05;11.66;10.05;8.82;8.02;7.53;7.15;6.95;6.90;6.92;6.84;6.81;6.81;6.95;7.27;7.74;8.08;8.49;8.20;7.95;7.69;7.47;7.67;7.76;7.67;7.12;5.79;4.06;2.05;0.11;-1.90;-3.45;-4.64;-4.97;-4.43;-3.17;-1.83;-0.32;
LAS_AC;-7.18;-10.60;-13.31;-11.45;-8.09;-6.23;-5.02;-4.33;-3.75;-3.46;-3.03;-2.69;-2.17;-1.79;-1.21;-0.73;-0.15;0.29;0.78;1.24;1.74;2.36;3.02;3.71;4.43;5.04;5.66;6.24;6.83;7.10;7.43;7.82;8.36;9.32;10.42;11.54;12.65;13.37;14.04;14.59;15.21;15.64;16.03;16.20;16.04;15.82;15.21;14.19;12.79;10.63;8.26;5.85;3.64;2.14;1.00;0.26;-0.20;-0.55;-0.73;-0.78;-0.76;-0.83;-0.86;-0.86;-0.73;-0.43;0.00;0.31;0.69;0.43;0.20;-0.05;-0.25;-0.07;0.02;-0.06;-0.58;-1.82;-3.42;-5.28;-7.08;-8.95;-10.39;-11.49;-11.80;-11.30;-10.13;-8.88;-7.48;

----------------------------------------------------------


