PatientInformation
==========================================================
PatientID;No patientID
Name;,,
Date of Birth;
Sex;
Version;AutoStrainCap2 2.1.0.491925

Results
==========================================================
Global
----------------------------------------------------------
GLS(3P);-4.73;%
GLS(4Ch);-6.17;%
GLS(2Ch);-5.04;%
GLS(3Ch);-2.98;%
ED;0.00;ms
ES;291.04;ms

Results
==========================================================
Longitudinal Strain
T2P
Minimum
----------------------------------------------------------
Segment 0 [mean];217.71;ms
----------------------------------------------------------
Segment 1 [ant];252.09;ms
Segment 2 [ant/sept];300.77;ms
Segment 3 [inf/sept];235.86;ms
Segment 4 [inf];319.17;ms
Segment 5 [inf/lat];234.78;ms
Segment 6 [ant/lat];254.25;ms
----------------------------------------------------------
Segment 7 [ant];326.74;ms
Segment 8 [ant/sept];94.13;ms
Segment 9 [inf/sept];360.28;ms
Segment 10 [inf];314.84;ms
Segment 11 [inf/lat];0.00;ms
Segment 12 [ant/lat];306.18;ms
----------------------------------------------------------
Segment 13 [ant];80.06;ms
Segment 14 [ant/sept];288.87;ms
Segment 15 [inf/sept];328.90;ms
Segment 16 [inf];85.47;ms
Segment 17 [inf/lat];64.92;ms
Segment 18 [ant/lat];71.41;ms
----------------------------------------------------------


Results
==========================================================
Longitudinal Strain
End-systolic

----------------------------------------------------------
Segment 0 [mean];-4.27;%
----------------------------------------------------------
Segment 1 [ant];-7.25;%
Segment 2 [ant/sept];-4.48;%
Segment 3 [inf/sept];-4.02;%
Segment 4 [inf];-2.43;%
Segment 5 [inf/lat];-9.85;%
Segment 6 [ant/lat];-16.48;%
----------------------------------------------------------
Segment 7 [ant];1.21;%
Segment 8 [ant/sept];-2.48;%
Segment 9 [inf/sept];-3.24;%
Segment 10 [inf];-4.21;%
Segment 11 [inf/lat];7.47;%
Segment 12 [ant/lat];-5.13;%
----------------------------------------------------------
Segment 13 [ant];-5.31;%
Segment 14 [ant/sept];-5.29;%
Segment 15 [inf/sept];-10.38;%
Segment 16 [inf];-6.22;%
Segment 17 [inf/lat];-1.43;%
Segment 18 [ant/lat];2.63;%
----------------------------------------------------------


Results
==========================================================
Longitudinal Strain
Peak-systolic

----------------------------------------------------------
Segment 0 [mean];-7.38;%
----------------------------------------------------------
Segment 1 [ant];-7.90;%
Segment 2 [ant/sept];-4.48;%
Segment 3 [inf/sept];-5.88;%
Segment 4 [inf];-2.43;%
Segment 5 [inf/lat];-18.75;%
Segment 6 [ant/lat];-18.44;%
----------------------------------------------------------
Segment 7 [ant];-1.80;%
Segment 8 [ant/sept];-3.44;%
Segment 9 [inf/sept];-6.55;%
Segment 10 [inf];-4.21;%
Segment 11 [inf/lat];0.00;%
Segment 12 [ant/lat];-5.24;%
----------------------------------------------------------
Segment 13 [ant];-5.92;%
Segment 14 [ant/sept];-5.30;%
Segment 15 [inf/sept];-10.83;%
Segment 16 [inf];-11.23;%
Segment 17 [inf/lat];-12.24;%
Segment 18 [ant/lat];-8.17;%
----------------------------------------------------------


Curves
==========================================================
Longitudinal Strain
Unit [%]
Time [ms];0.00;10.82;21.64;32.46;43.28;54.10;64.92;75.73;86.55;97.37;108.19;119.01;129.83;140.65;151.47;162.29;173.11;183.93;194.75;205.56;216.38;227.20;238.02;248.84;259.66;270.48;281.30;292.12;302.94;313.76;324.58;335.40;346.21;357.03;367.85;378.67;389.49;400.31;411.13;421.95;432.77;443.59;454.41;465.23;476.04;486.86;497.68;508.50;519.32;530.14;540.96;551.78;562.60;573.42;584.24;595.06;605.88;616.69;627.51;638.33;649.15;659.97;670.79;681.61;692.43;703.25;714.07;724.89;735.71;746.52;757.34;768.16;778.98;789.80;800.62;811.44;822.26;833.08;843.90;854.72;865.54;876.36;887.17;897.99;908.81;
Total;0.00;-0.23;0.26;0.39;-0.17;-1.16;-1.96;-2.48;-2.66;-2.60;-2.50;-2.48;-2.52;-2.60;-2.67;-2.73;-2.78;-2.85;-2.95;-3.08;-3.26;-3.44;-3.66;-3.87;-4.06;-4.18;-4.28;-4.30;-4.20;-3.83;-3.14;-1.99;-0.62;0.80;1.88;2.76;3.60;4.31;5.00;5.53;5.97;6.22;6.37;6.43;6.45;6.44;6.39;6.32;6.21;6.11;6.01;5.94;5.87;5.78;5.67;5.54;5.42;5.30;5.20;5.09;4.98;4.87;4.75;4.63;4.52;4.40;4.29;4.18;4.08;3.98;3.89;3.78;3.64;3.48;3.36;3.33;3.53;3.96;4.71;5.74;7.17;8.86;9.98;9.39;5.85;
Segment 1;0.00;-0.42;-0.17;1.25;1.54;1.27;0.78;0.19;-0.13;-0.52;-0.89;-1.46;-2.09;-2.77;-3.47;-4.15;-4.77;-5.30;-5.76;-6.18;-6.63;-7.10;-7.55;-7.88;-7.81;-7.53;-7.36;-7.24;-7.08;-6.67;-5.29;-2.67;0.65;4.11;6.20;7.83;9.11;9.90;10.28;10.49;10.66;10.78;10.87;10.82;10.64;10.31;9.95;9.55;9.13;8.75;8.40;8.13;7.94;7.73;7.54;7.30;7.13;6.99;6.90;6.81;6.67;6.48;6.26;6.07;5.98;5.90;5.86;5.77;5.69;5.61;5.55;5.49;5.36;5.13;4.76;4.39;4.52;4.59;5.53;6.68;9.08;11.77;12.87;11.87;5.71;
Segment 2;0.00;0.09;1.60;2.36;2.82;2.62;2.20;1.78;1.37;1.27;1.21;1.20;1.15;0.91;0.57;0.19;-0.18;-0.55;-0.88;-1.19;-1.48;-1.80;-2.10;-2.47;-2.92;-3.54;-4.10;-4.51;-4.61;-4.36;-3.79;-3.03;-2.04;-0.65;0.76;1.99;2.92;3.23;3.24;3.15;3.09;3.26;3.54;3.82;4.05;4.03;3.92;3.77;3.57;3.50;3.43;3.41;3.42;3.39;3.39;3.40;3.39;3.34;3.28;3.24;3.23;3.34;3.49;3.63;3.74;3.72;3.64;3.50;3.32;3.07;2.83;2.65;2.59;2.76;3.10;3.58;4.10;4.65;5.17;5.67;6.26;6.95;7.28;6.58;4.34;
Segment 3;0.00;0.89;1.72;2.63;2.53;2.12;1.66;0.95;0.60;0.06;-0.49;-0.95;-1.58;-2.14;-2.71;-3.23;-3.68;-4.15;-4.69;-5.21;-5.55;-5.81;-5.88;-5.76;-5.56;-5.25;-4.72;-3.93;-2.83;-1.42;0.19;2.37;4.45;6.30;7.01;6.41;5.55;4.20;3.91;3.29;3.43;3.33;3.52;3.77;3.85;3.94;3.78;3.74;3.66;3.63;3.54;3.37;3.12;2.85;2.60;2.40;2.22;2.04;1.89;1.73;1.56;1.41;1.26;1.13;1.04;0.94;0.92;0.81;0.77;0.61;0.54;0.39;0.21;0.14;0.09;0.03;0.26;0.70;2.17;4.10;6.03;8.02;9.43;9.18;6.85;
Segment 4;0.00;-0.96;0.85;3.92;6.46;8.13;9.42;10.16;10.08;9.96;9.43;9.02;8.33;7.70;6.79;5.91;5.00;4.16;3.45;2.66;1.99;1.07;0.44;-0.16;-0.18;-0.24;-0.93;-2.65;-5.06;-6.99;-7.01;-4.40;-0.52;3.90;6.03;7.45;7.84;7.91;7.83;7.42;7.06;6.88;6.92;7.32;8.27;9.33;10.49;10.91;10.94;10.90;10.94;11.46;11.82;12.07;11.70;11.10;10.42;9.79;9.25;8.78;8.34;7.95;7.59;7.32;7.16;7.09;7.05;7.15;7.30;7.48;7.71;7.91;7.91;7.54;6.67;5.65;5.40;5.86;7.76;10.15;13.97;18.15;20.24;18.67;9.57;
Segment 5;0.00;-1.05;-0.77;-2.70;-4.14;-6.27;-6.91;-7.43;-8.02;-8.37;-9.16;-9.96;-10.95;-12.06;-13.24;-14.36;-15.41;-16.43;-17.34;-17.97;-18.50;-18.67;-18.71;-18.06;-17.19;-14.90;-12.46;-9.56;-6.92;-4.46;-2.38;-0.61;0.97;1.82;2.57;3.05;3.65;4.34;5.23;5.91;6.68;6.46;6.23;5.84;5.40;5.16;4.83;4.59;4.16;3.80;3.31;3.03;2.93;3.18;3.64;4.07;4.44;4.18;3.83;3.24;2.66;2.14;1.59;1.06;0.32;-0.24;-0.92;-1.45;-1.64;-1.42;-0.91;-0.58;-0.51;-1.17;-1.92;-2.50;-2.33;-0.68;1.78;4.67;7.62;10.41;12.05;11.82;8.36;
Segment 6;0.00;2.02;5.11;8.45;9.42;7.79;5.24;3.02;1.13;0.09;-1.18;-2.32;-3.88;-5.51;-7.38;-9.35;-11.18;-12.84;-14.27;-15.46;-16.57;-17.38;-17.98;-18.39;-18.40;-18.08;-17.48;-16.39;-15.54;-13.56;-11.41;-6.97;-2.22;2.76;6.42;8.10;9.45;9.63;9.84;9.46;9.30;9.91;10.88;11.86;12.51;12.68;12.65;12.47;12.15;11.78;11.39;10.95;10.50;10.06;9.60;9.08;8.59;8.08;7.63;7.19;6.72;6.42;6.20;5.98;5.75;5.47;5.19;4.93;4.62;4.29;3.94;3.52;3.03;2.55;2.07;1.31;0.80;0.53;0.87;1.67;2.95;5.06;7.50;8.50;6.18;
Segment 7;0.00;-1.60;-1.65;-0.87;-0.13;0.35;0.66;0.80;0.77;0.74;0.68;0.76;0.79;0.93;1.05;1.29;1.53;1.79;2.06;2.24;2.44;2.36;2.38;2.28;2.36;2.25;1.95;1.10;-0.14;-1.22;-1.94;-1.69;-1.01;0.16;0.97;1.80;2.81;3.72;4.58;5.44;6.07;6.55;6.71;6.75;6.78;6.79;6.73;6.63;6.50;6.35;6.19;6.05;5.93;5.88;5.87;5.93;6.02;6.16;6.32;6.49;6.60;6.65;6.69;6.73;6.80;6.88;6.98;7.05;7.12;7.20;7.31;7.44;7.55;7.63;7.63;7.67;7.63;7.61;7.69;8.35;9.79;11.47;12.11;10.32;5.59;
Segment 8;0.00;-0.47;-0.02;-0.81;-1.63;-2.53;-3.04;-3.33;-3.42;-3.44;-3.37;-3.27;-3.07;-2.83;-2.50;-2.18;-1.82;-1.55;-1.28;-1.08;-0.96;-1.18;-1.49;-1.86;-2.26;-2.48;-2.61;-2.45;-2.02;-0.81;0.62;2.16;3.42;3.78;3.71;3.42;3.11;2.99;2.96;2.87;2.80;2.57;2.35;2.09;1.85;1.62;1.39;1.16;0.94;0.72;0.55;0.40;0.30;0.24;0.22;0.19;0.18;0.16;0.15;0.12;0.11;0.04;-0.03;-0.09;-0.15;-0.13;-0.14;-0.16;-0.19;-0.25;-0.28;-0.30;-0.26;-0.17;0.03;0.46;1.11;2.31;3.67;5.10;6.33;6.92;6.79;5.82;3.54;
Segment 9;0.00;0.12;-1.28;-2.65;-4.10;-5.28;-6.08;-6.54;-6.35;-6.04;-5.62;-5.40;-5.20;-4.99;-4.73;-4.40;-4.04;-3.68;-3.31;-3.00;-2.65;-2.50;-2.36;-2.31;-2.41;-2.66;-2.96;-3.27;-3.63;-3.96;-4.26;-5.05;-6.00;-6.63;-6.38;-5.15;-3.51;-1.94;-0.48;0.80;1.85;2.27;2.26;2.13;2.05;2.05;2.06;2.07;2.11;2.16;2.16;2.11;2.02;1.93;1.89;1.87;1.90;1.95;2.02;2.09;2.18;2.27;2.37;2.47;2.54;2.60;2.64;2.72;2.78;2.89;2.93;2.94;2.95;3.14;3.84;5.01;6.59;7.77;8.06;7.71;7.47;7.86;8.53;8.10;5.10;
Segment 10;0.00;-1.08;-1.19;-0.52;-0.78;-1.46;-2.21;-2.65;-2.40;-2.23;-1.87;-2.23;-2.37;-2.80;-2.88;-3.02;-3.05;-3.04;-3.13;-3.11;-3.21;-3.25;-3.34;-3.35;-3.41;-3.53;-3.86;-4.25;-4.57;-4.73;-4.59;-4.03;-3.01;-1.66;-0.46;0.68;1.49;2.18;2.66;2.99;3.47;3.65;4.16;4.54;4.74;4.85;4.80;4.68;4.46;4.19;4.00;3.81;3.70;3.51;3.39;3.18;3.02;2.88;2.79;2.74;2.69;2.63;2.54;2.49;2.42;2.37;2.32;2.27;2.22;2.20;2.20;2.17;2.10;1.95;1.76;1.73;1.88;2.63;3.68;5.44;7.67;9.84;11.47;10.85;5.33;
Segment 11;0.00;5.96;12.31;14.82;14.73;13.09;11.37;9.88;8.78;8.23;8.04;7.95;7.96;7.85;7.66;7.54;7.25;7.18;6.93;6.93;7.00;7.40;7.92;8.47;8.70;8.23;7.73;7.47;8.00;9.66;11.99;14.24;16.34;17.49;18.24;18.68;18.85;18.90;18.77;18.68;18.47;18.39;18.24;18.07;17.90;17.71;17.57;17.45;17.40;17.42;17.46;17.44;17.25;16.54;15.68;14.84;14.17;14.11;14.23;14.41;14.57;14.58;14.51;14.38;14.19;13.83;13.44;13.02;12.52;11.74;10.88;10.01;9.13;8.54;8.01;7.62;7.30;6.82;6.52;6.35;6.58;6.98;7.23;6.04;4.06;
Segment 12;0.00;0.46;2.07;4.25;4.69;3.60;2.11;0.96;0.51;0.49;0.46;-0.01;-0.76;-1.62;-2.35;-2.93;-3.42;-3.85;-4.28;-4.67;-4.98;-5.14;-5.23;-5.24;-5.22;-5.20;-5.14;-5.13;-5.27;-5.18;-4.56;-3.09;-1.05;0.93;2.44;3.34;3.86;4.46;5.06;5.83;6.50;6.95;7.21;7.36;7.45;7.51;7.54;7.54;7.40;7.24;7.08;6.92;6.78;6.61;6.42;6.25;6.09;6.05;6.17;6.38;6.59;6.61;6.47;6.28;6.07;5.98;5.86;5.72;5.55;5.36;5.14;4.91;4.69;4.54;4.53;4.76;5.15;5.68;6.19;6.79;7.70;9.01;10.16;10.04;7.27;
Segment 13;0.00;-2.13;-2.86;-2.97;-3.59;-4.56;-5.42;-5.88;-5.84;-5.49;-5.05;-4.99;-4.94;-5.12;-5.13;-5.24;-5.30;-5.29;-5.26;-5.15;-5.22;-5.02;-5.15;-5.13;-5.42;-5.61;-5.66;-5.24;-4.36;-3.48;-2.87;-2.94;-3.07;-3.04;-2.95;-2.33;-0.92;1.38;4.30;7.20;9.36;10.42;10.66;10.51;10.41;10.27;10.09;9.91;9.74;9.57;9.42;9.27;9.14;9.03;9.04;9.06;9.07;9.06;9.04;9.01;8.96;8.88;8.80;8.74;8.66;8.60;8.55;8.50;8.44;8.36;8.23;8.06;7.85;7.61;7.44;7.22;7.09;6.94;7.06;7.59;8.78;10.14;10.43;8.69;4.71;
Segment 14;0.00;-0.75;-0.29;-1.28;-2.51;-3.57;-4.34;-4.66;-4.51;-4.56;-4.35;-3.99;-3.55;-3.52;-3.48;-3.46;-3.47;-2.94;-2.57;-2.48;-2.67;-2.77;-3.10;-3.64;-4.21;-4.81;-5.20;-5.29;-5.07;-5.02;-4.73;-4.20;-3.64;-3.07;-2.65;-2.44;-2.39;-2.35;-2.38;-2.49;-2.57;-2.63;-2.63;-2.54;-2.40;-2.24;-2.02;-1.79;-1.48;-1.21;-0.90;-0.62;-0.37;-0.08;0.17;0.40;0.58;0.69;0.75;0.78;0.80;0.87;0.94;1.03;1.15;1.24;1.36;1.46;1.54;1.56;1.56;1.58;1.65;1.78;1.98;2.31;2.69;2.89;3.19;3.75;4.51;5.92;6.72;6.38;3.98;
Segment 15;0.00;-1.37;-2.91;-4.84;-7.02;-9.04;-10.31;-10.75;-10.77;-10.12;-9.31;-8.55;-7.89;-7.25;-6.63;-6.03;-5.46;-4.98;-4.63;-4.49;-4.62;-4.93;-5.52;-6.38;-7.31;-8.27;-9.37;-10.48;-11.39;-12.15;-12.67;-12.63;-12.02;-10.53;-8.52;-6.19;-3.25;-0.35;2.09;3.97;5.07;5.66;5.65;5.28;4.88;4.55;4.37;4.22;3.97;3.74;3.51;3.34;3.20;3.06;2.95;2.89;2.84;2.77;2.63;2.48;2.36;2.25;2.17;2.12;2.04;1.93;1.82;1.68;1.61;1.50;1.39;1.23;1.12;1.16;1.38;2.03;2.73;3.64;4.51;5.56;6.82;8.55;10.23;10.34;7.54;
Segment 16;0.00;-2.48;-4.00;-5.61;-7.17;-8.81;-10.15;-10.92;-11.23;-10.87;-10.33;-9.56;-8.84;-7.95;-7.19;-6.39;-5.64;-5.02;-4.50;-4.19;-3.98;-3.85;-3.91;-4.20;-4.81;-5.49;-5.96;-6.24;-6.44;-6.79;-7.59;-8.57;-9.77;-10.70;-10.98;-10.58;-9.40;-7.87;-6.17;-4.43;-2.91;-1.66;-0.79;-0.34;-0.12;-0.14;-0.24;-0.36;-0.43;-0.42;-0.35;-0.27;-0.16;-0.11;-0.18;-0.32;-0.47;-0.64;-0.81;-0.95;-1.07;-1.18;-1.26;-1.34;-1.37;-1.40;-1.39;-1.32;-1.22;-1.12;-1.10;-1.18;-1.29;-1.41;-1.51;-1.43;-1.10;-0.07;1.38;3.38;5.56;7.67;9.35;9.07;5.08;
Segment 17;0.00;-2.78;-4.37;-7.05;-10.39;-11.87;-12.24;-11.89;-10.86;-10.01;-8.69;-7.13;-5.36;-2.93;-0.44;2.00;4.16;5.07;5.53;5.58;5.20;4.59;3.54;2.28;0.95;-0.15;-0.97;-1.45;-1.22;-0.77;0.43;1.98;3.77;5.34;6.74;7.87;8.58;8.87;8.81;8.64;8.38;8.30;8.24;8.28;8.36;8.63;8.93;9.30;9.69;9.95;10.16;10.31;10.36;10.51;10.59;10.62;10.64;10.49;10.35;10.21;10.05;9.87;9.66;9.43;9.27;9.12;9.02;8.88;8.64;8.42;8.14;7.87;7.74;7.66;7.74;7.75;7.89;7.74;7.86;8.24;9.02;10.40;11.29;10.60;7.65;
Segment 18;0.00;0.63;-0.79;-2.89;-5.11;-6.95;-7.99;-8.08;-7.19;-5.75;-4.19;-3.28;-2.61;-2.01;-1.27;-0.37;0.57;1.52;2.48;3.27;3.83;4.20;4.32;4.22;3.98;3.63;3.13;2.58;2.20;1.80;1.42;0.69;0.06;-0.12;0.13;0.78;1.85;3.05;4.04;4.77;5.07;5.21;5.02;4.50;3.85;3.23;2.71;2.39;2.28;2.32;2.39;2.42;2.39;2.32;2.29;2.32;2.37;2.39;2.27;2.13;2.00;1.96;1.96;1.95;1.90;1.79;1.65;1.50;1.41;1.34;1.26;1.22;1.21;1.22;1.24;1.20;1.27;1.43;1.65;2.01;2.75;3.85;4.92;5.12;3.48;

----------------------------------------------------------


Curves
==========================================================
Longitudinal Strain Rate
Unit [1/s]
Time [ms];0.00;10.82;21.64;32.46;43.28;54.10;64.92;75.73;86.55;97.37;108.19;119.01;129.83;140.65;151.47;162.29;173.11;183.93;194.75;205.56;216.38;227.20;238.02;248.84;259.66;270.48;281.30;292.12;302.94;313.76;324.58;335.40;346.21;357.03;367.85;378.67;389.49;400.31;411.13;421.95;432.77;443.59;454.41;465.23;476.04;486.86;497.68;508.50;519.32;530.14;540.96;551.78;562.60;573.42;584.24;595.06;605.88;616.69;627.51;638.33;649.15;659.97;670.79;681.61;692.43;703.25;714.07;724.89;735.71;746.52;757.34;768.16;778.98;789.80;800.62;811.44;822.26;833.08;843.90;854.72;865.54;876.36;887.17;897.99;908.81;
Segment 1;-0.46;-0.17;0.89;0.91;-0.07;-0.37;-0.53;-0.42;-0.31;-0.34;-0.43;-0.57;-0.60;-0.64;-0.64;-0.60;-0.53;-0.46;-0.40;-0.40;-0.43;-0.43;-0.39;-0.13;0.20;0.22;0.13;0.12;0.21;0.76;1.86;2.81;3.27;2.60;1.64;1.35;0.96;0.52;0.25;0.17;0.13;0.11;0.02;-0.11;-0.24;-0.32;-0.35;-0.38;-0.37;-0.34;-0.29;-0.20;-0.18;-0.19;-0.20;-0.19;-0.14;-0.11;-0.08;-0.11;-0.16;-0.19;-0.20;-0.13;-0.07;-0.06;-0.06;-0.08;-0.07;-0.07;-0.05;-0.08;-0.16;-0.28;-0.39;-0.10;0.07;0.45;0.94;1.62;2.54;1.87;0.30;-3.48;-5.84;
Segment 2;-0.13;0.80;1.16;0.55;0.13;-0.34;-0.40;-0.40;-0.24;-0.06;-0.03;-0.01;-0.13;-0.28;-0.34;-0.34;-0.34;-0.33;-0.29;-0.28;-0.28;-0.28;-0.31;-0.37;-0.50;-0.56;-0.46;-0.25;0.07;0.39;0.62;0.79;1.11;1.33;1.24;1.03;0.57;0.12;-0.06;-0.09;0.05;0.22;0.27;0.25;0.10;-0.07;-0.12;-0.17;-0.13;-0.06;-0.05;-0.00;-0.01;-0.01;0.01;-0.00;-0.03;-0.05;-0.05;-0.03;0.05;0.13;0.14;0.13;0.04;-0.05;-0.10;-0.14;-0.20;-0.23;-0.20;-0.12;0.04;0.24;0.39;0.47;0.50;0.50;0.46;0.49;0.62;0.54;-0.10;-1.28;-3.13;
Segment 3;0.83;0.78;0.87;0.40;-0.31;-0.40;-0.57;-0.49;-0.38;-0.53;-0.46;-0.50;-0.56;-0.52;-0.51;-0.44;-0.42;-0.47;-0.50;-0.40;-0.28;-0.16;0.03;0.15;0.23;0.38;0.60;0.87;1.17;1.37;1.76;2.02;1.88;1.26;-0.02;-0.71;-1.10;-0.77;-0.40;-0.23;0.05;0.01;0.24;0.15;0.08;-0.04;-0.11;-0.05;-0.05;-0.05;-0.12;-0.20;-0.24;-0.25;-0.21;-0.18;-0.16;-0.15;-0.15;-0.16;-0.15;-0.14;-0.13;-0.10;-0.09;-0.05;-0.06;-0.07;-0.09;-0.11;-0.09;-0.17;-0.12;-0.04;-0.07;0.07;0.26;0.86;1.64;1.80;1.84;1.68;0.61;-0.98;-4.34;
Segment 4;-1.27;0.32;2.48;2.72;1.93;1.34;0.97;0.27;-0.11;-0.31;-0.44;-0.51;-0.61;-0.71;-0.84;-0.83;-0.82;-0.70;-0.69;-0.66;-0.75;-0.73;-0.59;-0.29;0.05;-0.29;-1.10;-2.00;-2.17;-1.04;1.24;3.12;4.07;3.10;1.55;0.82;0.15;0.01;-0.24;-0.39;-0.26;-0.07;0.18;0.64;0.95;1.08;0.77;0.16;-0.03;-0.04;0.28;0.45;0.31;-0.05;-0.49;-0.60;-0.62;-0.54;-0.46;-0.42;-0.38;-0.35;-0.29;-0.20;-0.11;-0.05;0.03;0.12;0.15;0.19;0.21;0.12;-0.15;-0.59;-0.96;-0.63;0.06;1.12;1.98;2.85;3.92;3.11;0.63;-5.14;-9.14;
Segment 5;-1.20;-0.18;-0.71;-1.67;-1.70;-1.35;-0.42;-0.54;-0.41;-0.51;-0.76;-0.82;-0.98;-1.07;-1.07;-1.00;-0.96;-0.91;-0.71;-0.54;-0.32;-0.12;0.28;0.65;1.46;2.25;2.48;2.60;2.36;2.11;1.76;1.58;1.12;0.71;0.56;0.48;0.59;0.75;0.73;0.73;0.26;-0.27;-0.27;-0.41;-0.31;-0.26;-0.25;-0.31;-0.37;-0.40;-0.38;-0.19;0.07;0.36;0.42;0.41;0.05;-0.31;-0.44;-0.56;-0.50;-0.50;-0.48;-0.60;-0.61;-0.57;-0.59;-0.35;0.02;0.38;0.42;0.22;-0.28;-0.71;-0.66;-0.28;0.84;1.97;2.51;2.73;2.73;2.14;0.76;-1.48;-5.64;
Segment 6;1.72;2.33;3.19;2.18;-0.41;-2.12;-2.27;-1.93;-1.31;-1.02;-1.11;-1.23;-1.49;-1.61;-1.80;-1.77;-1.62;-1.43;-1.20;-1.07;-0.89;-0.64;-0.48;-0.20;0.16;0.40;0.83;0.85;1.29;1.83;3.03;4.38;4.58;4.15;2.38;1.35;0.69;0.14;-0.08;-0.34;0.20;0.78;0.94;0.78;0.37;0.04;-0.10;-0.24;-0.33;-0.35;-0.38;-0.41;-0.41;-0.41;-0.46;-0.47;-0.46;-0.45;-0.41;-0.43;-0.36;-0.23;-0.20;-0.20;-0.24;-0.27;-0.24;-0.26;-0.30;-0.31;-0.35;-0.43;-0.46;-0.42;-0.59;-0.62;-0.38;0.02;0.54;0.93;1.56;2.24;1.81;-0.44;-4.12;
Segment 7;-1.69;-0.81;0.45;0.77;0.56;0.36;0.21;0.04;-0.04;-0.05;0.01;0.06;0.08;0.12;0.16;0.23;0.23;0.25;0.21;0.19;0.05;-0.04;-0.04;-0.01;0.01;-0.17;-0.51;-1.01;-1.12;-0.88;-0.22;0.46;0.90;0.95;0.71;0.86;0.90;0.81;0.81;0.70;0.52;0.30;0.07;0.03;0.02;-0.02;-0.07;-0.11;-0.14;-0.15;-0.14;-0.12;-0.08;-0.03;0.02;0.07;0.11;0.15;0.16;0.13;0.07;0.03;0.03;0.05;0.07;0.08;0.08;0.06;0.07;0.08;0.12;0.12;0.09;0.03;0.02;0.01;-0.04;-0.00;0.30;0.98;1.55;1.24;-0.40;-3.12;-4.96;
Segment 8;-0.59;0.09;-0.09;-0.83;-0.82;-0.67;-0.35;-0.17;-0.04;0.03;0.08;0.14;0.21;0.26;0.30;0.32;0.29;0.25;0.22;0.17;-0.05;-0.27;-0.31;-0.37;-0.29;-0.17;0.01;0.24;0.76;1.26;1.40;1.37;0.75;0.08;-0.19;-0.30;-0.20;-0.05;-0.05;-0.07;-0.14;-0.22;-0.22;-0.23;-0.22;-0.21;-0.21;-0.21;-0.20;-0.18;-0.15;-0.12;-0.07;-0.04;-0.02;-0.02;-0.01;-0.01;-0.02;-0.01;-0.04;-0.07;-0.06;-0.06;-0.02;0.01;-0.01;-0.03;-0.04;-0.04;-0.02;0.01;0.05;0.13;0.29;0.48;0.86;1.21;1.31;1.27;0.87;0.22;-0.47;-1.47;-2.77;
Segment 9;0.33;-0.61;-1.38;-1.30;-1.25;-0.92;-0.61;-0.11;0.27;0.36;0.31;0.18;0.19;0.21;0.27;0.32;0.33;0.34;0.31;0.31;0.23;0.13;0.10;-0.02;-0.17;-0.26;-0.28;-0.31;-0.33;-0.25;-0.49;-0.86;-0.79;-0.22;0.71;1.40;1.51;1.40;1.27;1.11;0.69;0.16;-0.09;-0.11;-0.04;0.01;0.01;0.02;0.05;0.02;-0.02;-0.07;-0.09;-0.06;-0.03;0.01;0.04;0.06;0.07;0.07;0.08;0.09;0.09;0.08;0.06;0.04;0.05;0.07;0.08;0.07;0.02;-0.00;0.06;0.39;0.87;1.32;1.36;0.70;-0.10;-0.35;0.06;0.59;0.29;-1.52;-3.90;
Segment 10;-1.12;-0.61;0.39;0.27;-0.50;-0.70;-0.60;-0.05;0.22;0.28;-0.00;-0.26;-0.27;-0.25;-0.08;-0.09;0.01;-0.04;-0.03;-0.03;-0.07;-0.06;-0.05;-0.02;-0.08;-0.21;-0.35;-0.34;-0.24;-0.02;0.32;0.73;1.14;1.20;1.09;0.90;0.69;0.55;0.35;0.39;0.29;0.30;0.45;0.26;0.14;0.02;-0.08;-0.16;-0.24;-0.21;-0.18;-0.13;-0.14;-0.15;-0.15;-0.18;-0.14;-0.11;-0.06;-0.05;-0.05;-0.07;-0.06;-0.06;-0.06;-0.04;-0.05;-0.05;-0.03;-0.01;-0.01;-0.04;-0.10;-0.17;-0.11;0.03;0.41;0.82;1.28;1.90;2.08;1.87;0.79;-3.01;-5.35;
Segment 11;5.39;5.95;4.30;0.95;-0.95;-1.66;-1.50;-1.22;-0.76;-0.32;-0.12;-0.02;-0.04;-0.15;-0.13;-0.21;-0.16;-0.14;-0.13;0.03;0.21;0.44;0.52;0.41;-0.13;-0.51;-0.40;0.07;1.02;1.92;2.16;2.06;1.52;0.83;0.55;0.27;0.10;-0.05;-0.11;-0.14;-0.14;-0.09;-0.15;-0.16;-0.17;-0.16;-0.12;-0.08;-0.01;0.03;0.02;-0.06;-0.42;-0.77;-0.80;-0.74;-0.34;0.07;0.15;0.17;0.08;-0.03;-0.09;-0.14;-0.26;-0.36;-0.37;-0.40;-0.59;-0.78;-0.81;-0.83;-0.68;-0.50;-0.43;-0.31;-0.37;-0.38;-0.23;0.03;0.32;0.40;-0.40;-1.41;-2.82;
Segment 12;0.26;0.91;1.95;1.35;-0.40;-1.31;-1.28;-0.75;-0.17;0.03;-0.21;-0.59;-0.77;-0.75;-0.61;-0.49;-0.41;-0.39;-0.38;-0.33;-0.22;-0.11;-0.04;0.00;0.02;0.04;0.04;-0.08;-0.06;0.29;0.96;1.68;1.92;1.64;1.11;0.61;0.49;0.56;0.64;0.69;0.52;0.32;0.18;0.11;0.07;0.04;0.02;-0.06;-0.15;-0.15;-0.15;-0.14;-0.14;-0.17;-0.17;-0.16;-0.10;0.04;0.16;0.21;0.12;-0.07;-0.16;-0.19;-0.13;-0.09;-0.12;-0.14;-0.17;-0.19;-0.21;-0.22;-0.18;-0.08;0.10;0.29;0.43;0.48;0.49;0.68;1.05;1.23;0.61;-1.10;-4.78;
Segment 13;-2.16;-1.36;-0.26;-0.28;-0.78;-0.89;-0.64;-0.19;0.21;0.41;0.23;0.04;-0.07;-0.09;-0.04;-0.09;-0.02;0.01;0.08;0.00;0.07;0.04;-0.05;-0.12;-0.25;-0.13;0.14;0.63;0.86;0.73;0.23;-0.15;-0.04;0.04;0.28;0.91;1.72;2.47;2.77;2.41;1.49;0.55;-0.01;-0.13;-0.10;-0.15;-0.17;-0.16;-0.16;-0.15;-0.14;-0.13;-0.12;-0.05;0.02;0.01;0.00;-0.01;-0.02;-0.04;-0.06;-0.07;-0.06;-0.07;-0.07;-0.05;-0.04;-0.05;-0.06;-0.09;-0.14;-0.17;-0.22;-0.19;-0.18;-0.16;-0.14;-0.04;0.28;0.80;1.28;0.90;-0.59;-2.73;-4.15;
Segment 14;-0.89;-0.02;-0.14;-1.15;-1.08;-0.86;-0.52;-0.04;0.06;0.05;0.27;0.41;0.22;0.00;0.04;-0.04;0.25;0.47;0.22;-0.07;-0.14;-0.18;-0.42;-0.52;-0.55;-0.48;-0.23;0.10;0.13;0.13;0.40;0.51;0.53;0.47;0.29;0.11;0.04;0.01;-0.07;-0.09;-0.07;-0.03;0.04;0.11;0.14;0.17;0.21;0.26;0.27;0.27;0.28;0.24;0.25;0.25;0.22;0.20;0.13;0.07;0.04;0.02;0.04;0.07;0.07;0.10;0.10;0.10;0.11;0.09;0.05;0.01;0.01;0.04;0.09;0.15;0.24;0.35;0.26;0.20;0.40;0.58;1.05;1.13;0.30;-1.23;-3.08;
Segment 15;-1.25;-1.32;-1.60;-1.93;-2.00;-1.56;-0.76;-0.21;0.30;0.72;0.74;0.65;0.60;0.58;0.57;0.55;0.49;0.39;0.24;0.00;-0.20;-0.41;-0.69;-0.85;-0.87;-0.95;-1.04;-0.95;-0.77;-0.62;-0.24;0.28;0.97;1.66;1.99;2.45;2.77;2.49;2.02;1.37;0.77;0.26;-0.21;-0.38;-0.35;-0.23;-0.14;-0.18;-0.23;-0.21;-0.18;-0.14;-0.13;-0.12;-0.07;-0.04;-0.05;-0.10;-0.14;-0.13;-0.10;-0.09;-0.06;-0.06;-0.09;-0.10;-0.12;-0.10;-0.08;-0.10;-0.13;-0.14;-0.04;0.10;0.41;0.63;0.75;0.82;0.87;1.05;1.39;1.69;0.99;-1.01;-4.94;
Segment 16;-2.43;-1.84;-1.38;-1.47;-1.49;-1.42;-0.98;-0.51;0.05;0.44;0.62;0.69;0.75;0.77;0.71;0.73;0.63;0.53;0.38;0.23;0.16;0.04;-0.15;-0.43;-0.63;-0.55;-0.34;-0.20;-0.22;-0.53;-0.83;-1.03;-1.04;-0.58;0.05;0.75;1.29;1.51;1.61;1.52;1.29;0.99;0.60;0.30;0.08;-0.07;-0.11;-0.09;-0.03;0.04;0.07;0.09;0.09;-0.01;-0.10;-0.14;-0.15;-0.16;-0.14;-0.12;-0.11;-0.08;-0.08;-0.05;-0.03;-0.02;0.04;0.08;0.10;0.06;-0.03;-0.09;-0.11;-0.11;-0.02;0.15;0.62;1.15;1.60;1.97;2.01;1.85;0.88;-2.03;-4.44;
Segment 17;-2.76;-1.94;-1.82;-3.00;-2.34;-0.76;0.01;0.70;0.88;0.97;1.36;1.51;1.94;2.32;2.29;2.21;1.43;0.57;0.24;-0.16;-0.46;-0.77;-1.09;-1.22;-1.15;-0.89;-0.63;-0.10;0.31;0.75;1.30;1.58;1.57;1.37;1.18;0.86;0.46;0.09;-0.12;-0.22;-0.16;-0.06;-0.01;0.05;0.16;0.27;0.31;0.37;0.30;0.21;0.17;0.08;0.09;0.12;0.04;0.03;-0.06;-0.14;-0.13;-0.14;-0.15;-0.18;-0.21;-0.18;-0.14;-0.11;-0.10;-0.18;-0.21;-0.23;-0.27;-0.19;-0.10;0.01;0.04;0.09;-0.01;-0.05;0.23;0.50;1.05;1.18;0.18;-1.45;-5.01;
Segment 18;0.87;-0.33;-1.76;-2.05;-1.93;-1.36;-0.53;0.39;1.12;1.47;1.16;0.69;0.56;0.60;0.77;0.86;0.87;0.89;0.82;0.62;0.43;0.23;0.00;-0.16;-0.27;-0.39;-0.51;-0.43;-0.35;-0.34;-0.52;-0.68;-0.39;0.04;0.41;0.81;1.09;1.04;0.81;0.47;0.19;-0.01;-0.34;-0.56;-0.60;-0.54;-0.39;-0.19;-0.02;0.07;0.05;-0.01;-0.05;-0.05;-0.00;0.04;0.04;-0.04;-0.13;-0.13;-0.08;-0.01;0.00;-0.03;-0.07;-0.12;-0.14;-0.11;-0.07;-0.07;-0.06;-0.03;-0.00;0.02;-0.01;0.00;0.11;0.17;0.25;0.49;0.87;1.07;0.70;-0.59;-2.48;

----------------------------------------------------------


Curves
==========================================================
Global Strain A2C
Unit [%]
Time [ms];0.00;10.82;21.64;32.46;43.28;54.10;64.92;75.73;86.55;97.37;108.19;119.01;129.83;140.65;151.47;162.29;173.11;183.93;194.75;205.56;216.38;227.20;238.02;248.84;259.66;270.48;281.30;292.12;302.94;313.76;324.58;335.40;346.21;357.03;367.85;378.67;389.49;400.31;411.13;421.95;432.77;443.59;454.41;465.23;476.04;486.86;497.68;508.50;519.32;530.14;540.96;551.78;562.60;573.42;584.24;595.06;605.88;616.69;627.51;638.33;649.15;659.97;670.79;681.61;692.43;703.25;714.07;724.89;735.71;746.52;757.34;768.16;778.98;789.80;800.62;811.44;822.26;833.08;843.90;854.72;865.54;876.36;887.17;897.99;908.81;
Total;0.00;-1.45;-1.52;-0.83;-0.65;-0.90;-1.21;-1.46;-1.53;-1.47;-1.41;-1.48;-1.59;-1.74;-1.89;-2.02;-2.14;-2.22;-2.30;-2.41;-2.56;-2.76;-2.99;-3.21;-3.35;-3.50;-3.77;-4.20;-4.68;-5.02;-4.89;-4.04;-2.77;-1.18;-0.18;0.83;1.85;2.92;3.99;4.95;5.73;6.22;6.54;6.72;6.90;7.01;7.07;6.98;6.82;6.65;6.53;6.50;6.49;6.44;6.31;6.13;5.96;5.80;5.68;5.57;5.46;5.32;5.19;5.09;5.03;4.99;4.98;4.98;5.00;5.03;5.05;5.05;4.98;4.80;4.52;4.27;4.30;4.65;5.56;6.97;9.17;11.52;12.75;11.55;5.99;

----------------------------------------------------------


Curves
==========================================================
Global Strain Rate A2C
Unit [1/s]
Time [ms];0.00;10.82;21.64;32.46;43.28;54.10;64.92;75.73;86.55;97.37;108.19;119.01;129.83;140.65;151.47;162.29;173.11;183.93;194.75;205.56;216.38;227.20;238.02;248.84;259.66;270.48;281.30;292.12;302.94;313.76;324.58;335.40;346.21;357.03;367.85;378.67;389.49;400.31;411.13;421.95;432.77;443.59;454.41;465.23;476.04;486.86;497.68;508.50;519.32;530.14;540.96;551.78;562.60;573.42;584.24;595.06;605.88;616.69;627.51;638.33;649.15;659.97;670.79;681.61;692.43;703.25;714.07;724.89;735.71;746.52;757.34;768.16;778.98;789.80;800.62;811.44;822.26;833.08;843.90;854.72;865.54;876.36;887.17;897.99;908.81;
Total;-1.53;-0.75;0.42;0.48;-0.07;-0.29;-0.27;-0.15;0.00;0.07;-0.00;-0.09;-0.12;-0.14;-0.13;-0.12;-0.09;-0.07;-0.08;-0.12;-0.16;-0.20;-0.22;-0.17;-0.12;-0.18;-0.33;-0.44;-0.41;-0.13;0.46;1.00;1.39;1.22;0.89;0.94;0.96;1.00;0.95;0.82;0.59;0.37;0.22;0.16;0.14;0.08;-0.01;-0.12;-0.16;-0.14;-0.07;-0.01;-0.02;-0.08;-0.15;-0.17;-0.16;-0.13;-0.10;-0.10;-0.12;-0.12;-0.11;-0.08;-0.04;-0.02;-0.00;0.01;0.02;0.03;0.01;-0.03;-0.11;-0.22;-0.27;-0.12;0.16;0.58;1.06;1.68;2.22;1.80;0.24;-3.26;-5.63;

----------------------------------------------------------


Curves
==========================================================
Global Strain A3C
Unit [%]
Time [ms];0.00;10.82;21.64;32.46;43.28;54.10;64.92;75.73;86.55;97.37;108.19;119.01;129.83;140.65;151.47;162.29;173.11;183.93;194.75;205.56;216.38;227.20;238.02;248.84;259.66;270.48;281.30;292.12;302.94;313.76;324.58;335.40;346.21;357.03;367.85;378.67;389.49;400.31;411.13;421.95;432.77;443.59;454.41;465.23;476.04;486.86;497.68;508.50;519.32;530.14;540.96;551.78;562.60;573.42;584.24;595.06;605.88;616.69;627.51;638.33;649.15;659.97;670.79;681.61;692.43;703.25;714.07;724.89;735.71;746.52;757.34;768.16;778.98;789.80;800.62;811.44;822.26;833.08;843.90;854.72;865.54;876.36;887.17;897.99;908.81;
Total;0.00;0.22;1.51;0.96;-0.19;-1.51;-2.27;-2.74;-2.91;-2.94;-2.85;-2.66;-2.43;-2.21;-2.01;-1.80;-1.66;-1.63;-1.72;-1.83;-2.05;-2.22;-2.47;-2.67;-2.92;-2.98;-2.90;-2.53;-1.79;-0.71;0.68;2.14;3.58;4.60;5.41;5.98;6.36;6.60;6.73;6.77;6.79;6.70;6.63;6.55;6.47;6.43;6.39;6.38;6.35;6.33;6.30;6.29;6.28;6.25;6.22;6.19;6.16;6.08;6.00;5.89;5.78;5.66;5.53;5.38;5.20;5.00;4.78;4.57;4.37;4.19;4.03;3.86;3.68;3.49;3.37;3.36;3.58;4.05;4.80;5.75;6.89;8.16;8.84;8.16;5.56;

----------------------------------------------------------


Curves
==========================================================
Global Strain Rate A3C
Unit [1/s]
Time [ms];0.00;10.82;21.64;32.46;43.28;54.10;64.92;75.73;86.55;97.37;108.19;119.01;129.83;140.65;151.47;162.29;173.11;183.93;194.75;205.56;216.38;227.20;238.02;248.84;259.66;270.48;281.30;292.12;302.94;313.76;324.58;335.40;346.21;357.03;367.85;378.67;389.49;400.31;411.13;421.95;432.77;443.59;454.41;465.23;476.04;486.86;497.68;508.50;519.32;530.14;540.96;551.78;562.60;573.42;584.24;595.06;605.88;616.69;627.51;638.33;649.15;659.97;670.79;681.61;692.43;703.25;714.07;724.89;735.71;746.52;757.34;768.16;778.98;789.80;800.62;811.44;822.26;833.08;843.90;854.72;865.54;876.36;887.17;897.99;908.81;
Total;0.02;0.83;0.46;-0.91;-1.21;-0.99;-0.54;-0.29;-0.09;0.03;0.13;0.20;0.21;0.19;0.20;0.17;0.08;-0.04;-0.09;-0.16;-0.18;-0.19;-0.21;-0.22;-0.15;0.00;0.19;0.51;0.84;1.16;1.34;1.37;1.15;0.83;0.64;0.43;0.28;0.16;0.07;0.03;-0.03;-0.08;-0.07;-0.08;-0.05;-0.04;-0.03;-0.02;-0.02;-0.02;-0.02;-0.01;-0.02;-0.02;-0.03;-0.03;-0.05;-0.07;-0.08;-0.10;-0.11;-0.12;-0.13;-0.15;-0.18;-0.19;-0.21;-0.19;-0.18;-0.16;-0.15;-0.16;-0.17;-0.15;-0.07;0.09;0.32;0.57;0.79;0.96;1.16;1.00;0.07;-1.40;-3.88;

----------------------------------------------------------


Curves
==========================================================
Global Strain A4C
Unit [%]
Time [ms];0.00;10.82;21.64;32.46;43.28;54.10;64.92;75.73;86.55;97.37;108.19;119.01;129.83;140.65;151.47;162.29;173.11;183.93;194.75;205.56;216.38;227.20;238.02;248.84;259.66;270.48;281.30;292.12;302.94;313.76;324.58;335.40;346.21;357.03;367.85;378.67;389.49;400.31;411.13;421.95;432.77;443.59;454.41;465.23;476.04;486.86;497.68;508.50;519.32;530.14;540.96;551.78;562.60;573.42;584.24;595.06;605.88;616.69;627.51;638.33;649.15;659.97;670.79;681.61;692.43;703.25;714.07;724.89;735.71;746.52;757.34;768.16;778.98;789.80;800.62;811.44;822.26;833.08;843.90;854.72;865.54;876.36;887.17;897.99;908.81;
Total;0.00;0.53;0.79;1.04;0.32;-1.07;-2.38;-3.25;-3.54;-3.40;-3.24;-3.29;-3.54;-3.84;-4.13;-4.37;-4.54;-4.70;-4.83;-4.99;-5.17;-5.35;-5.53;-5.74;-5.92;-6.05;-6.16;-6.16;-6.12;-5.77;-5.21;-4.06;-2.67;-1.02;0.42;1.47;2.58;3.42;4.30;4.89;5.37;5.73;5.95;6.02;5.98;5.87;5.72;5.60;5.46;5.33;5.19;5.03;4.84;4.65;4.46;4.30;4.16;4.03;3.91;3.80;3.70;3.61;3.52;3.43;3.33;3.22;3.10;2.98;2.87;2.73;2.59;2.42;2.25;2.16;2.20;2.36;2.72;3.18;3.76;4.49;5.46;6.91;8.34;8.46;5.99;

----------------------------------------------------------


Curves
==========================================================
Global Strain Rate A4C
Unit [1/s]
Time [ms];0.00;10.82;21.64;32.46;43.28;54.10;64.92;75.73;86.55;97.37;108.19;119.01;129.83;140.65;151.47;162.29;173.11;183.93;194.75;205.56;216.38;227.20;238.02;248.84;259.66;270.48;281.30;292.12;302.94;313.76;324.58;335.40;346.21;357.03;367.85;378.67;389.49;400.31;411.13;421.95;432.77;443.59;454.41;465.23;476.04;486.86;497.68;508.50;519.32;530.14;540.96;551.78;562.60;573.42;584.24;595.06;605.88;616.69;627.51;638.33;649.15;659.97;670.79;681.61;692.43;703.25;714.07;724.89;735.71;746.52;757.34;768.16;778.98;789.80;800.62;811.44;822.26;833.08;843.90;854.72;865.54;876.36;887.17;897.99;908.81;
Total;0.53;0.36;0.28;-0.17;-1.04;-1.32;-1.04;-0.53;-0.03;0.18;0.07;-0.15;-0.27;-0.28;-0.25;-0.19;-0.15;-0.13;-0.13;-0.16;-0.17;-0.17;-0.18;-0.18;-0.14;-0.12;-0.05;0.00;0.17;0.40;0.79;1.20;1.43;1.47;1.13;0.99;0.91;0.79;0.69;0.49;0.39;0.27;0.14;0.01;-0.08;-0.12;-0.12;-0.12;-0.13;-0.12;-0.14;-0.16;-0.18;-0.18;-0.16;-0.14;-0.12;-0.11;-0.11;-0.10;-0.09;-0.08;-0.08;-0.09;-0.10;-0.10;-0.11;-0.11;-0.11;-0.12;-0.14;-0.17;-0.13;-0.02;0.09;0.24;0.39;0.48;0.60;0.76;1.13;1.44;0.87;-0.93;-4.05;

----------------------------------------------------------


