PatientInformation
==========================================================
PatientID;No patientID
Name;,,
Date of Birth;
Sex;
Version;AutoStrainCap2 2.1.0.491925

Results
==========================================================
Global
----------------------------------------------------------
RVFWSL;-24.74;%
RV4CSL;-19.26;%
ED;0.00;ms
ES;265.10;ms

Curves
==========================================================
Longitudinal Strain
Unit [%]
Time [ms];0.00;10.08;20.16;30.24;40.32;50.40;60.48;70.56;80.64;90.72;100.80;110.88;120.96;131.04;141.12;151.20;161.28;171.36;181.44;191.52;201.60;211.68;221.76;231.84;241.92;252.00;262.08;272.16;282.24;292.32;302.40;312.48;322.56;332.64;342.72;352.80;362.88;372.96;383.04;393.12;403.20;413.28;423.36;433.44;443.52;453.60;463.68;473.76;483.84;493.92;504.00;514.08;524.16;534.24;544.32;554.40;564.48;574.56;584.64;594.72;604.80;614.88;624.96;635.04;645.12;655.20;665.28;
Basal;0.00;-1.93;-3.30;-3.71;-4.50;-5.02;-5.90;-6.97;-8.32;-9.66;-10.83;-11.83;-12.76;-13.59;-14.48;-15.55;-17.00;-18.55;-19.90;-20.86;-21.51;-22.12;-22.77;-23.45;-24.04;-24.45;-24.68;-24.64;-24.44;-24.01;-23.64;-23.04;-22.33;-21.02;-19.31;-17.26;-15.33;-14.39;-13.64;-12.99;-12.08;-11.16;-10.27;-9.65;-9.14;-8.73;-8.25;-7.87;-7.57;-7.56;-7.65;-7.81;-7.98;-7.96;-7.68;-6.91;-5.97;-4.89;-3.94;-3.08;-2.47;-2.06;-1.78;-1.49;-1.07;-0.61;-0.32;
Mid;0.00;-1.49;-2.32;-2.53;-3.16;-3.77;-4.69;-5.84;-7.22;-8.65;-9.98;-11.20;-12.37;-13.47;-14.61;-15.82;-17.25;-18.66;-19.87;-20.70;-21.28;-21.84;-22.52;-23.26;-23.92;-24.43;-24.73;-24.69;-24.26;-23.45;-22.55;-21.42;-20.26;-18.72;-16.82;-14.79;-12.99;-12.53;-12.25;-12.02;-11.61;-11.12;-10.61;-9.98;-9.39;-8.77;-8.05;-7.38;-6.85;-6.68;-6.67;-6.73;-6.79;-6.72;-6.44;-5.83;-5.05;-4.12;-3.18;-2.31;-1.69;-1.40;-1.29;-1.20;-0.97;-0.68;-0.41;
Apical;0.00;-1.63;-2.57;-2.88;-3.71;-4.53;-5.61;-6.72;-8.03;-9.37;-10.64;-11.80;-12.90;-13.88;-14.85;-15.85;-17.04;-18.23;-19.29;-20.09;-20.70;-21.22;-21.72;-22.17;-22.52;-22.78;-22.92;-22.94;-22.76;-22.36;-21.77;-20.57;-19.19;-17.55;-16.19;-14.82;-13.59;-13.26;-12.98;-12.67;-12.20;-11.61;-11.00;-10.27;-9.58;-8.89;-8.13;-7.46;-6.95;-6.80;-6.82;-6.90;-6.96;-6.87;-6.60;-6.11;-5.46;-4.66;-3.75;-2.84;-2.06;-1.53;-1.12;-0.77;-0.41;-0.14;-0.07;

----------------------------------------------------------


