PatientInformation
==========================================================
PatientID;No patientID
Name;,,
Date of Birth;
Sex;
Version;AutoStrainCap2 2.1.0.491925

Results
==========================================================
Global
----------------------------------------------------------
RVFWSL;-20.67;%
RV4CSL;-16.34;%
ED;0.00;ms
ES;260.72;ms

Curves
==========================================================
Longitudinal Strain
Unit [%]
Time [ms];0.00;15.90;31.80;47.69;63.59;79.49;95.39;111.28;127.18;143.08;158.98;174.87;190.77;206.67;222.57;238.46;254.36;270.26;286.16;302.05;317.95;333.85;349.75;365.64;381.54;397.44;413.34;429.24;445.13;461.03;476.93;492.83;508.72;524.62;540.52;556.42;572.31;588.21;604.11;620.01;635.90;651.80;667.70;683.60;699.49;715.39;731.29;747.19;763.08;778.98;
Basal;0.00;-0.36;-1.67;-2.54;-3.17;-4.71;-6.79;-9.35;-12.11;-15.09;-17.60;-19.24;-20.40;-21.45;-22.16;-22.29;-22.08;-21.62;-21.18;-22.07;-22.53;-21.45;-19.25;-15.95;-12.07;-8.27;-4.18;-0.22;3.03;4.52;4.93;4.79;4.52;4.87;5.17;5.12;4.86;4.71;4.21;3.08;1.90;1.12;0.67;0.50;0.54;0.72;0.88;0.70;0.45;0.15;
Mid;0.00;-0.95;-2.16;-2.71;-2.98;-4.29;-6.02;-7.39;-8.70;-10.08;-11.25;-12.59;-13.73;-14.57;-15.06;-15.11;-14.89;-14.59;-14.11;-13.78;-13.06;-11.86;-9.88;-7.23;-4.02;-1.10;1.89;4.38;6.18;6.84;6.73;6.49;6.12;6.08;5.94;5.44;4.83;4.57;4.09;3.10;2.09;1.45;1.10;0.96;0.99;1.14;1.30;1.23;1.02;0.49;
Apical;0.00;-0.61;-2.44;-3.67;-4.55;-6.37;-8.61;-10.72;-12.71;-14.79;-16.50;-18.04;-19.28;-20.37;-21.17;-21.69;-21.92;-21.88;-21.79;-21.45;-20.97;-19.84;-18.01;-15.47;-12.31;-9.62;-6.66;-3.83;-1.37;-0.01;0.72;1.25;1.49;1.90;2.06;1.91;1.56;1.41;1.03;0.28;-0.46;-0.86;-0.95;-0.85;-0.58;-0.23;0.14;0.28;0.28;-0.02;

----------------------------------------------------------


