PatientInformation
==========================================================
PatientID;No patientID
Name;,,
Date of Birth;
Sex;
Version;AutoStrainCap2 2.1.0.491925

Results
==========================================================
Global
----------------------------------------------------------
LaSr_ED;17.18;%
LaScd_ED;-5.89;%
LaSct_ED;-11.30;%
LaSr_AC;15.44;%
LaScd_AC;-5.29;%
LaSct_AC;-10.15;%
ED;0.00;ms
ES;473.33;ms
PreA;767.51;ms

Curves
==========================================================
Longitudinal Strain
Unit [%]
Time [ms];0.00;22.12;44.24;66.36;88.47;110.59;132.71;154.83;176.95;199.07;221.18;243.30;265.42;287.54;309.66;331.78;353.89;376.01;398.13;420.25;442.37;464.49;486.61;508.72;530.84;552.96;575.08;597.20;619.32;641.43;663.55;685.67;707.79;729.91;752.03;774.14;796.26;818.38;840.50;862.62;884.74;906.86;928.97;951.09;973.21;995.33;1017.45;1039.57;
LAS_ED;0.00;0.25;-0.30;0.42;1.65;2.92;4.61;6.71;8.90;10.69;11.98;12.85;13.52;14.30;15.05;15.69;16.08;16.09;16.15;16.44;16.82;17.15;17.13;16.78;16.11;14.74;13.57;12.79;12.27;12.03;11.82;11.46;11.11;11.16;11.31;11.28;11.16;10.59;10.08;9.87;9.82;9.70;9.57;9.52;8.74;6.68;3.91;1.35;
LAS_AC;-10.13;-9.91;-10.40;-9.76;-8.65;-7.51;-6.00;-4.11;-2.14;-0.53;0.63;1.41;2.02;2.72;3.39;3.97;4.31;4.33;4.38;4.64;4.98;5.28;5.26;4.94;4.34;3.11;2.06;1.36;0.90;0.67;0.49;0.16;-0.15;-0.10;0.03;0.00;-0.11;-0.62;-1.08;-1.26;-1.31;-1.42;-1.53;-1.58;-2.28;-4.14;-6.62;-8.92;

----------------------------------------------------------


