PatientInformation
==========================================================
PatientID;No patientID
Name;,,
Date of Birth;
Sex;
Version;AutoStrainCap2 2.1.0.491925

Results
==========================================================
Global
----------------------------------------------------------
RVFWSL;-22.71;%
RV4CSL;-17.68;%
ED;0.00;ms
ES;366.00;ms

Curves
==========================================================
Longitudinal Strain
Unit [%]
Time [ms];0.00;11.58;23.16;34.75;46.33;57.91;69.49;81.08;92.66;104.24;115.82;127.41;138.99;150.57;162.15;173.74;185.32;196.90;208.48;220.07;231.65;243.23;254.81;266.40;277.98;289.56;301.14;312.73;324.31;335.89;347.47;359.05;370.64;382.22;393.80;405.38;416.97;428.55;440.13;451.71;463.30;474.88;486.46;498.04;509.63;521.21;532.79;544.37;555.96;567.54;579.12;590.70;602.29;613.87;625.45;637.03;648.61;660.20;671.78;683.36;694.94;706.53;718.11;729.69;741.27;752.86;764.44;776.02;787.60;799.19;810.77;822.35;833.93;845.52;857.10;868.68;880.26;891.85;903.43;915.01;926.59;938.18;949.76;961.34;972.92;984.50;996.09;1007.67;1019.25;1030.83;1042.42;1054.00;1065.58;1077.16;1088.75;1100.33;1111.91;1123.49;
Basal;0.00;-1.80;-3.50;-4.98;-6.14;-6.66;-7.02;-7.55;-8.51;-10.05;-11.98;-14.01;-15.83;-17.26;-18.29;-19.08;-19.96;-21.17;-22.55;-23.75;-24.79;-25.63;-26.31;-26.89;-27.37;-27.88;-28.33;-28.80;-29.24;-29.65;-30.00;-30.17;-30.07;-29.67;-29.02;-28.34;-27.68;-27.03;-26.46;-25.91;-25.35;-24.75;-24.04;-23.11;-21.92;-20.48;-18.85;-17.21;-15.65;-14.62;-13.82;-13.27;-12.85;-12.64;-12.45;-12.31;-12.13;-11.86;-11.54;-11.21;-10.89;-10.64;-10.43;-10.27;-10.16;-10.08;-10.02;-9.98;-9.94;-9.86;-9.77;-9.68;-9.61;-9.58;-9.59;-9.63;-9.70;-9.84;-9.93;-9.93;-9.74;-9.35;-8.73;-7.94;-7.02;-5.97;-4.85;-3.69;-2.53;-1.53;-0.57;0.34;1.21;2.09;2.76;3.08;2.79;1.64;
Mid;0.00;-0.40;-1.14;-1.97;-2.66;-2.79;-2.81;-2.90;-3.29;-4.08;-5.14;-6.26;-7.24;-8.02;-8.56;-9.07;-9.73;-11.21;-12.86;-14.54;-15.97;-17.13;-18.08;-18.89;-19.68;-20.33;-21.00;-21.57;-21.94;-22.15;-22.16;-22.06;-21.95;-21.81;-21.74;-21.66;-21.66;-21.57;-21.51;-21.37;-21.08;-20.56;-19.80;-18.90;-17.78;-16.86;-15.80;-14.83;-13.94;-13.72;-13.69;-13.78;-13.86;-13.70;-13.45;-13.13;-12.76;-12.33;-11.88;-11.44;-11.03;-10.70;-10.44;-10.24;-10.13;-10.08;-10.10;-10.15;-10.21;-10.26;-10.30;-10.33;-10.36;-10.36;-10.36;-10.39;-10.44;-10.54;-10.63;-10.66;-10.60;-10.42;-10.10;-9.60;-8.92;-7.99;-6.92;-5.81;-4.70;-3.74;-2.82;-2.00;-1.24;-0.59;-0.06;0.26;0.37;0.26;
Apical;0.00;-0.91;-1.95;-2.96;-3.76;-3.96;-4.01;-4.11;-4.45;-4.92;-5.60;-6.32;-6.96;-7.57;-7.99;-8.36;-8.68;-9.48;-10.23;-10.96;-11.49;-11.92;-12.20;-12.37;-12.53;-12.79;-13.12;-13.45;-13.66;-14.10;-14.37;-14.55;-14.68;-14.64;-14.64;-14.68;-14.88;-15.12;-15.47;-15.77;-15.97;-16.00;-15.85;-15.54;-15.02;-14.59;-14.04;-13.49;-12.86;-12.58;-12.24;-11.94;-11.62;-11.28;-10.90;-10.51;-10.11;-9.69;-9.27;-8.88;-8.51;-8.18;-7.91;-7.69;-7.54;-7.44;-7.39;-7.37;-7.36;-7.35;-7.33;-7.30;-7.28;-7.25;-7.24;-7.26;-7.30;-7.39;-7.47;-7.52;-7.49;-7.38;-7.14;-6.76;-6.23;-5.56;-4.78;-3.96;-3.14;-2.42;-1.74;-1.11;-0.49;0.11;0.64;0.98;1.04;0.65;

----------------------------------------------------------


