PatientInformation
==========================================================
PatientID;No patientID
Name;,,
Date of Birth;
Sex;
Version;AutoStrainCap2 2.1.0.491925

Results
==========================================================
Global
----------------------------------------------------------
LaSr_ED;12.85;%
LaScd_ED;-13.72;%
LaSct_ED;0.87;%
LaSr_AC;12.96;%
LaScd_AC;-13.84;%
LaSct_AC;0.88;%
ED;0.00;ms
ES;352.09;ms
PreA;615.30;ms

Curves
==========================================================
Longitudinal Strain
Unit [%]
Time [ms];0.00;11.54;23.09;34.63;46.18;57.72;69.26;80.81;92.35;103.90;115.44;126.98;138.53;150.07;161.62;173.16;184.70;196.25;207.79;219.34;230.88;242.42;253.97;265.51;277.06;288.60;300.14;311.69;323.23;334.78;346.32;357.86;369.41;380.95;392.50;404.04;415.58;427.13;438.67;450.22;461.76;473.30;484.85;496.39;507.94;519.48;531.02;542.57;554.11;565.66;577.20;588.74;600.29;611.83;623.38;634.92;646.46;658.01;669.55;681.10;692.64;704.18;715.73;727.27;738.82;750.36;761.90;773.45;784.99;796.54;808.08;819.62;831.17;842.71;854.26;865.80;
LAS_ED;0.00;-1.42;-0.94;0.53;1.68;2.67;3.48;3.94;4.36;4.76;5.37;6.05;6.83;7.48;8.10;8.49;8.73;8.86;9.12;9.60;10.21;10.90;11.23;11.47;11.57;11.52;11.50;11.51;11.97;12.40;12.81;12.82;12.62;12.06;11.10;9.86;8.48;6.93;5.43;4.02;2.65;1.51;0.66;0.30;0.13;0.05;-0.31;-0.71;-1.05;-1.17;-1.13;-1.07;-0.91;-0.87;-0.93;-1.35;-1.82;-2.25;-2.50;-2.61;-2.60;-2.59;-2.51;-2.38;-2.16;-1.91;-1.68;-1.43;-1.23;-1.11;-1.15;-1.30;-1.45;-1.69;-1.60;-1.18;
LAS_AC;0.88;-0.55;-0.07;1.41;2.58;3.57;4.39;4.85;5.27;5.68;6.30;6.98;7.77;8.43;9.05;9.44;9.69;9.81;10.08;10.56;11.18;11.87;12.20;12.45;12.55;12.50;12.48;12.49;12.96;13.39;13.80;13.81;13.60;13.04;12.08;10.82;9.43;7.87;6.36;4.94;3.55;2.41;1.55;1.18;1.01;0.93;0.56;0.16;-0.18;-0.30;-0.26;-0.20;-0.03;0.00;-0.06;-0.49;-0.96;-1.40;-1.64;-1.75;-1.74;-1.73;-1.65;-1.52;-1.30;-1.05;-0.82;-0.56;-0.36;-0.24;-0.28;-0.43;-0.58;-0.83;-0.74;-0.31;

----------------------------------------------------------


