PatientInformation
==========================================================
PatientID;No patientID
Name;,,
Date of Birth;
Sex;
Version;AutoStrainCap2 2.1.0.491925

Results
==========================================================
Global
----------------------------------------------------------
RVFWSL;-22.12;%
RV4CSL;-14.99;%
ED;0.00;ms
ES;360.14;ms

Curves
==========================================================
Longitudinal Strain
Unit [%]
Time [ms];0.00;14.64;29.28;43.92;58.56;73.20;87.84;102.48;117.12;131.76;146.40;161.04;175.68;190.32;204.96;219.60;234.24;248.88;263.52;278.16;292.80;307.44;322.08;336.72;351.36;366.00;380.64;395.28;409.92;424.56;439.20;453.84;468.48;483.12;497.76;512.40;527.04;541.68;556.32;570.96;585.60;600.24;614.88;629.52;644.16;658.80;673.44;688.08;702.72;717.36;732.00;746.64;761.28;775.92;790.56;805.20;819.84;834.48;849.12;863.76;878.40;893.04;907.68;922.32;936.96;951.60;966.24;980.88;995.52;1010.16;1024.80;1039.44;1054.08;1068.72;1083.36;1098.00;
Basal;0.00;-0.16;-1.19;-2.38;-3.66;-4.89;-6.14;-7.68;-9.20;-10.62;-11.87;-12.95;-13.97;-14.82;-15.68;-16.54;-17.48;-18.42;-19.27;-20.14;-20.82;-21.38;-21.71;-21.83;-21.54;-20.98;-19.99;-18.84;-17.67;-16.29;-14.61;-12.68;-10.71;-8.79;-7.13;-5.63;-4.32;-3.27;-2.36;-1.59;-1.06;-0.70;-0.53;-0.48;-0.56;-0.65;-0.73;-0.76;-0.76;-0.66;-0.55;-0.47;-0.57;-0.68;-0.70;-0.52;-0.25;-0.00;0.14;0.20;0.21;0.23;0.20;0.11;-0.06;-0.24;-0.34;-0.29;-0.15;-0.01;0.04;-0.00;-0.10;-0.30;-0.40;-0.41;
Mid;0.00;-0.10;-0.99;-2.16;-3.91;-5.75;-7.60;-9.45;-11.24;-12.89;-14.32;-15.57;-16.74;-17.81;-18.87;-19.86;-20.83;-21.67;-22.47;-22.83;-23.15;-23.19;-23.54;-23.61;-23.54;-23.17;-22.43;-21.25;-19.59;-17.57;-15.27;-13.38;-11.59;-10.01;-8.79;-7.70;-6.63;-5.43;-4.23;-3.18;-2.38;-1.86;-1.53;-1.58;-1.69;-1.93;-2.06;-2.20;-2.24;-2.19;-2.09;-2.00;-1.96;-1.91;-1.78;-1.52;-1.19;-0.89;-0.71;-0.62;-0.62;-0.64;-0.73;-0.85;-1.03;-1.18;-1.24;-1.10;-0.86;-0.59;-0.39;-0.28;-0.27;-0.44;-0.57;-0.58;
Apical;0.00;-0.26;-0.97;-1.92;-3.52;-5.27;-7.06;-8.90;-10.61;-12.10;-13.44;-14.50;-15.46;-16.16;-16.85;-17.51;-18.13;-18.68;-19.13;-19.47;-19.70;-19.80;-20.07;-20.05;-19.62;-18.53;-17.12;-15.70;-14.68;-13.75;-12.61;-11.24;-9.77;-8.44;-7.28;-6.21;-5.00;-3.72;-2.34;-1.13;-0.51;-0.24;-0.28;-0.61;-1.07;-1.56;-1.78;-1.92;-1.94;-1.79;-1.58;-1.37;-1.31;-1.25;-1.10;-0.81;-0.45;-0.13;0.10;0.22;0.24;0.17;0.01;-0.17;-0.35;-0.48;-0.53;-0.43;-0.24;0.00;0.23;0.37;0.37;0.11;-0.14;-0.25;

----------------------------------------------------------


