PatientInformation
==========================================================
PatientID;No patientID
Name;,,
Date of Birth;
Sex;
Version;AutoStrainCap2 2.1.0.491925

Results
==========================================================
Global
----------------------------------------------------------
LaSr_ED;10.35;%
LaScd_ED;-12.38;%
LaSct_ED;2.03;%
LaSr_AC;10.57;%
LaScd_AC;-12.64;%
LaSct_AC;2.07;%
ED;0.00;ms
ES;326.66;ms
PreA;836.94;ms

Curves
==========================================================
Longitudinal Strain
Unit [%]
Time [ms];0.00;21.35;42.70;64.05;85.40;106.75;128.10;149.45;170.80;192.15;213.50;234.85;256.20;277.56;298.91;320.26;341.61;362.96;384.31;405.66;427.01;448.36;469.71;491.06;512.41;533.76;555.11;576.46;597.81;619.16;640.51;661.86;683.21;704.56;725.91;747.26;768.61;789.96;811.32;832.67;854.02;875.37;896.72;918.07;939.42;960.77;982.12;1003.47;1024.82;1046.17;1067.52;1088.87;1110.22;1131.57;1152.92;1174.27;1195.62;1216.97;1238.32;1259.67;1281.02;1302.37;1323.72;
LAS_ED;0.00;0.37;1.01;3.13;4.01;4.43;4.90;6.07;7.42;8.51;8.86;8.85;8.95;9.42;10.06;10.34;10.23;9.64;8.89;8.02;6.76;4.85;1.58;-1.71;-4.23;-4.64;-4.09;-3.33;-3.14;-3.37;-3.59;-3.88;-3.91;-3.91;-3.72;-3.52;-3.17;-2.80;-2.35;-2.08;-1.84;-1.79;-1.60;-1.49;-1.27;-1.17;-1.18;-1.26;-1.22;-1.05;-0.76;-0.61;-0.62;-0.80;-0.86;-0.85;-0.66;-0.58;-0.44;-0.50;-0.51;-0.72;-0.56;
LAS_AC;2.13;2.51;3.16;5.32;6.22;6.65;7.13;8.32;9.70;10.82;11.17;11.16;11.27;11.75;12.40;12.69;12.57;11.97;11.21;10.32;9.03;7.08;3.74;0.38;-2.19;-2.61;-2.05;-1.28;-1.08;-1.31;-1.54;-1.84;-1.86;-1.87;-1.67;-1.46;-1.11;-0.73;-0.27;0.00;0.25;0.30;0.49;0.60;0.83;0.93;0.92;0.84;0.88;1.06;1.35;1.50;1.49;1.31;1.25;1.26;1.46;1.53;1.68;1.62;1.60;1.40;1.55;

----------------------------------------------------------


