PatientInformation
==========================================================
PatientID;No patientID
Name;,,
Date of Birth;
Sex;
Version;AutoStrainCap2 2.1.0.491925

Results
==========================================================
Global
----------------------------------------------------------
RVFWSL;-40.96;%
RV4CSL;-29.85;%
ED;0.00;ms
ES;301.95;ms

Curves
==========================================================
Longitudinal Strain
Unit [%]
Time [ms];0.00;9.47;18.93;28.40;37.86;47.33;56.79;66.26;75.72;85.19;94.66;104.12;113.59;123.05;132.52;141.98;151.45;160.92;170.38;179.85;189.31;198.78;208.24;217.71;227.17;236.64;246.11;255.57;265.04;274.50;283.97;293.43;302.90;312.36;321.83;331.30;340.76;350.23;359.69;369.16;378.62;388.09;397.56;407.02;416.49;425.95;435.42;444.88;454.35;463.81;473.28;482.75;492.21;501.68;511.14;520.61;530.07;539.54;549.00;558.47;567.94;577.40;586.87;596.33;605.80;615.26;624.73;634.20;643.66;653.13;662.59;672.06;681.52;690.99;700.45;709.92;719.39;728.85;738.32;747.78;757.25;766.71;776.18;785.64;795.11;804.58;814.04;823.51;832.97;842.44;851.90;861.37;870.84;
Basal;0.00;-2.55;-3.96;-3.33;-2.49;-3.25;-5.02;-7.18;-9.09;-10.10;-10.66;-11.13;-11.90;-13.41;-15.26;-17.14;-18.73;-19.69;-20.30;-20.80;-21.50;-22.68;-24.25;-26.10;-28.11;-30.22;-32.43;-34.78;-37.34;-40.37;-43.14;-44.99;-45.34;-43.59;-40.79;-37.86;-35.70;-35.39;-35.89;-36.33;-35.88;-33.74;-30.58;-27.07;-23.85;-21.61;-19.91;-18.41;-16.70;-14.54;-12.01;-9.39;-6.79;-4.62;-2.72;-1.22;-0.20;0.32;0.43;0.37;0.33;0.49;0.75;1.01;1.16;1.08;0.89;0.67;0.51;0.55;0.69;0.91;1.16;1.41;1.66;1.92;2.17;2.41;2.64;2.85;3.06;3.24;3.41;3.54;3.65;3.71;3.79;3.89;4.02;4.25;4.27;3.73;2.50;
Mid;0.00;-2.75;-4.20;-3.42;-2.27;-2.67;-4.09;-5.99;-7.86;-9.20;-10.22;-11.13;-12.10;-13.37;-14.76;-16.13;-17.33;-18.17;-18.82;-19.39;-20.09;-21.05;-22.25;-23.61;-25.06;-26.53;-28.05;-29.66;-31.37;-33.24;-34.79;-35.70;-35.81;-35.07;-33.83;-32.43;-31.33;-30.87;-30.72;-30.41;-29.47;-27.72;-25.27;-22.51;-19.81;-17.43;-15.35;-13.43;-11.51;-9.54;-7.50;-5.48;-3.66;-2.30;-1.26;-0.56;-0.14;0.04;0.05;-0.06;-0.16;-0.13;-0.04;0.05;0.11;0.06;-0.03;-0.14;-0.20;-0.16;-0.05;0.13;0.35;0.59;0.84;1.10;1.36;1.60;1.84;2.05;2.25;2.43;2.58;2.69;2.78;2.80;2.85;2.96;3.21;3.68;3.98;3.71;2.54;
Apical;0.00;-2.58;-4.15;-3.92;-3.43;-4.24;-5.93;-8.06;-10.13;-11.61;-12.74;-13.72;-14.76;-16.16;-17.69;-19.19;-20.51;-21.45;-22.20;-22.85;-23.56;-24.52;-25.61;-26.77;-27.98;-29.17;-30.44;-31.84;-33.50;-35.65;-37.71;-39.28;-39.97;-39.06;-37.41;-35.54;-33.99;-33.54;-33.38;-32.97;-31.80;-29.32;-26.11;-22.68;-19.56;-17.39;-15.75;-14.27;-12.69;-10.70;-8.52;-6.38;-4.44;-3.00;-1.89;-1.14;-0.70;-0.56;-0.63;-0.77;-0.90;-0.90;-0.83;-0.76;-0.70;-0.75;-0.83;-0.90;-0.94;-0.86;-0.72;-0.52;-0.28;-0.02;0.27;0.57;0.87;1.14;1.40;1.64;1.87;2.09;2.29;2.46;2.61;2.74;2.90;3.09;3.33;3.63;3.73;3.30;2.17;

----------------------------------------------------------


