PatientInformation
==========================================================
PatientID;No patientID
Name;,,
Date of Birth;
Sex;
Version;AutoStrainCap2 2.1.0.491925

Results
==========================================================
Global
----------------------------------------------------------
RVFWSL;-16.80;%
RV4CSL;-14.70;%
ED;0.00;ms
ES;265.97;ms

Curves
==========================================================
Longitudinal Strain
Unit [%]
Time [ms];0.00;17.05;34.10;51.15;68.20;85.25;102.30;119.35;136.40;153.45;170.50;187.55;204.60;221.64;238.69;255.74;272.79;289.84;306.89;323.94;340.99;358.04;375.09;392.14;409.19;426.24;443.29;460.34;477.39;494.44;511.49;528.54;545.59;562.64;579.69;596.74;613.79;630.83;647.88;
Basal;0.00;-1.38;-2.33;-4.32;-6.59;-8.55;-9.99;-11.29;-12.30;-13.08;-13.87;-14.89;-15.77;-15.96;-15.99;-16.16;-16.28;-16.05;-15.55;-14.84;-13.96;-13.09;-11.50;-10.09;-8.32;-6.05;-3.57;-1.21;0.58;1.50;1.67;1.08;0.50;0.53;0.75;0.73;1.11;2.33;2.50;
Mid;0.00;-1.12;-1.54;-3.71;-6.42;-8.78;-10.48;-11.51;-12.27;-13.27;-14.21;-14.92;-15.40;-15.70;-15.86;-15.98;-15.91;-15.47;-14.84;-14.16;-13.37;-12.55;-10.59;-7.27;-3.79;-2.05;-0.42;2.09;4.12;4.29;3.71;3.51;3.22;2.28;1.47;1.36;1.95;3.55;3.67;
Apical;0.00;-0.34;-0.37;-2.59;-5.48;-7.82;-9.53;-10.90;-11.99;-13.03;-14.14;-15.53;-16.72;-17.20;-17.39;-17.50;-17.52;-17.06;-16.51;-15.78;-14.98;-14.23;-12.66;-10.42;-7.62;-4.92;-2.03;0.51;2.09;2.19;1.55;1.03;0.66;0.20;-0.11;-0.13;0.44;1.96;2.33;

----------------------------------------------------------


