PatientInformation
==========================================================
PatientID;No patientID
Name;,,
Date of Birth;
Sex;
Version;AutoStrainCap2 2.1.0.491925

Results
==========================================================
Global
----------------------------------------------------------
LaSr_ED;22.20;%
LaScd_ED;-32.76;%
LaSct_ED;10.56;%
LaSr_AC;24.77;%
LaScd_AC;-36.55;%
LaSct_AC;11.78;%
ED;0.00;ms
ES;298.42;ms
PreA;514.63;ms

Curves
==========================================================
Longitudinal Strain
Unit [%]
Time [ms];0.00;15.23;30.45;45.68;60.90;76.13;91.35;106.58;121.80;137.03;152.26;167.48;182.71;197.93;213.16;228.38;243.61;258.84;274.06;289.29;304.51;319.74;334.96;350.19;365.41;380.64;395.87;411.09;426.32;441.54;456.77;471.99;487.22;502.44;517.67;532.90;548.12;563.35;578.57;593.80;609.02;624.25;639.48;654.70;669.93;685.15;700.38;715.60;
LAS_ED;0.00;-0.68;0.30;0.97;1.91;3.54;5.40;6.47;7.25;8.28;9.42;10.93;12.60;13.35;13.98;14.72;15.87;18.19;20.51;21.89;22.03;20.21;18.71;19.36;19.18;16.53;11.41;5.19;-0.77;-5.88;-9.19;-10.96;-11.50;-11.24;-10.38;-9.58;-8.63;-7.68;-7.05;-6.74;-6.55;-6.16;-5.56;-4.99;-4.29;-3.33;-2.24;-0.96;
LAS_AC;11.58;10.82;11.92;12.66;13.71;15.53;17.60;18.80;19.68;20.82;22.09;23.78;25.64;26.47;27.18;28.01;29.29;31.87;34.47;36.01;36.16;34.13;32.46;33.18;32.99;30.03;24.31;17.37;10.72;5.02;1.33;-0.65;-1.25;-0.96;0.00;0.89;1.95;3.01;3.71;4.06;4.27;4.71;5.37;6.02;6.80;7.87;9.08;10.51;

----------------------------------------------------------


