PatientInformation
==========================================================
PatientID;No patientID
Name;,,
Date of Birth;
Sex;
Version;AutoStrainCap2 2.1.0.491925

Results
==========================================================
Global
----------------------------------------------------------
RVFWSL;-27.80;%
RV4CSL;-20.70;%
ED;0.00;ms
ES;319.74;ms

Curves
==========================================================
Longitudinal Strain
Unit [%]
Time [ms];0.00;15.23;30.45;45.68;60.90;76.13;91.35;106.58;121.80;137.03;152.26;167.48;182.71;197.93;213.16;228.38;243.61;258.84;274.06;289.29;304.51;319.74;334.96;350.19;365.41;380.64;395.87;411.09;426.32;441.54;456.77;471.99;487.22;502.44;517.67;532.90;548.12;563.35;578.57;593.80;609.02;624.25;639.48;654.70;669.93;685.15;700.38;715.60;
Basal;0.00;-2.51;-4.14;-5.38;-6.47;-7.79;-9.05;-10.39;-11.97;-13.93;-15.84;-17.17;-18.25;-19.43;-20.66;-21.94;-23.32;-24.91;-26.56;-28.07;-29.16;-29.59;-29.11;-27.45;-25.18;-23.45;-21.73;-19.36;-16.92;-14.46;-11.67;-8.41;-5.30;-2.93;-1.19;0.02;0.64;0.62;0.33;0.14;0.04;-0.02;0.09;0.45;0.76;0.67;0.53;0.71;
Mid;0.00;-2.38;-3.42;-4.78;-6.14;-7.42;-8.45;-9.32;-10.29;-11.58;-12.88;-13.84;-14.63;-15.43;-16.39;-17.67;-19.16;-20.82;-22.53;-24.15;-25.43;-26.16;-26.06;-24.80;-22.89;-21.42;-19.91;-17.77;-15.53;-13.20;-10.60;-7.77;-5.15;-3.15;-1.70;-0.68;-0.13;-0.08;-0.25;-0.35;-0.42;-0.47;-0.38;-0.00;0.35;0.38;0.39;0.69;
Apical;0.00;-1.28;-2.73;-3.29;-3.61;-4.36;-5.06;-6.04;-7.28;-8.97;-10.75;-12.14;-13.42;-14.74;-16.16;-17.60;-19.13;-20.85;-22.52;-23.89;-24.85;-25.32;-25.02;-23.76;-21.96;-21.18;-20.27;-17.88;-15.33;-13.00;-10.48;-7.81;-5.37;-3.48;-2.10;-1.19;-0.71;-0.64;-0.76;-0.77;-0.77;-0.83;-0.75;-0.35;0.02;0.04;0.03;0.30;

----------------------------------------------------------


