PatientInformation
==========================================================
PatientID;No patientID
Name;,,
Date of Birth;
Sex;
Version;AutoStrainCap2 2.1.0.491925

Results
==========================================================
Global
----------------------------------------------------------
LaSr_ED;34.47;%
LaScd_ED;-28.92;%
LaSct_ED;-5.55;%
LaSr_AC;32.67;%
LaScd_AC;-27.41;%
LaSct_AC;-5.26;%
ED;0.00;ms
ES;304.56;ms
PreA;607.94;ms

Curves
==========================================================
Longitudinal Strain
Unit [%]
Time [ms];0.00;11.67;23.34;35.01;46.68;58.34;70.01;81.68;93.35;105.02;116.69;128.36;140.03;151.69;163.36;175.03;186.70;198.37;210.04;221.71;233.38;245.04;256.71;268.38;280.05;291.72;303.39;315.06;326.73;338.40;350.06;361.73;373.40;385.07;396.74;408.41;420.08;431.75;443.41;455.08;466.75;478.42;490.09;501.76;513.43;525.10;536.76;548.43;560.10;571.77;583.44;595.11;606.78;618.45;630.11;641.78;653.45;665.12;676.79;688.46;700.13;711.80;723.47;735.13;746.80;758.47;770.14;781.81;793.48;805.15;816.82;828.48;840.15;851.82;863.49;875.16;886.83;898.50;
LAS_ED;0.00;2.27;1.68;-0.59;-0.54;1.17;3.57;5.77;8.07;10.33;12.37;14.28;16.14;18.02;19.80;21.54;23.22;25.01;26.83;28.49;29.97;31.18;32.16;32.89;33.53;34.12;34.46;34.25;33.73;32.90;32.30;32.31;32.33;31.56;29.12;25.45;21.03;15.75;11.20;7.87;7.05;7.14;7.61;6.92;6.00;5.25;4.66;4.51;4.49;4.62;4.72;4.95;5.49;6.03;6.46;6.09;5.64;5.23;5.17;5.27;5.52;5.44;5.43;5.32;5.53;5.47;5.00;4.07;2.83;1.39;-0.52;-2.36;-3.90;-4.87;-5.31;-4.83;-4.96;-3.67;
LAS_AC;-5.20;-3.05;-3.61;-5.76;-5.72;-4.10;-1.82;0.27;2.44;4.59;6.52;8.33;10.09;11.87;13.56;15.22;16.81;18.51;20.23;21.80;23.21;24.35;25.28;25.98;26.58;27.14;27.46;27.26;26.77;25.98;25.41;25.43;25.44;24.71;22.40;18.92;14.74;9.73;5.41;2.25;1.47;1.56;2.01;1.35;0.48;-0.23;-0.79;-0.93;-0.95;-0.83;-0.73;-0.51;0.00;0.51;0.92;0.57;0.15;-0.25;-0.31;-0.21;0.03;-0.04;-0.06;-0.16;0.04;-0.02;-0.46;-1.34;-2.52;-3.89;-5.70;-7.44;-8.91;-9.82;-10.24;-9.78;-9.91;-8.68;

----------------------------------------------------------


