PatientInformation
==========================================================
PatientID;No patientID
Name;,,
Date of Birth;
Sex;
Version;AutoStrainCap2 2.1.0.491925

Results
==========================================================
Global
----------------------------------------------------------
RVFWSL;-31.91;%
RV4CSL;-28.16;%
ED;0.00;ms
ES;285.13;ms

Curves
==========================================================
Longitudinal Strain
Unit [%]
Time [ms];0.00;11.01;22.02;33.03;44.04;55.04;66.05;77.06;88.07;99.08;110.09;121.10;132.11;143.11;154.12;165.13;176.14;187.15;198.16;209.17;220.18;231.18;242.19;253.20;264.21;275.22;286.23;297.24;308.25;319.26;330.26;341.27;352.28;363.29;374.30;385.31;396.32;407.33;418.33;429.34;440.35;451.36;462.37;473.38;484.39;495.40;506.41;517.41;528.42;539.43;550.44;561.45;572.46;583.47;594.48;605.48;616.49;627.50;638.51;649.52;660.53;671.54;682.55;693.55;704.56;715.57;726.58;737.59;748.60;759.61;770.62;781.63;792.63;803.64;814.65;825.66;836.67;847.68;858.69;869.70;880.70;891.71;902.72;
Basal;0.00;-2.55;-5.08;-7.70;-10.12;-11.49;-12.79;-14.28;-16.20;-19.56;-23.11;-26.44;-28.99;-30.61;-31.41;-31.64;-31.58;-31.28;-30.80;-30.25;-30.03;-30.43;-31.37;-32.58;-33.76;-34.97;-36.01;-35.16;-34.40;-33.93;-33.56;-33.17;-32.66;-31.98;-31.35;-31.00;-31.11;-32.03;-33.09;-34.03;-34.59;-34.29;-33.71;-32.96;-32.17;-31.47;-30.87;-30.39;-30.05;-29.52;-28.99;-28.38;-27.53;-26.96;-26.18;-25.39;-24.55;-24.52;-24.45;-24.41;-24.32;-23.99;-23.64;-23.23;-22.77;-22.25;-21.71;-21.17;-20.73;-20.22;-19.66;-18.69;-17.34;-15.16;-12.72;-9.93;-7.38;-4.97;-2.89;-1.43;0.13;0.15;0.47;
Mid;0.00;-1.98;-4.08;-6.22;-8.17;-10.02;-11.79;-13.71;-15.96;-19.27;-22.71;-25.91;-28.42;-29.70;-30.26;-30.14;-29.85;-29.46;-29.20;-28.92;-29.03;-29.20;-29.80;-30.52;-31.33;-32.22;-33.03;-31.89;-30.76;-29.15;-27.58;-26.04;-24.60;-23.75;-23.12;-22.81;-22.91;-23.45;-24.20;-24.84;-25.24;-25.05;-24.59;-23.95;-23.35;-22.91;-22.70;-22.63;-22.76;-22.87;-22.99;-22.96;-22.63;-22.37;-21.83;-21.23;-20.47;-20.08;-19.58;-19.11;-18.59;-17.97;-17.34;-16.69;-16.07;-15.49;-14.96;-14.40;-13.91;-13.19;-12.46;-11.38;-10.17;-8.44;-6.68;-4.74;-3.04;-1.90;-0.97;-0.47;0.28;0.14;0.33;
Apical;0.00;-1.29;-2.98;-4.78;-6.41;-8.10;-9.63;-11.18;-12.82;-14.58;-16.34;-17.99;-19.27;-20.73;-21.71;-22.11;-22.11;-21.68;-21.18;-20.67;-20.63;-21.16;-22.26;-23.50;-24.62;-25.19;-25.30;-24.31;-23.23;-21.87;-20.47;-18.98;-17.40;-15.85;-14.41;-13.27;-12.60;-13.00;-13.73;-14.48;-15.03;-14.24;-13.25;-12.27;-11.53;-11.47;-11.75;-12.27;-13.02;-13.43;-13.83;-14.03;-13.86;-14.03;-13.86;-13.59;-13.08;-13.08;-12.87;-12.63;-12.26;-11.52;-10.71;-9.84;-9.00;-8.27;-7.65;-7.10;-6.78;-6.43;-6.20;-5.72;-5.10;-4.27;-3.29;-2.09;-0.91;-0.38;0.12;0.38;0.92;0.67;0.62;

----------------------------------------------------------


