PatientInformation
==========================================================
PatientID;No patientID
Name;,,
Date of Birth;
Sex;
Version;AutoStrainCap2 2.1.0.491925

Results
==========================================================
Global
----------------------------------------------------------
LaSr_ED;15.02;%
LaScd_ED;-16.72;%
LaSct_ED;1.70;%
LaSr_AC;15.29;%
LaScd_AC;-17.02;%
LaSct_AC;1.73;%
ED;0.00;ms
ES;296.51;ms
PreA;528.65;ms

Curves
==========================================================
Longitudinal Strain
Unit [%]
Time [ms];0.00;19.51;39.01;58.52;78.03;97.54;117.04;136.55;156.06;175.56;195.07;214.58;234.09;253.59;273.10;292.61;312.12;331.62;351.13;370.64;390.14;409.65;429.16;448.67;468.17;487.68;507.19;526.69;546.20;565.71;585.22;604.72;624.23;643.74;663.24;682.75;702.26;721.77;741.27;
LAS_ED;0.00;-0.86;-1.60;0.16;2.44;3.59;4.46;5.68;6.87;7.51;8.32;9.85;11.69;13.35;14.70;15.02;14.97;14.86;14.54;13.59;11.12;6.24;1.09;-2.20;-3.78;-3.42;-2.23;-1.74;-1.32;-0.49;-0.07;-0.57;-1.60;-2.55;-3.20;-3.30;-2.98;-2.40;-1.55;
LAS_AC;1.77;0.90;0.15;1.93;4.25;5.42;6.31;7.55;8.76;9.41;10.24;11.80;13.66;15.36;16.73;17.05;17.01;16.90;16.57;15.60;13.09;8.12;2.88;-0.47;-2.08;-1.71;-0.50;0.00;0.43;1.27;1.70;1.19;0.14;-0.83;-1.48;-1.59;-1.27;-0.67;0.19;

----------------------------------------------------------


