PatientInformation
==========================================================
PatientID;No patientID
Name;,,
Date of Birth;
Sex;
Version;AutoStrainCap2 2.1.0.491925

Results
==========================================================
Global
----------------------------------------------------------
RVFWSL;-19.11;%
RV4CSL;-15.60;%
ED;0.00;ms
ES;276.48;ms

Curves
==========================================================
Longitudinal Strain
Unit [%]
Time [ms];0.00;23.04;46.08;69.12;92.16;115.20;138.24;161.28;184.32;207.36;230.40;253.44;276.48;299.52;322.56;345.60;368.64;391.68;414.72;437.76;460.80;483.84;506.88;529.92;552.96;576.00;599.04;622.08;645.12;668.16;691.20;714.24;737.28;760.32;783.36;
Basal;0.00;-2.31;-4.25;-6.42;-8.91;-11.21;-13.44;-15.18;-16.69;-18.05;-18.94;-19.62;-20.14;-20.24;-20.19;-18.94;-16.17;-12.90;-10.56;-8.45;-6.61;-5.21;-4.37;-3.30;-1.63;-1.00;-0.15;0.81;1.72;1.84;1.73;1.63;1.64;1.48;0.72;
Mid;0.00;-2.23;-4.01;-6.06;-8.40;-10.31;-12.36;-13.99;-15.61;-17.09;-18.10;-18.78;-18.97;-18.29;-17.33;-15.70;-13.23;-10.66;-8.82;-7.14;-5.44;-4.48;-4.08;-3.08;-1.76;-1.37;-0.63;0.20;1.11;1.27;1.28;1.34;1.43;1.20;0.55;
Apical;0.00;-2.18;-4.19;-6.23;-8.21;-10.10;-12.01;-13.47;-14.84;-16.04;-16.77;-17.20;-17.33;-16.85;-16.36;-15.26;-13.21;-10.95;-9.38;-7.57;-5.50;-4.30;-3.51;-2.43;-0.92;-0.45;0.16;0.80;1.43;1.43;1.19;1.08;1.15;1.08;0.56;

----------------------------------------------------------


