PatientInformation
==========================================================
PatientID;No patientID
Name;,,
Date of Birth;
Sex;
Version;AutoStrainCap2 2.1.0.491925

Results
==========================================================
Global
----------------------------------------------------------
LaSr_ED;10.18;%
LaScd_ED;-9.77;%
LaSct_ED;-0.42;%
LaSr_AC;10.14;%
LaScd_AC;-9.73;%
LaSct_AC;-0.41;%
ED;0.00;ms
ES;384.31;ms
PreA;496.40;ms

Curves
==========================================================
Longitudinal Strain
Unit [%]
Time [ms];0.00;16.01;32.03;48.04;64.05;80.06;96.08;112.09;128.10;144.12;160.13;176.14;192.15;208.17;224.18;240.19;256.21;272.22;288.23;304.24;320.26;336.27;352.28;368.29;384.31;400.32;416.33;432.35;448.36;464.37;480.38;496.40;512.41;528.42;544.44;560.45;576.46;592.47;
LAS_ED;0.00;-0.31;-1.79;-3.10;-3.56;-2.87;-2.46;-1.13;-0.25;0.90;1.48;2.05;2.30;3.51;4.26;5.33;6.19;6.89;7.39;7.91;8.24;8.14;8.91;9.58;10.18;9.72;9.40;8.49;6.52;4.62;2.14;0.42;0.25;0.06;0.85;0.97;0.59;0.54;
LAS_AC;-0.41;-0.72;-2.19;-3.50;-3.96;-3.27;-2.86;-1.54;-0.66;0.48;1.06;1.62;1.87;3.08;3.82;4.89;5.75;6.45;6.95;7.46;7.79;7.70;8.45;9.13;9.73;9.26;8.94;8.04;6.08;4.19;1.71;0.00;-0.17;-0.35;0.44;0.56;0.17;0.13;

----------------------------------------------------------


