PatientInformation
==========================================================
PatientID;No patientID
Name;,,
Date of Birth;
Sex;
Version;AutoStrainCap2 2.1.0.491925

Results
==========================================================
Global
----------------------------------------------------------
RVFWSL;-7.28;%
RV4CSL;-4.55;%
ED;0.00;ms
ES;181.08;ms

Curves
==========================================================
Longitudinal Strain
Unit [%]
Time [ms];0.00;15.35;30.69;46.04;61.38;76.73;92.07;107.42;122.76;138.11;153.46;168.80;184.15;199.49;214.84;230.18;245.53;260.88;276.22;291.57;306.91;322.26;337.60;352.95;368.29;383.64;398.99;
Basal;0.00;-0.82;-1.66;-3.08;-4.04;-4.72;-5.18;-5.47;-5.48;-5.68;-5.71;-5.71;-5.51;-4.31;-3.50;-2.28;-0.85;-0.29;1.62;1.93;1.77;2.12;2.24;2.28;1.99;1.76;1.10;
Mid;0.00;-1.06;-2.03;-3.57;-4.61;-5.34;-5.91;-6.12;-6.13;-6.19;-6.27;-6.38;-6.41;-5.43;-4.87;-4.01;-2.70;-2.25;-0.93;-1.17;-1.78;-1.37;-0.81;-0.40;0.33;1.21;0.89;
Apical;0.00;-1.16;-2.27;-3.88;-5.25;-6.24;-7.00;-7.55;-7.65;-8.06;-8.28;-8.64;-8.91;-8.47;-8.29;-7.72;-6.79;-6.58;-5.54;-5.67;-6.26;-5.69;-5.26;-4.47;-3.30;-1.34;-0.13;

----------------------------------------------------------


