PatientInformation
==========================================================
PatientID;No patientID
Name;,,
Date of Birth;
Sex;
Version;AutoStrainCap2 2.1.0.491925

Results
==========================================================
Global
----------------------------------------------------------
LaSr_ED;12.64;%
LaScd_ED;-12.83;%
LaSct_ED;0.19;%
LaSr_AC;12.66;%
LaScd_AC;-12.84;%
LaSct_AC;0.19;%
ED;0.00;ms
ES;303.18;ms
PreA;1133.71;ms

Curves
==========================================================
Longitudinal Strain
Unit [%]
Time [ms];0.00;21.35;42.70;64.05;85.40;106.75;128.10;149.45;170.80;192.15;213.50;234.85;256.20;277.56;298.91;320.26;341.61;362.96;384.31;405.66;427.01;448.36;469.71;491.06;512.41;533.76;555.11;576.46;597.81;619.16;640.51;661.86;683.21;704.56;725.91;747.26;768.61;789.96;811.32;832.67;854.02;875.37;896.72;918.07;939.42;960.77;982.12;1003.47;1024.82;1046.17;1067.52;1088.87;1110.22;1131.57;1152.92;1174.27;1195.62;1216.97;1238.32;1259.67;1281.02;1302.37;1323.72;1345.08;1366.43;1387.78;1409.13;1430.48;1451.83;1473.18;1494.53;1515.88;1537.23;1558.58;1579.93;1601.28;1622.63;1643.98;1665.33;1686.68;1708.03;1729.38;1750.73;1772.08;1793.43;1814.78;1836.13;1857.48;1878.84;1900.19;1921.54;1942.89;
LAS_ED;0.00;3.09;3.34;2.67;2.98;4.07;5.41;6.79;8.04;9.24;10.22;11.07;11.83;12.35;12.63;12.45;11.60;10.05;8.09;6.14;4.50;3.35;2.56;1.82;1.40;0.68;0.35;0.11;0.21;0.19;0.52;0.96;1.72;2.40;3.36;4.32;5.40;6.30;7.16;7.92;8.52;9.13;9.50;9.69;9.58;9.37;8.82;7.96;6.78;5.18;3.50;1.91;0.69;-0.13;-0.54;-0.93;-1.19;-2.22;-3.05;-3.74;-3.74;-2.98;-1.57;0.10;1.61;2.88;3.64;4.17;4.42;4.65;4.76;4.91;5.12;5.40;5.63;5.44;4.82;3.20;1.47;-0.08;-1.13;-1.71;-1.72;-1.38;-0.71;-0.23;0.16;-0.01;-0.73;-2.51;-3.76;-3.46;
LAS_AC;0.13;3.22;3.47;2.80;3.11;4.20;5.54;6.93;8.18;9.39;10.36;11.21;11.98;12.49;12.78;12.60;11.75;10.19;8.23;6.28;4.64;3.49;2.69;1.96;1.54;0.81;0.49;0.24;0.34;0.32;0.66;1.09;1.85;2.54;3.49;4.46;5.54;6.44;7.30;8.07;8.66;9.27;9.64;9.83;9.72;9.51;8.96;8.10;6.91;5.31;3.64;2.04;0.82;0.00;-0.41;-0.80;-1.06;-2.09;-2.93;-3.61;-3.61;-2.85;-1.45;0.23;1.74;3.02;3.78;4.31;4.55;4.79;4.90;5.05;5.26;5.54;5.77;5.58;4.96;3.34;1.60;0.05;-1.00;-1.58;-1.59;-1.25;-0.58;-0.10;0.29;0.12;-0.60;-2.38;-3.63;-3.34;

----------------------------------------------------------


