PatientInformation
==========================================================
PatientID;No patientID
Name;,,
Date of Birth;
Sex;
Version;AutoStrainCap2 2.1.0.491925

Results
==========================================================
Global
----------------------------------------------------------
RVFWSL;-28.99;%
RV4CSL;-21.39;%
ED;0.00;ms
ES;362.96;ms

Curves
==========================================================
Longitudinal Strain
Unit [%]
Time [ms];0.00;10.68;21.35;32.03;42.70;53.38;64.05;74.73;85.40;96.08;106.75;117.43;128.10;138.78;149.45;160.13;170.80;181.48;192.15;202.83;213.50;224.18;234.85;245.53;256.20;266.88;277.56;288.23;298.91;309.58;320.26;330.93;341.61;352.28;362.96;373.63;384.31;394.98;405.66;416.33;427.01;437.68;448.36;459.03;469.71;480.38;491.06;501.73;512.41;523.08;
Basal;0.00;-1.34;-2.49;-3.59;-4.22;-4.11;-3.96;-4.38;-5.10;-5.71;-6.70;-8.78;-10.83;-11.98;-12.29;-11.69;-11.20;-11.85;-12.57;-12.32;-12.18;-13.22;-14.23;-13.86;-13.06;-12.82;-13.06;-14.25;-15.95;-18.07;-20.72;-23.94;-26.83;-28.41;-28.99;-28.65;-27.05;-23.54;-19.65;-16.81;-14.26;-11.85;-8.83;-5.35;-1.58;1.58;3.34;2.77;1.39;0.97;
Mid;0.00;-2.58;-4.15;-5.15;-5.60;-5.47;-5.42;-6.29;-7.61;-8.99;-10.63;-12.50;-14.30;-15.75;-16.63;-17.07;-17.52;-18.35;-19.12;-19.17;-19.21;-19.90;-20.59;-20.66;-20.44;-20.44;-20.73;-21.70;-22.93;-24.00;-25.40;-27.52;-29.44;-30.08;-30.02;-29.56;-28.20;-25.82;-22.87;-19.39;-15.89;-13.10;-9.82;-6.19;-2.28;0.60;2.22;2.39;1.72;1.29;
Apical;0.00;-1.93;-3.52;-4.77;-5.41;-5.37;-5.36;-5.94;-6.92;-7.89;-9.16;-11.10;-13.01;-14.40;-15.22;-15.34;-15.46;-16.27;-17.11;-17.38;-17.64;-18.34;-19.02;-19.05;-18.85;-18.94;-19.09;-19.75;-20.59;-21.72;-23.09;-24.42;-25.56;-26.21;-26.44;-26.19;-25.23;-22.92;-20.18;-17.64;-14.87;-12.28;-9.09;-5.74;-2.23;0.72;2.47;2.61;1.82;1.39;

----------------------------------------------------------


