PatientInformation
==========================================================
PatientID;No patientID
Name;,,
Date of Birth;
Sex;
Version;AutoStrainCap2 2.1.0.491925

Results
==========================================================
Global
----------------------------------------------------------
LaSr_ED;37.84;%
LaScd_ED;-16.79;%
LaSct_ED;-21.05;%
LaSr_AC;31.24;%
LaScd_AC;-13.86;%
LaSct_AC;-17.38;%
ED;0.00;ms
ES;380.39;ms
PreA;561.81;ms

Curves
==========================================================
Longitudinal Strain
Unit [%]
Time [ms];0.00;19.51;39.01;58.52;78.03;97.54;117.04;136.55;156.06;175.56;195.07;214.58;234.09;253.59;273.10;292.61;312.11;331.62;351.13;370.64;390.14;409.65;429.16;448.67;468.17;487.68;507.19;526.69;546.20;565.71;585.22;604.72;624.23;643.74;663.24;682.75;702.26;721.77;
LAS_ED;0.00;2.06;5.28;10.49;15.67;19.04;19.99;21.49;23.86;26.63;29.29;31.14;31.91;32.33;33.19;34.83;35.11;36.66;37.44;37.70;37.40;33.60;30.00;26.28;22.55;20.40;19.89;20.03;20.51;21.14;20.42;15.21;10.77;5.57;1.85;0.44;0.32;0.70;
LAS_AC;-17.45;-15.75;-13.09;-8.79;-4.51;-1.73;-0.95;0.29;2.25;4.54;6.73;8.26;8.89;9.24;9.95;11.31;11.54;12.82;13.46;13.68;13.42;10.29;7.32;4.25;1.17;-0.61;-1.03;-0.92;-0.52;0.00;-0.60;-4.89;-8.56;-12.85;-15.92;-17.08;-17.19;-16.87;

----------------------------------------------------------


