PatientInformation
==========================================================
PatientID;No patientID
Name;,,
Date of Birth;
Sex;
Version;AutoStrainCap2 2.1.0.491925

Results
==========================================================
Global
----------------------------------------------------------
RVFWSL;-21.48;%
RV4CSL;-18.94;%
ED;0.00;ms
ES;241.89;ms

Curves
==========================================================
Longitudinal Strain
Unit [%]
Time [ms];0.00;19.51;39.01;58.52;78.03;97.54;117.04;136.55;156.06;175.56;195.07;214.58;234.09;253.59;273.10;292.61;312.11;331.62;351.13;370.64;390.14;409.65;429.16;448.67;468.17;487.68;507.19;526.69;546.20;565.71;585.22;604.72;624.23;643.74;663.24;682.75;702.26;721.77;
Basal;0.00;-1.47;-3.49;-5.91;-8.58;-10.98;-13.89;-16.55;-19.14;-21.20;-22.56;-23.05;-22.72;-21.80;-20.24;-18.11;-15.88;-13.66;-11.14;-8.97;-7.15;-5.93;-5.60;-5.13;-4.40;-3.27;-2.73;-1.01;-1.26;-2.37;-1.74;-1.45;-0.42;1.54;2.51;2.79;2.81;1.34;
Mid;0.00;-1.26;-3.06;-5.25;-7.75;-10.11;-13.01;-15.66;-18.26;-20.06;-21.16;-21.48;-21.10;-20.33;-19.13;-17.58;-15.70;-13.77;-11.84;-9.86;-8.10;-6.85;-6.46;-6.03;-5.40;-4.38;-3.70;-1.85;-2.18;-3.31;-2.99;-2.73;-1.64;0.28;1.29;1.56;1.74;0.82;
Apical;0.00;-0.84;-2.28;-4.27;-6.56;-8.79;-11.75;-14.34;-16.24;-17.63;-18.66;-19.18;-19.06;-18.56;-17.66;-16.41;-15.01;-13.51;-11.84;-10.17;-8.63;-7.49;-7.31;-7.02;-6.63;-5.66;-5.69;-4.67;-5.08;-6.00;-5.13;-4.48;-3.14;-1.16;-0.12;0.26;0.74;0.29;

----------------------------------------------------------


