PatientInformation
==========================================================
PatientID;No patientID
Name;,,
Date of Birth;
Sex;
Version;AutoStrainCap2 2.1.0.491925

Results
==========================================================
Global
----------------------------------------------------------
LaSr_ED;21.71;%
LaScd_ED;-18.72;%
LaSct_ED;-2.99;%
LaSr_AC;20.94;%
LaScd_AC;-18.06;%
LaSct_AC;-2.88;%
ED;0.00;ms
ES;372.91;ms
PreA;590.28;ms

Curves
==========================================================
Longitudinal Strain
Unit [%]
Time [ms];0.00;18.74;37.48;56.22;74.96;93.70;112.44;131.17;149.91;168.65;187.39;206.13;224.87;243.61;262.35;281.09;299.83;318.57;337.31;356.04;374.78;393.52;412.26;431.00;449.74;468.48;487.22;505.96;524.70;543.44;562.18;580.91;599.65;618.39;637.13;655.87;674.61;693.35;712.09;730.83;749.57;768.31;787.05;
LAS_ED;0.00;-1.99;-4.43;-4.03;-2.03;1.06;4.19;6.97;9.30;11.11;12.67;14.34;15.87;16.91;17.81;18.92;19.86;20.12;20.33;21.20;21.69;20.50;18.25;14.10;9.66;6.71;4.75;2.80;1.47;0.61;0.58;2.12;3.66;3.98;3.64;3.06;2.70;3.28;3.72;2.86;1.29;-0.87;-1.39;
LAS_AC;-3.53;-5.45;-7.81;-7.42;-5.49;-2.51;0.51;3.19;5.44;7.18;8.69;10.30;11.78;12.78;13.64;14.72;15.63;15.87;16.08;16.92;17.39;16.24;14.07;10.07;5.79;2.94;1.05;-0.83;-2.11;-2.94;-2.97;-1.49;0.00;0.31;-0.02;-0.58;-0.93;-0.37;0.05;-0.78;-2.29;-4.38;-4.87;

----------------------------------------------------------


