PatientInformation
==========================================================
PatientID;No patientID
Name;,,
Date of Birth;
Sex;
Version;AutoStrainCap2 2.1.0.491925

Results
==========================================================
Global
----------------------------------------------------------
RVFWSL;-22.24;%
RV4CSL;-18.34;%
ED;0.00;ms
ES;269.34;ms

Curves
==========================================================
Longitudinal Strain
Unit [%]
Time [ms];0.00;8.06;16.13;24.19;32.26;40.32;48.38;56.45;64.51;72.58;80.64;88.70;96.77;104.83;112.90;120.96;129.02;137.09;145.15;153.22;161.28;169.34;177.41;185.47;193.54;201.60;209.66;217.73;225.79;233.86;241.92;249.98;258.05;266.11;274.18;282.24;290.30;298.37;306.43;314.50;322.56;330.62;338.69;346.75;354.82;362.88;370.94;379.01;387.07;395.14;403.20;411.26;419.33;427.39;435.46;443.52;451.58;459.65;467.71;475.78;483.84;491.90;499.97;508.03;516.10;524.16;532.22;540.29;548.35;556.42;564.48;572.54;580.61;588.67;596.74;604.80;612.86;620.93;628.99;637.06;645.12;653.18;661.25;669.31;677.38;685.44;693.50;701.57;709.63;717.70;725.76;733.82;741.89;749.95;758.02;766.08;774.14;782.21;790.27;798.34;806.40;814.46;822.53;
Basal;0.00;-0.46;-1.66;-3.24;-4.95;-6.49;-7.71;-8.61;-9.29;-9.87;-10.50;-11.24;-12.12;-13.12;-14.21;-15.35;-16.56;-17.73;-18.82;-19.78;-20.58;-21.28;-21.87;-22.35;-22.75;-23.10;-23.48;-23.83;-24.13;-24.38;-24.60;-24.75;-24.78;-24.65;-24.35;-23.89;-23.45;-22.94;-22.40;-21.85;-21.32;-20.78;-20.26;-19.71;-19.12;-18.44;-17.78;-17.02;-16.20;-15.34;-14.47;-13.69;-12.98;-12.34;-11.81;-11.39;-11.05;-10.77;-10.49;-10.12;-9.56;-8.73;-7.73;-6.69;-5.70;-4.92;-4.45;-4.23;-4.17;-4.22;-4.31;-4.39;-4.47;-4.55;-4.65;-4.74;-4.80;-4.86;-4.91;-4.95;-4.97;-5.01;-5.03;-5.05;-5.06;-5.09;-5.13;-5.07;-4.76;-4.10;-2.95;-1.24;0.77;2.73;4.33;5.20;5.11;4.28;3.07;1.82;0.85;0.32;0.12;
Mid;0.00;-0.61;-2.04;-3.85;-5.74;-7.40;-8.61;-9.41;-9.91;-10.24;-10.48;-10.64;-10.84;-11.12;-11.50;-11.99;-12.64;-13.37;-14.15;-14.98;-15.89;-17.07;-18.33;-19.56;-20.71;-21.73;-22.58;-23.28;-23.87;-24.37;-24.81;-25.09;-25.26;-25.27;-25.13;-24.85;-24.53;-24.12;-23.64;-23.08;-22.47;-21.80;-21.08;-20.32;-19.50;-18.61;-17.78;-16.89;-15.96;-15.02;-14.09;-13.23;-12.42;-11.69;-11.05;-10.53;-10.16;-9.87;-9.59;-9.27;-8.83;-8.21;-7.48;-6.73;-6.04;-5.48;-5.12;-4.94;-4.88;-4.90;-4.95;-4.95;-4.95;-4.95;-4.95;-4.96;-4.96;-4.98;-4.98;-4.98;-4.97;-4.96;-4.94;-4.93;-4.94;-4.98;-5.02;-4.98;-4.75;-4.24;-3.37;-2.20;-0.81;0.55;1.66;2.28;2.39;2.00;1.35;0.68;0.20;0.00;0.01;
Apical;0.00;-0.14;-1.04;-2.26;-3.56;-4.61;-5.20;-5.40;-5.36;-5.23;-5.16;-5.32;-5.63;-6.05;-6.52;-7.01;-7.48;-7.94;-8.42;-8.93;-9.51;-10.28;-11.12;-11.99;-12.84;-13.62;-14.32;-14.91;-15.41;-15.84;-16.21;-16.52;-16.73;-16.82;-16.80;-16.72;-16.66;-16.57;-16.44;-16.23;-15.95;-15.46;-14.90;-14.23;-13.48;-12.59;-11.86;-11.01;-10.09;-9.14;-8.22;-7.49;-6.85;-6.31;-5.85;-5.47;-5.05;-4.67;-4.31;-3.93;-3.50;-3.01;-2.47;-1.93;-1.46;-1.14;-1.03;-1.09;-1.24;-1.45;-1.66;-1.80;-1.92;-2.02;-2.12;-2.18;-2.19;-2.16;-2.11;-2.05;-1.99;-1.95;-1.93;-1.95;-2.00;-2.15;-2.34;-2.52;-2.55;-2.33;-1.76;-0.91;0.18;1.29;2.21;2.72;2.86;2.59;2.08;1.53;1.10;0.64;0.31;

----------------------------------------------------------


