PatientInformation
==========================================================
PatientID;No patientID
Name;,,
Date of Birth;
Sex;
Version;AutoStrainCap2 2.1.0.491925

Results
==========================================================
Global
----------------------------------------------------------
LaSr_ED;26.48;%
LaScd_ED;-34.37;%
LaSct_ED;7.89;%
LaSr_AC;28.74;%
LaScd_AC;-37.31;%
LaSct_AC;8.57;%
ED;0.00;ms
ES;292.50;ms
PreA;649.05;ms

Curves
==========================================================
Longitudinal Strain
Unit [%]
Time [ms];0.00;21.35;42.70;64.05;85.40;106.75;128.10;149.45;170.80;192.15;213.50;234.85;256.20;277.56;298.91;320.26;341.61;362.96;384.31;405.66;427.01;448.36;469.71;491.06;512.41;533.76;555.11;576.46;597.81;619.16;640.51;661.86;683.21;704.56;725.91;747.26;768.61;789.96;811.32;832.67;854.02;875.37;896.72;918.07;939.42;960.77;982.12;
LAS_ED;0.00;0.52;0.84;2.01;3.55;5.30;7.88;12.14;16.75;20.54;23.15;24.50;25.27;26.15;26.33;24.25;21.88;21.34;19.69;13.29;4.77;-3.17;-8.10;-9.17;-8.79;-9.83;-10.71;-9.55;-7.98;-7.66;-7.88;-7.83;-7.67;-7.40;-7.07;-6.64;-6.21;-5.79;-5.35;-5.13;-4.87;-4.77;-4.49;-3.95;-3.16;-2.44;-1.36;
LAS_AC;8.55;9.11;9.47;10.73;12.41;14.30;17.10;21.73;26.73;30.85;33.68;35.14;35.98;36.93;37.13;34.87;32.30;31.72;29.92;22.98;13.73;5.12;-0.24;-1.40;-0.99;-2.12;-3.07;-1.81;-0.11;0.24;0.00;0.05;0.22;0.52;0.87;1.35;1.81;2.27;2.74;2.99;3.27;3.38;3.68;4.26;5.12;5.90;7.07;

----------------------------------------------------------


