PatientInformation
==========================================================
PatientID;No patientID
Name;,,
Date of Birth;
Sex;
Version;AutoStrainCap2 2.1.0.491925

Results
==========================================================
Global
----------------------------------------------------------
RVFWSL;-27.41;%
RV4CSL;-26.65;%
ED;0.00;ms
ES;333.93;ms

Curves
==========================================================
Longitudinal Strain
Unit [%]
Time [ms];0.00;11.68;23.35;35.03;46.70;58.38;70.06;81.73;93.41;105.08;116.76;128.44;140.11;151.79;163.46;175.14;186.82;198.49;210.17;221.84;233.52;245.20;256.87;268.55;280.22;291.90;303.58;315.25;326.93;338.60;350.28;361.96;373.63;385.31;396.98;408.66;420.34;432.01;443.69;455.36;467.04;478.72;490.39;502.07;513.74;525.42;537.10;548.77;560.45;572.12;583.80;595.48;607.15;618.83;630.50;642.18;653.86;665.53;677.21;688.88;700.56;712.24;723.91;735.59;747.26;758.94;770.62;782.29;793.97;805.64;817.32;829.00;840.67;
Basal;0.00;-0.62;-2.73;-5.10;-6.93;-8.26;-9.26;-9.92;-10.57;-11.26;-12.10;-12.99;-13.91;-14.81;-15.74;-16.75;-18.05;-19.39;-20.70;-21.96;-23.10;-24.12;-25.00;-25.78;-26.50;-27.08;-27.62;-28.08;-28.53;-28.81;-28.86;-28.86;-28.54;-27.98;-27.43;-26.60;-25.40;-23.22;-20.82;-18.30;-16.43;-14.62;-12.86;-10.84;-8.87;-7.12;-5.87;-4.84;-3.88;-2.73;-1.68;-0.84;-0.37;-0.14;-0.13;-0.15;-0.30;-0.49;-0.74;-0.95;-1.06;-1.01;-0.89;-0.75;-0.85;-0.96;-1.10;-1.11;-1.10;-1.08;-1.06;-0.96;-0.73;
Mid;0.00;-0.33;-1.42;-2.75;-4.11;-5.28;-6.18;-6.88;-7.52;-8.22;-9.13;-10.16;-11.33;-12.69;-14.14;-15.56;-16.92;-18.13;-19.20;-19.94;-20.51;-20.97;-21.45;-21.92;-22.45;-23.11;-23.74;-24.19;-24.23;-24.06;-23.87;-24.17;-24.32;-23.98;-22.67;-20.87;-19.02;-17.51;-16.13;-14.63;-13.07;-11.41;-9.80;-8.26;-6.83;-5.52;-4.46;-3.53;-2.69;-1.76;-0.94;-0.32;0.00;0.11;0.06;-0.02;-0.19;-0.40;-0.63;-0.83;-0.95;-0.96;-0.89;-0.77;-0.72;-0.66;-0.62;-0.57;-0.52;-0.46;-0.41;-0.33;-0.25;
Apical;0.00;-0.36;-2.05;-3.92;-5.17;-6.07;-6.77;-7.47;-8.25;-9.17;-10.44;-11.87;-13.43;-14.95;-16.48;-17.98;-19.62;-21.14;-22.50;-23.65;-24.65;-25.55;-26.36;-27.17;-27.95;-28.73;-29.42;-29.92;-30.19;-30.23;-30.02;-29.69;-29.16;-28.12;-26.60;-24.69;-22.73;-20.96;-19.26;-17.39;-15.26;-13.06;-11.01;-9.37;-7.94;-6.70;-5.72;-4.87;-4.10;-3.36;-2.77;-2.32;-2.09;-1.97;-1.97;-1.94;-1.98;-2.06;-2.16;-2.25;-2.26;-2.21;-2.08;-1.92;-1.84;-1.76;-1.69;-1.59;-1.48;-1.38;-1.28;-1.09;-0.81;

----------------------------------------------------------


