PatientInformation
==========================================================
PatientID;No patientID
Name;,,
Date of Birth;
Sex;
Version;AutoStrainCap2 2.1.0.491925

Results
==========================================================
Global
----------------------------------------------------------
LaSr_ED;29.78;%
LaScd_ED;-19.26;%
LaSct_ED;-10.52;%
LaSr_AC;26.96;%
LaScd_AC;-17.44;%
LaSct_AC;-9.52;%
ED;0.00;ms
ES;305.31;ms
PreA;666.13;ms

Curves
==========================================================
Longitudinal Strain
Unit [%]
Time [ms];0.00;21.35;42.70;64.05;85.40;106.75;128.10;149.45;170.80;192.15;213.50;234.85;256.20;277.56;298.91;320.26;341.61;362.96;384.31;405.66;427.01;448.36;469.71;491.06;512.41;533.76;555.11;576.46;597.81;619.16;640.51;661.86;683.21;704.56;725.91;747.26;768.61;789.96;811.32;832.67;854.02;875.37;896.72;918.07;939.42;960.77;982.12;1003.47;
LAS_ED;0.00;-1.49;-0.67;1.82;4.32;5.59;7.06;10.32;14.14;17.35;20.28;22.96;25.54;28.03;29.67;29.65;29.65;28.35;27.00;26.74;27.17;27.78;26.68;21.68;16.00;12.70;11.09;9.81;9.08;9.41;9.96;10.45;10.69;10.62;10.47;10.33;10.42;10.90;11.36;11.44;11.64;12.60;12.71;10.46;7.16;3.64;1.24;0.50;
LAS_AC;-9.46;-10.80;-10.07;-7.81;-5.55;-4.40;-3.06;-0.11;3.34;6.25;8.91;11.33;13.66;15.92;17.40;17.39;17.39;16.21;14.98;14.75;15.14;15.70;14.70;10.17;5.03;2.04;0.58;-0.58;-1.23;-0.94;-0.44;0.00;0.22;0.16;0.02;-0.10;-0.03;0.41;0.83;0.90;1.08;1.95;2.05;0.02;-2.98;-6.16;-8.33;-9.01;

----------------------------------------------------------


