PatientInformation
==========================================================
PatientID;No patientID
Name;,,
Date of Birth;
Sex;
Version;AutoStrainCap2 2.1.0.491925

Results
==========================================================
Global
----------------------------------------------------------
RVFWSL;-24.56;%
RV4CSL;-21.41;%
ED;0.00;ms
ES;436.16;ms

Curves
==========================================================
Longitudinal Strain
Unit [%]
Time [ms];0.00;10.21;20.43;30.64;40.86;51.07;61.29;71.50;81.72;91.93;102.14;112.36;122.57;132.79;143.00;153.22;163.43;173.64;183.86;194.07;204.29;214.50;224.72;234.93;245.15;255.36;265.57;275.79;286.00;296.22;306.43;316.65;326.86;337.08;347.29;357.50;367.72;377.93;388.15;398.36;408.58;418.79;429.00;439.22;449.43;459.65;469.86;480.08;490.29;500.51;510.72;520.93;531.15;541.36;551.58;561.79;572.01;582.22;592.44;602.65;612.86;623.08;633.29;643.51;653.72;663.94;674.15;684.37;694.58;704.79;715.01;725.22;735.44;745.65;755.87;766.08;776.29;786.51;796.72;806.94;817.15;827.37;837.58;847.80;858.01;868.22;878.44;888.65;898.87;909.08;919.30;929.51;939.73;949.94;960.15;970.37;980.58;990.80;1001.01;1011.23;1021.44;1031.65;1041.87;1052.08;
Basal;0.00;0.17;0.43;0.60;0.85;1.10;1.16;1.18;1.14;0.94;0.49;-0.31;-1.38;-2.62;-3.91;-5.18;-6.20;-7.16;-8.08;-9.02;-10.09;-11.38;-12.71;-13.90;-14.93;-15.79;-16.60;-17.35;-18.02;-18.60;-18.90;-19.18;-19.84;-20.35;-20.69;-20.87;-21.05;-21.16;-21.30;-21.51;-21.97;-22.39;-22.92;-23.17;-23.03;-21.94;-20.34;-17.81;-15.01;-12.18;-9.82;-8.23;-7.23;-6.52;-5.97;-5.33;-4.48;-3.47;-2.47;-1.55;-0.86;-0.45;-0.31;-0.33;-0.46;-0.65;-0.81;-1.01;-1.23;-1.51;-1.80;-2.32;-2.84;-3.41;-3.99;-4.57;-5.37;-6.13;-6.87;-7.53;-8.14;-8.57;-8.93;-9.18;-9.32;-9.34;-9.13;-8.74;-8.10;-7.23;-6.07;-4.52;-2.66;-0.60;1.43;3.19;4.08;4.48;4.41;4.10;3.36;2.58;1.60;0.80;
Mid;0.00;0.38;0.70;0.89;1.01;0.97;0.51;-0.12;-0.87;-1.75;-2.78;-3.95;-5.26;-6.68;-8.11;-9.52;-10.84;-12.11;-13.30;-14.48;-15.64;-16.92;-18.09;-19.08;-19.83;-20.39;-20.63;-20.79;-20.84;-20.80;-20.60;-20.59;-20.91;-21.15;-21.30;-21.32;-21.38;-21.38;-21.41;-21.53;-21.88;-22.17;-22.58;-22.84;-22.84;-22.14;-21.35;-19.80;-17.97;-16.05;-14.41;-13.17;-12.31;-11.72;-11.20;-10.74;-10.39;-10.05;-9.68;-9.42;-9.22;-9.04;-8.96;-9.02;-9.15;-9.37;-9.60;-9.90;-10.20;-10.55;-10.87;-11.22;-11.55;-11.87;-12.17;-12.39;-12.63;-12.75;-12.84;-12.86;-12.91;-13.03;-13.16;-13.23;-13.23;-13.12;-12.84;-12.36;-11.65;-10.71;-9.53;-8.27;-6.77;-5.11;-3.49;-2.07;-1.02;-0.33;-0.01;0.13;0.04;-0.05;-0.15;-0.10;
Apical;0.00;-0.14;-0.52;-1.12;-1.80;-2.41;-2.96;-3.32;-3.62;-4.02;-4.71;-5.90;-7.49;-9.37;-11.40;-13.49;-15.38;-17.23;-19.03;-20.77;-22.43;-23.89;-25.14;-26.09;-26.80;-27.24;-27.87;-28.33;-28.65;-28.80;-28.91;-28.97;-29.26;-29.45;-29.51;-29.42;-29.06;-28.61;-28.14;-27.75;-27.44;-27.57;-27.69;-27.76;-27.59;-27.27;-26.14;-24.76;-22.97;-21.05;-19.01;-17.85;-16.74;-15.86;-15.03;-14.31;-13.42;-12.61;-11.85;-11.22;-10.70;-10.40;-10.23;-10.19;-10.22;-10.38;-10.48;-10.68;-10.90;-11.18;-11.41;-11.75;-12.03;-12.30;-12.52;-12.67;-12.91;-13.03;-13.11;-13.11;-13.12;-13.10;-13.09;-13.08;-13.05;-12.99;-12.83;-12.51;-11.95;-11.12;-9.95;-8.56;-6.85;-4.99;-3.19;-1.66;-0.73;-0.22;-0.03;0.05;-0.05;-0.06;-0.09;-0.01;

----------------------------------------------------------


