PatientInformation
==========================================================
PatientID;No patientID
Name;,,
Date of Birth;
Sex;
Version;AutoStrainCap2 2.1.0.491925

Results
==========================================================
Global
----------------------------------------------------------
LaSr_ED;26.78;%
LaScd_ED;-18.33;%
LaSct_ED;-8.45;%
LaSr_AC;24.70;%
LaScd_AC;-16.91;%
LaSct_AC;-7.80;%
ED;0.00;ms
ES;441.61;ms
PreA;758.44;ms

Curves
==========================================================
Longitudinal Strain
Unit [%]
Time [ms];0.00;10.85;21.70;32.55;43.40;54.25;65.10;75.95;86.80;97.65;108.50;119.35;130.20;141.06;151.91;162.76;173.61;184.46;195.31;206.16;217.01;227.86;238.71;249.56;260.41;271.26;282.11;292.96;303.81;314.66;325.51;336.36;347.21;358.06;368.91;379.76;390.61;401.46;412.32;423.17;434.02;444.87;455.72;466.57;477.42;488.27;499.12;509.97;520.82;531.67;542.52;553.37;564.22;575.07;585.92;596.77;607.62;618.47;629.32;640.17;651.02;661.87;672.73;683.58;694.43;705.28;716.13;726.98;737.83;748.68;759.53;770.38;781.23;792.08;802.93;813.78;824.63;835.48;846.33;857.18;868.03;878.88;889.73;900.58;911.43;922.28;933.13;943.99;954.84;965.69;976.54;987.39;998.24;1009.09;1019.94;1030.79;1041.64;1052.49;1063.34;
LAS_ED;0.00;0.14;0.14;0.17;0.42;1.16;2.17;3.68;5.23;6.91;8.17;9.41;10.18;11.01;11.65;12.61;13.12;13.96;14.71;15.64;16.49;17.48;18.37;19.25;20.00;20.71;21.26;21.76;22.18;22.52;22.79;22.95;23.07;23.22;23.44;23.94;24.53;25.37;26.08;26.68;26.74;26.75;26.25;25.56;24.64;23.62;21.65;19.54;17.52;15.47;13.90;12.32;11.23;10.31;9.62;9.24;8.57;8.30;8.18;8.41;8.75;9.30;9.85;10.33;10.67;10.67;10.47;9.96;9.39;8.81;8.41;8.02;7.87;7.86;8.01;8.15;8.58;8.84;9.16;9.08;9.13;8.27;7.49;6.16;4.73;2.76;0.61;-1.80;-4.07;-6.00;-7.51;-8.33;-8.57;-8.09;-7.17;-5.82;-4.51;-3.02;-1.46;
LAS_AC;-7.76;-7.63;-7.63;-7.61;-7.37;-6.69;-5.76;-4.36;-2.93;-1.39;-0.22;0.92;1.63;2.40;2.99;3.87;4.34;5.12;5.81;6.67;7.46;8.37;9.18;9.99;10.69;11.35;11.85;12.31;12.70;13.01;13.26;13.41;13.53;13.66;13.86;14.32;14.87;15.64;16.30;16.85;16.91;16.91;16.45;15.81;14.97;14.03;12.21;10.27;8.40;6.51;5.06;3.61;2.60;1.76;1.11;0.76;0.14;-0.10;-0.21;-0.01;0.31;0.82;1.33;1.77;2.08;2.08;1.90;1.43;0.90;0.37;0.00;-0.36;-0.50;-0.51;-0.37;-0.24;0.15;0.39;0.69;0.61;0.66;-0.13;-0.85;-2.07;-3.40;-5.22;-7.20;-9.42;-11.51;-13.30;-14.68;-15.44;-15.67;-15.22;-14.37;-13.13;-11.92;-10.55;-9.11;

----------------------------------------------------------


