PatientInformation
==========================================================
PatientID;No patientID
Name;,,
Date of Birth;
Sex;
Version;AutoStrainCap2 2.1.0.491925

Results
==========================================================
Global
----------------------------------------------------------
RVFWSL;-26.57;%
RV4CSL;-24.28;%
ED;0.00;ms
ES;358.30;ms

Curves
==========================================================
Longitudinal Strain
Unit [%]
Time [ms];0.00;8.35;16.70;25.06;33.41;41.76;50.11;58.46;66.82;75.17;83.52;91.87;100.22;108.58;116.93;125.28;133.63;141.98;150.34;158.69;167.04;175.39;183.74;192.10;200.45;208.80;217.15;225.50;233.86;242.21;250.56;258.91;267.26;275.62;283.97;292.32;300.67;309.02;317.38;325.73;334.08;342.43;350.78;359.14;367.49;375.84;384.19;392.54;400.90;409.25;417.60;425.95;434.30;442.66;451.01;459.36;467.71;476.06;484.42;492.77;501.12;509.47;517.82;526.18;534.53;542.88;551.23;559.58;567.94;576.29;584.64;592.99;601.34;609.70;618.05;626.40;634.75;643.10;651.46;659.81;668.16;676.51;684.86;693.22;701.57;709.92;718.27;726.62;734.98;743.33;751.68;760.03;768.38;776.74;785.09;793.44;801.79;810.14;818.50;826.85;835.20;843.55;851.90;860.26;868.61;876.96;885.31;893.66;902.02;910.37;918.72;927.07;935.42;943.78;952.13;960.48;968.83;977.18;985.54;993.89;1002.24;1010.59;1018.94;1027.30;1035.65;1044.00;1052.35;1060.70;1069.06;1077.41;1085.76;1094.11;
Basal;0.00;-1.43;-2.01;-1.98;-1.46;-0.57;0.43;1.12;1.32;1.10;0.58;-0.16;-1.04;-2.02;-3.07;-4.17;-5.31;-6.50;-7.73;-9.00;-10.28;-11.54;-12.75;-13.86;-14.87;-15.70;-16.42;-17.04;-17.59;-18.10;-18.58;-19.06;-19.50;-19.88;-20.20;-20.46;-20.65;-20.82;-20.94;-21.01;-21.01;-20.94;-20.77;-20.87;-20.86;-20.75;-20.57;-20.35;-20.13;-19.92;-19.73;-19.52;-19.26;-18.95;-18.57;-18.17;-17.71;-17.22;-16.71;-16.20;-15.70;-15.17;-14.65;-14.14;-13.64;-13.13;-12.61;-12.11;-11.63;-11.18;-10.78;-10.44;-10.19;-10.04;-9.97;-9.96;-10.00;-10.07;-10.16;-10.28;-10.41;-10.55;-10.69;-10.85;-11.02;-11.20;-11.40;-11.60;-11.81;-12.01;-12.21;-12.38;-12.53;-12.68;-12.82;-12.96;-13.08;-13.19;-13.30;-13.40;-13.51;-13.64;-13.79;-13.95;-14.12;-14.28;-14.41;-14.49;-14.51;-14.48;-14.33;-14.02;-13.52;-12.79;-11.79;-10.47;-8.95;-7.31;-5.65;-4.07;-2.66;-1.50;-0.55;0.25;0.94;1.58;2.22;2.86;3.37;3.53;3.14;2.01;
Mid;0.00;-1.19;-1.56;-1.35;-0.72;0.20;1.14;1.68;1.67;1.23;0.47;-0.49;-1.52;-2.53;-3.54;-4.57;-5.63;-6.74;-7.92;-9.17;-10.46;-11.75;-12.99;-14.15;-15.20;-16.08;-16.84;-17.51;-18.13;-18.73;-19.35;-20.01;-20.69;-21.33;-21.93;-22.46;-22.92;-23.31;-23.62;-23.86;-24.03;-24.10;-24.07;-24.17;-24.16;-24.06;-23.89;-23.68;-23.48;-23.29;-23.11;-22.92;-22.68;-22.37;-21.98;-21.54;-21.02;-20.45;-19.84;-19.21;-18.59;-17.93;-17.28;-16.64;-16.02;-15.40;-14.80;-14.25;-13.73;-13.27;-12.86;-12.52;-12.25;-12.08;-11.98;-11.93;-11.93;-11.95;-12.00;-12.06;-12.13;-12.21;-12.29;-12.38;-12.48;-12.58;-12.70;-12.81;-12.93;-13.04;-13.16;-13.24;-13.31;-13.38;-13.45;-13.51;-13.56;-13.59;-13.63;-13.66;-13.71;-13.78;-13.88;-14.00;-14.13;-14.26;-14.36;-14.42;-14.41;-14.34;-14.16;-13.83;-13.31;-12.59;-11.62;-10.37;-8.94;-7.41;-5.87;-4.41;-3.13;-2.11;-1.30;-0.63;-0.04;0.52;1.13;1.81;2.41;2.72;2.54;1.68;
Apical;0.00;-1.29;-1.52;-1.10;-0.27;0.83;1.76;2.40;2.44;2.01;1.27;0.35;-0.68;-1.81;-3.04;-4.36;-5.80;-7.34;-8.97;-10.66;-12.40;-14.15;-15.86;-17.48;-18.98;-20.28;-21.45;-22.51;-23.52;-24.51;-25.51;-26.56;-27.63;-28.70;-29.74;-30.73;-31.66;-32.54;-33.33;-34.01;-34.57;-35.00;-35.31;-35.38;-35.34;-35.20;-34.98;-34.70;-34.41;-34.11;-33.80;-33.47;-33.09;-32.66;-32.16;-31.67;-31.08;-30.40;-29.63;-28.78;-27.86;-26.82;-25.73;-24.63;-23.52;-22.42;-21.37;-20.37;-19.45;-18.61;-17.87;-17.24;-16.70;-16.32;-16.04;-15.83;-15.69;-15.61;-15.60;-15.69;-15.83;-16.01;-16.21;-16.42;-16.63;-16.84;-17.03;-17.22;-17.40;-17.57;-17.71;-17.78;-17.83;-17.86;-17.88;-17.89;-17.89;-17.87;-17.85;-17.83;-17.82;-17.82;-17.84;-17.86;-17.88;-17.90;-17.89;-17.84;-17.76;-17.68;-17.50;-17.19;-16.68;-15.94;-14.92;-13.53;-11.92;-10.21;-8.49;-6.87;-5.44;-4.31;-3.39;-2.60;-1.87;-1.11;-0.24;0.76;1.74;2.42;2.50;1.75;

----------------------------------------------------------


