PatientInformation
==========================================================
PatientID;No patientID
Name;,,
Date of Birth;
Sex;
Version;AutoStrainCap2 2.1.0.491925

Results
==========================================================
Global
----------------------------------------------------------
LaSr_ED;24.20;%
LaScd_ED;-26.34;%
LaSct_ED;2.14;%
LaSr_AC;24.66;%
LaScd_AC;-26.84;%
LaSct_AC;2.18;%
ED;0.00;ms
ES;312.56;ms
PreA;708.88;ms

Curves
==========================================================
Longitudinal Strain
Unit [%]
Time [ms];0.00;20.43;40.86;61.29;81.72;102.14;122.57;143.00;163.43;183.86;204.29;224.72;245.15;265.57;286.00;306.43;326.86;347.29;367.72;388.15;408.58;429.00;449.43;469.86;490.29;510.72;531.15;551.58;572.01;592.44;612.86;633.29;653.72;674.15;694.58;715.01;735.44;755.87;776.29;796.72;817.15;837.58;858.01;878.44;898.87;919.30;939.72;960.15;980.58;1001.01;1021.44;1041.87;1062.30;1082.73;
LAS_ED;0.00;0.16;1.39;4.99;9.29;10.92;12.30;14.43;16.89;18.82;20.18;21.30;21.97;22.84;23.46;24.15;23.98;22.81;20.13;14.63;9.51;7.28;6.13;4.86;3.47;1.69;0.77;0.58;1.19;2.03;2.21;0.85;-0.78;-2.31;-2.59;-1.85;-0.97;-1.20;-2.36;-3.85;-4.69;-3.90;-2.46;-1.46;-1.31;-3.18;-4.99;-5.25;-4.78;-3.34;-2.24;-2.40;-2.85;-2.45;
LAS_AC;1.89;2.05;3.31;6.97;11.36;13.02;14.42;16.59;19.09;21.06;22.45;23.59;24.28;25.16;25.79;26.49;26.32;25.13;22.39;16.79;11.57;9.30;8.13;6.84;5.43;3.61;2.67;2.47;3.10;3.96;4.14;2.75;1.10;-0.47;-0.75;0.00;0.90;0.66;-0.52;-2.03;-2.89;-2.09;-0.61;0.40;0.56;-1.35;-3.19;-3.46;-2.98;-1.51;-0.40;-0.56;-1.02;-0.61;

----------------------------------------------------------


