PatientInformation
==========================================================
PatientID;No patientID
Name;,,
Date of Birth;
Sex;
Version;AutoStrainCap2 2.1.0.491925

Results
==========================================================
Global
----------------------------------------------------------
GLS(3P);--.--;%
GLS(4Ch);-12.35;%
GLS(2Ch);-10.65;%
GLS(3Ch);--.--;%
ED;0.00;ms
ES;294.38;ms

Results
==========================================================
Longitudinal Strain
T2P
Minimum
----------------------------------------------------------
Segment 0 [mean];230.07;ms
----------------------------------------------------------
Segment 1 [ant];305.11;ms
Segment 2 [ant/sept];0.00;ms
Segment 3 [inf/sept];478.36;ms
Segment 4 [inf];280.58;ms
Segment 5 [inf/lat];0.00;ms
Segment 6 [ant/lat];467.63;ms
----------------------------------------------------------
Segment 7 [ant];288.24;ms
Segment 8 [ant/sept];0.00;ms
Segment 9 [inf/sept];338.84;ms
Segment 10 [inf];214.65;ms
Segment 11 [inf/lat];0.00;ms
Segment 12 [ant/lat];407.83;ms
----------------------------------------------------------
Segment 13 [ant];348.04;ms
Segment 14 [ant/sept];0.00;ms
Segment 15 [inf/sept];355.70;ms
Segment 16 [inf];220.78;ms
Segment 17 [inf/lat];0.00;ms
Segment 18 [ant/lat];435.43;ms
----------------------------------------------------------


Results
==========================================================
Longitudinal Strain
End-systolic

----------------------------------------------------------
Segment 0 [mean];-6.98;%
----------------------------------------------------------
Segment 1 [ant];-7.71;%
Segment 2 [ant/sept];0.00;%
Segment 3 [inf/sept];-3.10;%
Segment 4 [inf];-10.44;%
Segment 5 [inf/lat];0.00;%
Segment 6 [ant/lat];-19.20;%
----------------------------------------------------------
Segment 7 [ant];-14.69;%
Segment 8 [ant/sept];0.00;%
Segment 9 [inf/sept];-9.08;%
Segment 10 [inf];-11.34;%
Segment 11 [inf/lat];0.00;%
Segment 12 [ant/lat];-13.15;%
----------------------------------------------------------
Segment 13 [ant];-15.08;%
Segment 14 [ant/sept];0.00;%
Segment 15 [inf/sept];-8.12;%
Segment 16 [inf];-4.12;%
Segment 17 [inf/lat];0.00;%
Segment 18 [ant/lat];-9.67;%
----------------------------------------------------------


Results
==========================================================
Longitudinal Strain
Peak-systolic

----------------------------------------------------------
Segment 0 [mean];-7.60;%
----------------------------------------------------------
Segment 1 [ant];-7.71;%
Segment 2 [ant/sept];0.00;%
Segment 3 [inf/sept];-3.10;%
Segment 4 [inf];-11.18;%
Segment 5 [inf/lat];0.00;%
Segment 6 [ant/lat];-19.20;%
----------------------------------------------------------
Segment 7 [ant];-14.77;%
Segment 8 [ant/sept];0.00;%
Segment 9 [inf/sept];-9.08;%
Segment 10 [inf];-14.72;%
Segment 11 [inf/lat];0.00;%
Segment 12 [ant/lat];-13.15;%
----------------------------------------------------------
Segment 13 [ant];-15.08;%
Segment 14 [ant/sept];0.00;%
Segment 15 [inf/sept];-8.12;%
Segment 16 [inf];-10.95;%
Segment 17 [inf/lat];0.00;%
Segment 18 [ant/lat];-9.67;%
----------------------------------------------------------


Curves
==========================================================
Longitudinal Strain
Unit [%]
Time [ms];0.00;15.33;30.66;46.00;61.33;76.66;91.99;107.32;122.66;137.99;153.32;168.65;183.98;199.32;214.65;229.98;245.31;260.65;275.98;291.31;306.64;321.97;337.31;352.64;367.97;383.30;398.63;413.97;429.30;444.63;459.96;475.29;490.63;505.96;521.29;536.62;551.95;567.29;582.62;597.95;613.28;628.61;643.95;659.28;674.61;689.94;705.28;720.61;735.94;751.27;766.60;781.94;797.27;812.60;827.93;
Total;0.00;0.36;0.69;0.41;-0.41;-1.49;-2.61;-3.43;-4.11;-4.88;-5.69;-6.52;-7.28;-7.98;-8.56;-8.99;-9.37;-9.84;-10.28;-10.57;-10.46;-9.83;-8.94;-8.12;-7.35;-6.67;-6.22;-6.01;-6.05;-6.11;-6.18;-6.25;-6.00;-5.39;-4.36;-3.29;-2.38;-1.65;-1.18;-0.93;-0.73;-0.51;-0.25;0.08;0.33;0.34;0.29;0.39;0.65;0.92;1.13;1.36;1.46;1.24;0.77;
Segment 1;0.00;2.11;4.66;5.68;5.46;4.76;3.83;3.47;3.38;3.03;2.67;2.11;1.68;1.42;1.41;1.39;0.65;-1.90;-4.71;-7.35;-8.28;-6.68;-3.97;-1.72;0.13;1.40;2.13;2.66;2.57;2.07;1.21;0.45;0.19;0.77;1.73;2.47;2.72;2.05;1.03;0.39;0.29;0.58;1.16;1.54;1.44;0.76;-0.02;-0.30;-0.21;-0.04;0.32;0.99;1.42;1.53;0.98;
Segment 2;0.00;0.00;0.00;0.00;0.00;0.00;0.00;0.00;0.00;0.00;0.00;0.00;0.00;0.00;0.00;0.00;0.00;0.00;0.00;0.00;0.00;0.00;0.00;0.00;0.00;0.00;0.00;0.00;0.00;0.00;0.00;0.00;0.00;0.00;0.00;0.00;0.00;0.00;0.00;0.00;0.00;0.00;0.00;0.00;0.00;0.00;0.00;0.00;0.00;0.00;0.00;0.00;0.00;0.00;0.00;
Segment 3;0.00;0.52;0.71;0.50;0.23;-0.17;-0.76;-1.03;-1.15;-1.45;-1.42;-1.18;-1.28;-1.48;-1.73;-2.11;-2.49;-2.76;-2.98;-3.10;-3.05;-3.02;-2.99;-2.74;-2.59;-2.68;-3.26;-4.13;-5.16;-6.08;-6.84;-7.44;-7.15;-5.96;-3.61;-2.42;-2.93;-2.84;-2.72;-2.81;-2.95;-3.10;-3.21;-3.36;-3.34;-2.40;-1.52;-0.94;-0.23;0.41;0.87;1.39;1.68;1.24;0.65;
Segment 4;0.00;2.21;3.81;2.30;-0.06;-0.89;-1.48;-2.20;-2.88;-3.74;-4.48;-5.10;-5.82;-6.37;-6.79;-6.72;-7.23;-9.38;-11.08;-10.71;-9.02;-6.94;-5.07;-4.31;-4.24;-4.09;-3.96;-3.55;-3.00;-2.36;-1.71;-0.97;-0.53;-1.08;-1.51;-0.91;-0.00;0.66;0.90;0.31;-0.46;-0.88;-0.86;-0.31;0.20;0.18;-0.04;-0.83;-1.27;-0.98;-0.56;-0.52;-0.54;-0.35;0.03;
Segment 5;0.00;0.00;0.00;0.00;0.00;0.00;0.00;0.00;0.00;0.00;0.00;0.00;0.00;0.00;0.00;0.00;0.00;0.00;0.00;0.00;0.00;0.00;0.00;0.00;0.00;0.00;0.00;0.00;0.00;0.00;0.00;0.00;0.00;0.00;0.00;0.00;0.00;0.00;0.00;0.00;0.00;0.00;0.00;0.00;0.00;0.00;0.00;0.00;0.00;0.00;0.00;0.00;0.00;0.00;0.00;
Segment 6;0.00;-0.56;-1.12;-1.71;-2.17;-3.36;-5.91;-7.67;-9.06;-10.73;-11.94;-12.76;-13.58;-14.55;-15.72;-16.75;-17.53;-17.94;-18.47;-19.08;-19.72;-20.37;-20.99;-21.47;-21.98;-22.52;-22.89;-23.30;-23.91;-24.45;-24.77;-24.72;-23.45;-21.00;-17.56;-14.15;-11.08;-7.47;-5.11;-5.32;-5.24;-5.03;-4.89;-4.41;-3.71;-3.37;-3.01;-2.55;-1.92;-1.46;-1.43;-1.09;-0.59;-0.05;0.12;
Segment 7;0.00;-0.14;-0.49;-1.12;-2.41;-3.97;-5.46;-6.65;-7.56;-8.40;-9.58;-11.10;-12.54;-13.58;-14.16;-14.26;-14.43;-14.56;-14.62;-14.75;-14.09;-12.67;-10.58;-8.79;-6.84;-4.54;-2.44;-1.32;-0.83;-0.66;-0.99;-2.08;-2.99;-3.13;-2.75;-2.06;-1.57;-1.78;-2.25;-2.49;-2.21;-1.62;-0.73;0.12;0.44;-0.09;-0.62;-0.06;0.79;1.19;1.41;1.46;1.35;0.73;0.22;
Segment 8;0.00;0.00;0.00;0.00;0.00;0.00;0.00;0.00;0.00;0.00;0.00;0.00;0.00;0.00;0.00;0.00;0.00;0.00;0.00;0.00;0.00;0.00;0.00;0.00;0.00;0.00;0.00;0.00;0.00;0.00;0.00;0.00;0.00;0.00;0.00;0.00;0.00;0.00;0.00;0.00;0.00;0.00;0.00;0.00;0.00;0.00;0.00;0.00;0.00;0.00;0.00;0.00;0.00;0.00;0.00;
Segment 9;0.00;0.17;0.26;0.22;-0.17;-0.90;-1.99;-2.77;-3.36;-3.88;-4.50;-5.15;-5.57;-6.06;-6.71;-7.33;-7.84;-8.17;-8.62;-9.03;-9.16;-9.31;-9.44;-9.35;-9.05;-8.54;-7.90;-7.40;-7.22;-7.11;-6.99;-6.71;-6.65;-6.79;-7.12;-6.59;-4.95;-3.11;-1.34;0.07;0.87;1.21;1.28;1.44;1.72;2.14;2.51;2.80;2.93;2.93;2.77;2.67;2.40;1.64;0.83;
Segment 10;0.00;-0.16;0.07;0.70;0.61;-1.30;-3.53;-5.13;-6.52;-8.14;-9.80;-11.39;-12.90;-14.09;-14.72;-14.01;-13.13;-12.82;-12.42;-11.61;-9.58;-5.10;-0.12;2.73;4.53;5.72;6.45;6.92;7.22;6.91;6.36;5.51;4.69;4.40;4.30;4.34;4.42;4.51;4.48;4.03;3.60;3.65;3.93;4.28;4.34;3.75;3.08;2.88;2.96;2.99;3.08;3.31;3.28;2.58;1.42;
Segment 11;0.00;0.00;0.00;0.00;0.00;0.00;0.00;0.00;0.00;0.00;0.00;0.00;0.00;0.00;0.00;0.00;0.00;0.00;0.00;0.00;0.00;0.00;0.00;0.00;0.00;0.00;0.00;0.00;0.00;0.00;0.00;0.00;0.00;0.00;0.00;0.00;0.00;0.00;0.00;0.00;0.00;0.00;0.00;0.00;0.00;0.00;0.00;0.00;0.00;0.00;0.00;0.00;0.00;0.00;0.00;
Segment 12;0.00;0.42;0.53;0.15;-1.46;-2.76;-2.63;-2.98;-3.49;-3.66;-4.36;-5.44;-6.14;-7.01;-8.18;-9.68;-11.00;-11.77;-12.49;-13.07;-13.37;-13.73;-14.13;-14.42;-14.68;-14.91;-15.03;-15.04;-14.96;-14.58;-14.01;-13.43;-12.54;-11.23;-9.12;-7.01;-5.26;-4.94;-4.70;-3.68;-2.98;-2.63;-2.79;-2.65;-2.18;-1.52;-0.91;-0.43;-0.12;0.10;0.29;0.50;0.62;0.44;0.22;
Segment 13;0.00;0.26;0.33;-0.76;-2.32;-4.33;-5.85;-6.14;-6.34;-7.39;-8.87;-10.33;-11.79;-13.14;-14.03;-14.70;-14.78;-14.80;-14.88;-14.98;-15.67;-16.50;-17.02;-17.10;-16.45;-15.02;-13.62;-12.64;-12.07;-11.67;-11.47;-11.13;-10.66;-10.02;-9.11;-8.24;-7.43;-6.91;-6.59;-6.21;-5.73;-5.18;-4.50;-3.87;-3.46;-3.30;-3.16;-2.66;-2.07;-1.55;-1.18;-0.98;-0.76;-0.16;0.30;
Segment 14;0.00;0.00;0.00;0.00;0.00;0.00;0.00;0.00;0.00;0.00;0.00;0.00;0.00;0.00;0.00;0.00;0.00;0.00;0.00;0.00;0.00;0.00;0.00;0.00;0.00;0.00;0.00;0.00;0.00;0.00;0.00;0.00;0.00;0.00;0.00;0.00;0.00;0.00;0.00;0.00;0.00;0.00;0.00;0.00;0.00;0.00;0.00;0.00;0.00;0.00;0.00;0.00;0.00;0.00;0.00;
Segment 15;0.00;0.02;0.14;0.32;-0.03;-0.59;-1.16;-1.66;-2.12;-2.57;-3.15;-3.79;-4.25;-4.66;-5.08;-5.69;-6.31;-6.84;-7.43;-8.01;-8.53;-9.02;-9.41;-9.59;-9.51;-9.23;-9.22;-9.36;-9.57;-9.29;-8.77;-8.36;-7.61;-6.56;-5.45;-4.35;-3.29;-2.08;-0.93;0.02;0.55;0.82;1.08;1.30;1.49;1.75;1.85;1.74;1.69;1.66;1.66;1.64;1.54;1.30;0.76;
Segment 16;0.00;-0.70;-0.68;-1.15;-1.75;-2.82;-4.02;-5.45;-6.76;-7.78;-8.65;-9.42;-10.04;-10.68;-10.92;-10.82;-9.89;-7.71;-5.37;-4.26;-3.64;-2.72;-1.11;2.17;5.48;7.32;8.01;8.11;7.77;7.36;6.91;6.71;6.68;6.59;6.48;6.13;5.70;5.26;5.03;5.60;6.38;6.96;7.48;7.87;7.82;6.89;5.86;5.35;5.21;5.43;5.80;6.21;6.16;5.12;3.18;
Segment 17;0.00;0.00;0.00;0.00;0.00;0.00;0.00;0.00;0.00;0.00;0.00;0.00;0.00;0.00;0.00;0.00;0.00;0.00;0.00;0.00;0.00;0.00;0.00;0.00;0.00;0.00;0.00;0.00;0.00;0.00;0.00;0.00;0.00;0.00;0.00;0.00;0.00;0.00;0.00;0.00;0.00;0.00;0.00;0.00;0.00;0.00;0.00;0.00;0.00;0.00;0.00;0.00;0.00;0.00;0.00;
Segment 18;0.00;0.18;0.16;-0.15;-0.65;-1.30;-2.08;-2.63;-3.00;-3.25;-3.63;-4.10;-4.54;-4.96;-5.40;-6.30;-7.34;-8.35;-9.08;-9.59;-9.96;-10.24;-10.45;-10.62;-10.64;-10.53;-10.43;-10.52;-10.91;-10.90;-10.65;-10.44;-9.84;-8.78;-7.09;-5.40;-3.91;-2.42;-1.18;-0.35;-0.07;-0.12;-0.18;-0.21;-0.17;-0.03;0.15;0.37;0.65;0.89;1.03;1.26;1.37;1.08;0.60;

----------------------------------------------------------


Curves
==========================================================
Longitudinal Strain Rate
Unit [1/s]
Time [ms];0.00;15.33;30.66;46.00;61.33;76.66;91.99;107.32;122.66;137.99;153.32;168.65;183.98;199.32;214.65;229.98;245.31;260.65;275.98;291.31;306.64;321.97;337.31;352.64;367.97;383.30;398.63;413.97;429.30;444.63;459.96;475.29;490.63;505.96;521.29;536.62;551.95;567.29;582.62;597.95;613.28;628.61;643.95;659.28;674.61;689.94;705.28;720.61;735.94;751.27;766.60;781.94;797.27;812.60;827.93;
Segment 1;1.31;1.61;1.26;0.20;-0.35;-0.59;-0.45;-0.10;-0.13;-0.24;-0.31;-0.34;-0.23;-0.08;0.04;-0.14;-1.10;-1.85;-1.87;-1.29;0.25;1.57;1.69;1.34;1.03;0.62;0.42;0.16;-0.21;-0.47;-0.57;-0.37;0.11;0.56;0.59;0.36;-0.14;-0.62;-0.59;-0.24;0.07;0.31;0.35;0.11;-0.27;-0.54;-0.37;-0.04;0.09;0.16;0.36;0.39;0.20;-0.14;-0.53;
Segment 2;0.00;0.00;0.00;0.00;0.00;0.00;0.00;0.00;0.00;0.00;0.00;0.00;0.00;0.00;0.00;0.00;0.00;0.00;0.00;0.00;0.00;0.00;0.00;0.00;0.00;0.00;0.00;0.00;0.00;0.00;0.00;0.00;0.00;0.00;0.00;0.00;0.00;0.00;0.00;0.00;0.00;0.00;0.00;0.00;0.00;0.00;0.00;0.00;0.00;0.00;0.00;0.00;0.00;0.00;0.00;
Segment 3;0.37;0.25;-0.02;-0.17;-0.21;-0.35;-0.30;-0.10;-0.15;-0.11;0.13;0.06;-0.12;-0.14;-0.21;-0.26;-0.21;-0.16;-0.12;-0.02;0.04;0.00;0.10;0.16;0.04;-0.22;-0.49;-0.64;-0.65;-0.54;-0.48;-0.14;0.46;1.26;1.32;0.11;-0.23;0.13;0.01;-0.09;-0.10;-0.08;-0.09;-0.10;0.32;0.67;0.46;0.40;0.46;0.35;0.32;0.31;-0.06;-0.37;-0.41;
Segment 4;1.48;1.41;0.05;-1.53;-1.09;-0.36;-0.43;-0.45;-0.50;-0.54;-0.43;-0.44;-0.43;-0.34;-0.08;-0.02;-0.92;-1.46;-0.47;0.77;1.30;1.37;0.88;0.20;0.04;0.09;0.17;0.32;0.39;0.42;0.47;0.45;-0.05;-0.43;0.05;0.56;0.55;0.33;-0.13;-0.51;-0.41;-0.14;0.21;0.40;0.16;-0.08;-0.36;-0.48;-0.03;0.29;0.16;-0.03;0.04;0.22;0.13;
Segment 5;0.00;0.00;0.00;0.00;0.00;0.00;0.00;0.00;0.00;0.00;0.00;0.00;0.00;0.00;0.00;0.00;0.00;0.00;0.00;0.00;0.00;0.00;0.00;0.00;0.00;0.00;0.00;0.00;0.00;0.00;0.00;0.00;0.00;0.00;0.00;0.00;0.00;0.00;0.00;0.00;0.00;0.00;0.00;0.00;0.00;0.00;0.00;0.00;0.00;0.00;0.00;0.00;0.00;0.00;0.00;
Segment 6;-0.36;-0.36;-0.39;-0.31;-0.45;-1.31;-1.50;-0.95;-1.01;-0.98;-0.63;-0.50;-0.58;-0.72;-0.74;-0.60;-0.37;-0.28;-0.38;-0.41;-0.43;-0.42;-0.36;-0.31;-0.35;-0.30;-0.23;-0.34;-0.40;-0.29;-0.14;0.39;1.22;1.98;2.31;2.07;2.22;2.13;0.61;-0.19;0.13;0.10;0.18;0.43;0.35;0.20;0.26;0.37;0.39;0.13;0.09;0.29;0.37;0.25;-0.00;
Segment 7;-0.07;-0.15;-0.29;-0.62;-0.97;-1.02;-0.89;-0.67;-0.54;-0.64;-0.90;-1.01;-0.83;-0.53;-0.20;-0.06;-0.11;-0.05;-0.10;0.13;0.69;1.20;1.29;1.17;1.40;1.51;1.07;0.48;0.21;-0.02;-0.50;-0.74;-0.36;0.10;0.38;0.44;0.09;-0.27;-0.27;0.01;0.29;0.50;0.61;0.42;-0.09;-0.45;-0.01;0.55;0.43;0.19;0.09;-0.00;-0.25;-0.41;-0.23;
Segment 8;0.00;0.00;0.00;0.00;0.00;0.00;0.00;0.00;0.00;0.00;0.00;0.00;0.00;0.00;0.00;0.00;0.00;0.00;0.00;0.00;0.00;0.00;0.00;0.00;0.00;0.00;0.00;0.00;0.00;0.00;0.00;0.00;0.00;0.00;0.00;0.00;0.00;0.00;0.00;0.00;0.00;0.00;0.00;0.00;0.00;0.00;0.00;0.00;0.00;0.00;0.00;0.00;0.00;0.00;0.00;
Segment 9;0.12;0.09;0.03;-0.13;-0.36;-0.63;-0.64;-0.43;-0.35;-0.37;-0.44;-0.35;-0.27;-0.38;-0.43;-0.38;-0.26;-0.25;-0.30;-0.17;-0.07;-0.11;-0.02;0.13;0.27;0.39;0.40;0.22;0.08;0.06;0.14;0.13;-0.03;-0.21;-0.01;0.75;1.20;1.20;1.07;0.73;0.35;0.11;0.06;0.14;0.23;0.27;0.22;0.14;0.04;-0.06;-0.08;-0.09;-0.34;-0.54;-0.54;
Segment 10;-0.14;-0.00;0.34;0.30;-0.68;-1.49;-1.27;-0.92;-0.97;-1.09;-1.06;-1.02;-0.90;-0.65;0.05;0.63;0.39;0.18;0.35;0.81;2.15;3.34;2.63;1.42;0.95;0.61;0.37;0.28;0.00;-0.30;-0.46;-0.59;-0.37;-0.10;-0.01;0.04;0.06;0.05;-0.16;-0.34;-0.13;0.13;0.23;0.17;-0.18;-0.47;-0.30;-0.01;0.05;0.02;0.12;0.11;-0.23;-0.63;-0.86;
Segment 11;0.00;0.00;0.00;0.00;0.00;0.00;0.00;0.00;0.00;0.00;0.00;0.00;0.00;0.00;0.00;0.00;0.00;0.00;0.00;0.00;0.00;0.00;0.00;0.00;0.00;0.00;0.00;0.00;0.00;0.00;0.00;0.00;0.00;0.00;0.00;0.00;0.00;0.00;0.00;0.00;0.00;0.00;0.00;0.00;0.00;0.00;0.00;0.00;0.00;0.00;0.00;0.00;0.00;0.00;0.00;
Segment 12;0.30;0.19;-0.03;-0.69;-1.11;-0.33;0.02;-0.34;-0.20;-0.24;-0.64;-0.59;-0.47;-0.66;-0.89;-0.97;-0.67;-0.46;-0.44;-0.27;-0.19;-0.26;-0.23;-0.17;-0.17;-0.12;-0.04;0.01;0.14;0.33;0.37;0.46;0.69;1.14;1.43;1.34;0.67;0.05;0.43;0.63;0.35;0.03;-0.05;0.21;0.39;0.43;0.36;0.25;0.17;0.13;0.13;0.12;-0.02;-0.14;-0.14;
Segment 13;0.18;0.17;-0.32;-0.91;-1.21;-1.24;-0.57;-0.05;-0.38;-0.88;-0.98;-0.95;-0.94;-0.73;-0.52;-0.24;0.00;-0.03;-0.03;-0.25;-0.54;-0.47;-0.22;0.17;0.72;0.99;0.79;0.49;0.31;0.18;0.16;0.26;0.35;0.52;0.60;0.56;0.44;0.26;0.21;0.28;0.33;0.41;0.45;0.35;0.18;0.07;0.20;0.38;0.38;0.30;0.17;0.10;0.28;0.41;0.04;
Segment 14;0.00;0.00;0.00;0.00;0.00;0.00;0.00;0.00;0.00;0.00;0.00;0.00;0.00;0.00;0.00;0.00;0.00;0.00;0.00;0.00;0.00;0.00;0.00;0.00;0.00;0.00;0.00;0.00;0.00;0.00;0.00;0.00;0.00;0.00;0.00;0.00;0.00;0.00;0.00;0.00;0.00;0.00;0.00;0.00;0.00;0.00;0.00;0.00;0.00;0.00;0.00;0.00;0.00;0.00;0.00;
Segment 15;0.00;0.04;0.13;-0.04;-0.33;-0.38;-0.35;-0.31;-0.29;-0.33;-0.42;-0.36;-0.27;-0.26;-0.33;-0.42;-0.37;-0.36;-0.39;-0.36;-0.33;-0.30;-0.20;-0.03;0.15;0.11;-0.05;-0.15;0.00;0.30;0.30;0.35;0.60;0.72;0.73;0.69;0.74;0.79;0.70;0.49;0.24;0.16;0.16;0.13;0.16;0.13;-0.02;-0.07;-0.02;-0.01;-0.00;-0.04;-0.10;-0.25;-0.44;
Segment 16;-0.54;-0.19;-0.10;-0.35;-0.54;-0.76;-0.87;-0.92;-0.76;-0.61;-0.54;-0.44;-0.43;-0.31;-0.06;0.28;1.05;1.61;1.16;0.48;0.45;0.74;1.62;2.33;1.73;0.77;0.23;-0.10;-0.27;-0.29;-0.22;-0.06;-0.03;-0.06;-0.15;-0.26;-0.29;-0.26;0.11;0.50;0.45;0.35;0.32;0.15;-0.34;-0.71;-0.52;-0.20;0.03;0.21;0.28;0.17;-0.34;-0.95;-1.71;
Segment 17;0.00;0.00;0.00;0.00;0.00;0.00;0.00;0.00;0.00;0.00;0.00;0.00;0.00;0.00;0.00;0.00;0.00;0.00;0.00;0.00;0.00;0.00;0.00;0.00;0.00;0.00;0.00;0.00;0.00;0.00;0.00;0.00;0.00;0.00;0.00;0.00;0.00;0.00;0.00;0.00;0.00;0.00;0.00;0.00;0.00;0.00;0.00;0.00;0.00;0.00;0.00;0.00;0.00;0.00;0.00;
Segment 18;0.14;0.07;-0.11;-0.27;-0.38;-0.49;-0.45;-0.29;-0.19;-0.19;-0.28;-0.30;-0.28;-0.26;-0.43;-0.66;-0.69;-0.58;-0.40;-0.28;-0.21;-0.16;-0.13;-0.07;0.04;0.08;0.02;-0.19;-0.16;0.12;0.14;0.24;0.53;0.92;1.14;1.03;0.97;0.91;0.69;0.36;0.04;-0.05;-0.03;0.00;0.06;0.11;0.13;0.17;0.18;0.12;0.12;0.14;-0.05;-0.27;-0.36;

----------------------------------------------------------


Curves
==========================================================
Global Strain A2C
Unit [%]
Time [ms];0.00;15.33;30.66;46.00;61.33;76.66;91.99;107.32;122.66;137.99;153.32;168.65;183.98;199.32;214.65;229.98;245.31;260.65;275.98;291.31;306.64;321.97;337.31;352.64;367.97;383.30;398.63;413.97;429.30;444.63;459.96;475.29;490.63;505.96;521.29;536.62;551.95;567.29;582.62;597.95;613.28;628.61;643.95;659.28;674.61;689.94;705.28;720.61;735.94;751.27;766.60;781.94;797.27;812.60;827.93;
Total;0.00;0.60;1.29;0.95;-0.07;-1.41;-2.74;-3.67;-4.44;-5.40;-6.45;-7.53;-8.56;-9.39;-9.85;-9.85;-9.82;-10.21;-10.53;-10.63;-10.08;-8.51;-6.42;-4.64;-3.05;-1.68;-0.72;-0.12;0.13;0.13;-0.09;-0.37;-0.55;-0.51;-0.23;0.21;0.56;0.56;0.37;0.21;0.26;0.54;1.04;1.56;1.75;1.33;0.82;0.70;0.88;1.15;1.46;1.73;1.81;1.57;1.03;

----------------------------------------------------------


Curves
==========================================================
Global Strain Rate A2C
Unit [1/s]
Time [ms];0.00;15.33;30.66;46.00;61.33;76.66;91.99;107.32;122.66;137.99;153.32;168.65;183.98;199.32;214.65;229.98;245.31;260.65;275.98;291.31;306.64;321.97;337.31;352.64;367.97;383.30;398.63;413.97;429.30;444.63;459.96;475.29;490.63;505.96;521.29;536.62;551.95;567.29;582.62;597.95;613.28;628.61;643.95;659.28;674.61;689.94;705.28;720.61;735.94;751.27;766.60;781.94;797.27;812.60;827.93;
Total;0.37;0.48;0.16;-0.49;-0.80;-0.91;-0.75;-0.52;-0.55;-0.66;-0.70;-0.70;-0.62;-0.44;-0.13;0.06;-0.12;-0.27;-0.16;0.10;0.70;1.27;1.30;1.09;0.98;0.76;0.51;0.27;0.07;-0.08;-0.18;-0.16;-0.05;0.10;0.25;0.29;0.12;-0.08;-0.13;-0.04;0.10;0.26;0.36;0.27;-0.09;-0.36;-0.22;0.04;0.16;0.20;0.20;0.13;-0.05;-0.25;-0.53;

----------------------------------------------------------


Curves
==========================================================
Global Strain A3C
Unit [%]
Time [ms];0.00;15.33;30.66;46.00;61.33;76.66;91.99;107.32;122.66;137.99;153.32;168.65;183.98;199.32;214.65;229.98;245.31;260.65;275.98;291.31;306.64;321.97;337.31;352.64;367.97;383.30;398.63;413.97;429.30;444.63;459.96;475.29;490.63;505.96;521.29;536.62;551.95;567.29;582.62;597.95;613.28;628.61;643.95;659.28;674.61;689.94;705.28;720.61;735.94;751.27;766.60;781.94;797.27;812.60;827.93;
Total;

----------------------------------------------------------


Curves
==========================================================
Global Strain Rate A3C
Unit [1/s]
Time [ms];0.00;15.33;30.66;46.00;61.33;76.66;91.99;107.32;122.66;137.99;153.32;168.65;183.98;199.32;214.65;229.98;245.31;260.65;275.98;291.31;306.64;321.97;337.31;352.64;367.97;383.30;398.63;413.97;429.30;444.63;459.96;475.29;490.63;505.96;521.29;536.62;551.95;567.29;582.62;597.95;613.28;628.61;643.95;659.28;674.61;689.94;705.28;720.61;735.94;751.27;766.60;781.94;797.27;812.60;827.93;
Total;

----------------------------------------------------------


Curves
==========================================================
Global Strain A4C
Unit [%]
Time [ms];0.00;15.33;30.66;46.00;61.33;76.66;91.99;107.32;122.66;137.99;153.32;168.65;183.98;199.32;214.65;229.98;245.31;260.65;275.98;291.31;306.64;321.97;337.31;352.64;367.97;383.30;398.63;413.97;429.30;444.63;459.96;475.29;490.63;505.96;521.29;536.62;551.95;567.29;582.62;597.95;613.28;628.61;643.95;659.28;674.61;689.94;705.28;720.61;735.94;751.27;766.60;781.94;797.27;812.60;827.93;
Total;0.00;0.12;0.10;-0.14;-0.75;-1.56;-2.48;-3.19;-3.78;-4.35;-4.93;-5.51;-6.01;-6.58;-7.27;-8.13;-8.91;-9.48;-10.02;-10.50;-10.83;-11.16;-11.45;-11.60;-11.66;-11.66;-11.73;-11.90;-12.23;-12.35;-12.28;-12.12;-11.46;-10.27;-8.50;-6.78;-5.32;-3.87;-2.72;-2.08;-1.71;-1.55;-1.53;-1.39;-1.10;-0.65;-0.24;0.08;0.42;0.68;0.80;1.00;1.12;0.91;0.51;

----------------------------------------------------------


Curves
==========================================================
Global Strain Rate A4C
Unit [1/s]
Time [ms];0.00;15.33;30.66;46.00;61.33;76.66;91.99;107.32;122.66;137.99;153.32;168.65;183.98;199.32;214.65;229.98;245.31;260.65;275.98;291.31;306.64;321.97;337.31;352.64;367.97;383.30;398.63;413.97;429.30;444.63;459.96;475.29;490.63;505.96;521.29;536.62;551.95;567.29;582.62;597.95;613.28;628.61;643.95;659.28;674.61;689.94;705.28;720.61;735.94;751.27;766.60;781.94;797.27;812.60;827.93;
Total;0.09;0.04;-0.07;-0.28;-0.48;-0.59;-0.55;-0.41;-0.37;-0.38;-0.38;-0.35;-0.34;-0.41;-0.52;-0.56;-0.44;-0.35;-0.34;-0.26;-0.21;-0.21;-0.15;-0.06;-0.02;-0.02;-0.07;-0.18;-0.17;-0.00;0.06;0.24;0.60;1.00;1.18;1.03;0.95;0.87;0.58;0.31;0.17;0.04;0.04;0.14;0.25;0.30;0.23;0.21;0.21;0.11;0.10;0.13;-0.02;-0.21;-0.30;

----------------------------------------------------------


