PatientInformation
==========================================================
PatientID;No patientID
Name;,,
Date of Birth;
Sex;
Version;AutoStrainCap2 2.1.0.491925

Results
==========================================================
Global
----------------------------------------------------------
RVFWSL;-14.49;%
RV4CSL;-10.75;%
ED;0.00;ms
ES;218.59;ms

Curves
==========================================================
Longitudinal Strain
Unit [%]
Time [ms];0.00;20.43;40.86;61.29;81.72;102.14;122.57;143.00;163.43;183.86;204.29;224.72;245.15;265.57;286.00;306.43;326.86;347.29;367.72;388.15;408.58;429.00;449.43;469.86;490.29;510.72;531.15;551.58;572.01;592.44;612.86;633.29;653.72;674.15;694.58;715.01;735.44;755.87;776.29;796.72;817.15;837.58;858.01;878.44;898.87;919.30;939.72;960.15;980.58;1001.01;1021.44;1041.87;1062.30;1082.73;
Basal;0.00;-3.02;-5.61;-7.89;-9.79;-11.23;-12.37;-13.39;-14.29;-15.05;-15.50;-15.46;-14.47;-12.12;-9.04;-5.91;-2.71;0.55;2.78;3.12;2.91;3.65;5.02;6.23;7.25;7.66;7.54;7.05;6.43;6.01;5.64;5.21;5.05;5.39;5.61;5.03;4.32;4.14;4.29;4.54;4.76;4.88;4.86;4.75;4.51;4.15;3.87;3.87;3.93;3.85;3.77;3.78;3.42;2.15;
Mid;0.00;-3.09;-5.59;-7.75;-9.52;-10.82;-11.85;-12.81;-13.70;-14.52;-15.07;-15.17;-14.42;-12.44;-9.79;-7.08;-4.20;-1.02;1.23;1.51;1.25;2.05;3.46;4.79;5.89;6.35;6.30;5.96;5.51;5.22;4.95;4.59;4.48;4.94;5.31;4.84;4.20;4.01;4.12;4.34;4.52;4.54;4.42;4.24;3.96;3.53;3.20;3.25;3.37;3.29;3.25;3.39;3.19;2.03;
Apical;0.00;-2.51;-4.43;-6.21;-7.69;-8.71;-9.47;-10.26;-11.00;-11.67;-12.11;-12.29;-11.77;-10.20;-8.11;-6.12;-3.96;-1.44;0.38;0.71;0.36;0.59;1.39;2.34;3.35;3.85;3.85;3.57;3.18;2.96;2.80;2.58;2.56;2.97;3.29;2.93;2.46;2.42;2.65;2.95;3.16;3.20;3.10;2.97;2.81;2.54;2.37;2.47;2.58;2.54;2.54;2.72;2.62;1.77;

----------------------------------------------------------


