PatientInformation
==========================================================
PatientID;No patientID
Name;,,
Date of Birth;
Sex;
Version;AutoStrainCap2 2.1.0.491925

Results
==========================================================
Global
----------------------------------------------------------
LaSr_ED;29.11;%
LaScd_ED;-12.63;%
LaSct_ED;-16.48;%
LaSr_AC;24.97;%
LaScd_AC;-10.83;%
LaSct_AC;-14.14;%
ED;0.00;ms
ES;395.74;ms
PreA;583.55;ms

Curves
==========================================================
Longitudinal Strain
Unit [%]
Time [ms];0.00;11.18;22.36;33.54;44.72;55.90;67.08;78.25;89.43;100.61;111.79;122.97;134.15;145.33;156.51;167.69;178.87;190.05;201.23;212.40;223.58;234.76;245.94;257.12;268.30;279.48;290.66;301.84;313.02;324.20;335.38;346.55;357.73;368.91;380.09;391.27;402.45;413.63;424.81;435.99;447.17;458.35;469.53;480.71;491.88;503.06;514.24;525.42;536.60;547.78;558.96;570.14;581.32;592.50;603.68;614.86;626.03;637.21;648.39;659.57;670.75;681.93;693.11;704.29;715.47;726.65;737.83;749.01;760.18;
LAS_ED;0.00;0.21;1.39;4.69;5.70;6.89;7.92;9.43;11.19;13.20;14.81;16.21;17.15;17.85;18.38;19.07;20.18;21.53;22.95;24.17;25.26;26.03;26.48;26.54;26.31;26.96;27.20;26.86;25.64;24.44;23.72;24.39;25.67;27.16;28.44;29.04;28.88;27.39;25.43;23.52;21.98;21.01;20.06;19.42;18.58;18.01;17.15;16.66;16.34;16.51;16.71;16.93;16.57;15.97;14.68;13.18;11.20;9.82;8.40;7.40;5.77;2.61;-0.85;-3.78;-5.51;-6.23;-5.91;-4.26;-2.06;
LAS_AC;-14.22;-14.04;-13.03;-10.19;-9.32;-8.31;-7.42;-6.12;-4.62;-2.89;-1.51;-0.31;0.50;1.10;1.55;2.14;3.10;4.25;5.47;6.52;7.45;8.12;8.50;8.55;8.36;8.91;9.11;8.82;7.78;6.75;6.13;6.70;7.81;9.09;10.18;10.70;10.56;9.28;7.60;5.96;4.64;3.81;2.99;2.45;1.72;1.24;0.50;0.07;-0.20;-0.05;0.12;0.30;0.00;-0.51;-1.63;-2.91;-4.61;-5.79;-7.01;-7.87;-9.27;-11.98;-14.94;-17.46;-18.94;-19.56;-19.29;-17.87;-15.99;

----------------------------------------------------------


