PatientInformation
==========================================================
PatientID;No patientID
Name;,,
Date of Birth;
Sex;
Version;AutoStrainCap2 2.1.0.491925

Results
==========================================================
Global
----------------------------------------------------------
RVFWSL;-22.72;%
RV4CSL;-19.92;%
ED;0.00;ms
ES;294.64;ms

Curves
==========================================================
Longitudinal Strain
Unit [%]
Time [ms];0.00;21.35;42.70;64.05;85.40;106.75;128.10;149.45;170.80;192.15;213.50;234.85;256.20;277.56;298.91;320.26;341.61;362.96;384.31;405.66;427.01;448.36;469.71;491.06;512.41;533.76;555.11;576.46;597.81;619.16;640.51;661.86;683.21;704.56;725.91;747.26;
Basal;0.00;0.00;-1.87;-4.60;-8.10;-11.08;-14.73;-16.80;-18.21;-19.07;-19.77;-20.26;-20.76;-20.78;-20.50;-20.11;-19.03;-17.02;-15.10;-12.42;-10.33;-8.38;-6.98;-5.88;-4.93;-3.92;-3.51;-3.19;-2.86;-2.45;-2.22;-1.93;-1.69;-1.53;-1.02;-0.41;
Mid;0.00;-0.29;-2.33;-4.90;-7.90;-10.69;-13.24;-14.99;-16.56;-17.79;-19.29;-20.23;-20.94;-21.27;-21.05;-20.53;-18.99;-16.62;-14.69;-12.27;-10.13;-8.30;-6.92;-5.95;-5.14;-4.32;-3.94;-3.65;-3.29;-2.85;-2.48;-2.03;-1.57;-1.20;-0.61;-0.11;
Apical;0.00;-0.86;-2.51;-5.28;-8.52;-11.33;-14.52;-16.80;-18.47;-20.02;-21.58;-22.98;-24.29;-25.00;-25.31;-25.38;-24.49;-22.84;-21.62;-19.56;-18.09;-16.32;-14.55;-12.95;-11.44;-9.80;-8.81;-7.98;-7.23;-6.48;-5.36;-3.69;-2.10;-1.36;-0.52;0.04;

----------------------------------------------------------


