PatientInformation
==========================================================
PatientID;No patientID
Name;,,
Date of Birth;
Sex;
Version;AutoStrainCap2 2.1.0.491925

Results
==========================================================
Global
----------------------------------------------------------
LaSr_ED;5.25;%
LaScd_ED;-13.35;%
LaSct_ED;8.10;%
LaSr_AC;5.71;%
LaScd_AC;-14.51;%
LaSct_AC;8.80;%
ED;0.00;ms
ES;279.87;ms
PreA;529.24;ms

Curves
==========================================================
Longitudinal Strain
Unit [%]
Time [ms];0.00;10.52;21.04;31.56;42.09;52.61;63.13;73.65;84.17;94.69;105.22;115.74;126.26;136.78;147.30;157.82;168.35;178.87;189.39;199.91;210.43;220.95;231.48;242.00;252.52;263.04;273.56;284.08;294.61;305.13;315.65;326.17;336.69;347.21;357.73;368.26;378.78;389.30;399.82;410.34;420.86;431.39;441.91;452.43;462.95;473.47;483.99;494.52;505.04;515.56;526.08;536.60;547.12;557.65;568.17;578.69;589.21;599.73;610.25;620.77;631.30;641.82;652.34;662.86;673.38;683.90;694.43;704.95;715.47;725.99;736.51;747.03;757.56;768.08;
LAS_ED;0.00;0.01;-0.04;-0.16;0.13;0.56;1.22;2.06;2.93;3.76;3.95;4.05;3.95;3.72;3.51;3.60;3.83;4.28;4.58;4.95;5.06;5.05;4.77;4.49;4.44;4.77;5.17;5.21;4.78;3.79;1.77;-1.75;-5.38;-8.13;-9.80;-10.57;-11.32;-12.45;-13.80;-14.60;-14.57;-13.71;-12.77;-11.50;-10.49;-9.39;-8.75;-8.13;-7.76;-7.78;-8.04;-8.21;-8.52;-8.59;-8.64;-8.67;-8.60;-8.24;-7.66;-6.93;-6.46;-6.16;-6.12;-5.97;-5.57;-5.06;-4.53;-4.49;-4.40;-4.27;-3.79;-3.11;-2.26;-1.07;
LAS_AC;8.75;8.76;8.71;8.57;8.90;9.35;10.07;10.99;11.94;12.84;13.04;13.15;13.04;12.79;12.56;12.66;12.91;13.41;13.73;14.13;14.25;14.24;13.94;13.64;13.58;13.93;14.37;14.42;13.95;12.87;10.68;6.85;2.90;-0.09;-1.91;-2.74;-3.56;-4.79;-6.26;-7.13;-7.09;-6.16;-5.13;-3.76;-2.66;-1.47;-0.77;-0.10;0.31;0.29;0.00;-0.17;-0.52;-0.59;-0.65;-0.69;-0.61;-0.21;0.42;1.21;1.72;2.05;2.10;2.25;2.69;3.24;3.83;3.87;3.97;4.10;4.62;5.37;6.29;7.58;

----------------------------------------------------------


