PatientInformation
==========================================================
PatientID;No patientID
Name;,,
Date of Birth;
Sex;
Version;AutoStrainCap2 2.1.0.491925

Results
==========================================================
Global
----------------------------------------------------------
RVFWSL;-28.83;%
RV4CSL;-22.22;%
ED;0.00;ms
ES;230.08;ms

Curves
==========================================================
Longitudinal Strain
Unit [%]
Time [ms];0.00;10.85;21.71;32.56;43.41;54.26;65.12;75.97;86.82;97.68;108.53;119.38;130.23;141.09;151.94;162.79;173.64;184.50;195.35;206.20;217.06;227.91;238.76;249.61;260.47;271.32;282.17;293.03;303.88;314.73;325.58;336.44;347.29;358.14;369.00;379.85;390.70;401.55;412.41;423.26;434.11;444.97;455.82;466.67;477.52;488.38;499.23;510.08;520.93;531.79;542.64;553.49;564.35;
Basal;0.00;-1.66;-3.53;-4.46;-5.20;-6.68;-8.45;-10.40;-12.48;-14.87;-17.37;-19.82;-22.18;-24.53;-26.57;-28.31;-29.95;-31.66;-33.19;-34.35;-34.89;-34.84;-33.76;-33.01;-32.30;-31.45;-30.54;-29.70;-28.89;-28.13;-27.29;-26.09;-24.95;-24.46;-23.74;-21.53;-18.93;-17.12;-15.29;-12.95;-10.51;-8.35;-6.57;-5.01;-3.90;-3.38;-3.30;-3.71;-3.71;-2.59;-1.43;-1.23;-0.98;
Mid;0.00;-2.02;-4.20;-5.47;-6.54;-8.09;-9.81;-11.59;-13.47;-15.52;-17.66;-19.73;-21.67;-23.68;-25.37;-26.63;-27.68;-28.60;-29.51;-30.77;-31.60;-31.55;-30.53;-29.56;-28.49;-27.25;-25.88;-24.36;-22.81;-21.35;-19.96;-18.65;-17.78;-18.03;-18.23;-17.21;-15.57;-13.85;-11.89;-9.49;-7.01;-4.84;-3.03;-1.59;-0.60;-0.16;-0.16;-0.58;-0.74;-0.12;0.42;-0.02;-0.43;
Apical;0.00;-1.19;-2.76;-3.55;-4.16;-5.06;-6.03;-7.10;-8.26;-9.78;-11.40;-13.04;-14.48;-15.77;-16.75;-17.49;-18.28;-19.37;-20.36;-20.96;-21.01;-20.65;-19.95;-19.42;-18.81;-18.05;-17.20;-16.33;-15.47;-14.67;-13.76;-12.46;-11.43;-11.27;-11.19;-10.15;-8.66;-7.45;-6.14;-4.52;-2.93;-1.67;-0.75;0.01;0.41;0.45;0.25;-0.20;-0.40;-0.02;0.30;-0.17;-0.46;

----------------------------------------------------------


