PatientInformation
==========================================================
PatientID;No patientID
Name;,,
Date of Birth;
Sex;
Version;AutoStrainCap2 2.1.0.491925

Results
==========================================================
Global
----------------------------------------------------------
LaSr_ED;25.95;%
LaScd_ED;-18.17;%
LaSct_ED;-7.78;%
LaSr_AC;24.07;%
LaScd_AC;-16.85;%
LaSct_AC;-7.22;%
ED;0.00;ms
ES;387.10;ms
PreA;693.19;ms

Curves
==========================================================
Longitudinal Strain
Unit [%]
Time [ms];0.00;9.00;18.00;27.01;36.01;45.01;54.01;63.02;72.02;81.02;90.02;99.03;108.03;117.03;126.03;135.04;144.04;153.04;162.04;171.05;180.05;189.05;198.05;207.06;216.06;225.06;234.06;243.06;252.07;261.07;270.07;279.07;288.08;297.08;306.08;315.08;324.09;333.09;342.09;351.09;360.10;369.10;378.10;387.10;396.11;405.11;414.11;423.11;432.12;441.12;450.12;459.12;468.13;477.13;486.13;495.13;504.13;513.14;522.14;531.14;540.14;549.15;558.15;567.15;576.15;585.16;594.16;603.16;612.16;621.17;630.17;639.17;648.17;657.18;666.18;675.18;684.18;693.19;702.19;711.19;720.19;729.19;738.20;747.20;756.20;765.20;774.21;783.21;792.21;801.21;810.22;819.22;828.22;837.22;846.23;855.23;864.23;873.23;882.24;891.24;900.24;909.24;918.25;927.25;936.25;945.25;954.25;963.26;972.26;981.26;990.26;
LAS_ED;0.00;-0.37;-0.92;-0.89;0.74;2.81;4.17;5.11;5.69;6.09;6.39;6.75;7.14;7.57;8.00;8.44;8.85;9.31;9.85;10.53;11.42;12.49;13.70;15.00;16.21;17.35;18.10;18.74;19.20;19.62;19.99;20.47;20.94;21.47;21.99;22.57;23.14;23.74;24.29;24.80;25.24;25.57;25.81;25.95;25.84;25.62;25.23;24.77;24.32;23.87;23.55;23.32;23.20;23.10;22.96;22.81;22.29;21.71;20.93;19.99;18.74;17.22;15.50;13.81;12.24;10.98;10.24;9.83;9.63;9.54;9.45;9.27;9.02;8.73;8.44;8.17;7.96;7.78;7.62;7.48;7.32;7.13;6.93;6.75;6.57;6.45;6.36;6.32;6.26;6.22;6.13;6.02;5.88;5.81;5.74;5.73;5.63;5.50;5.36;5.03;4.80;3.98;3.30;2.49;1.71;0.91;0.10;-0.60;-1.06;-1.19;-0.86;
LAS_AC;-7.22;-7.57;-8.07;-8.05;-6.53;-4.61;-3.35;-2.48;-1.94;-1.57;-1.29;-0.95;-0.60;-0.20;0.20;0.61;0.99;1.41;1.92;2.55;3.37;4.37;5.49;6.70;7.82;8.88;9.58;10.17;10.59;10.99;11.33;11.77;12.21;12.70;13.18;13.72;14.25;14.81;15.32;15.79;16.20;16.51;16.73;16.85;16.75;16.55;16.19;15.76;15.34;14.93;14.63;14.42;14.31;14.21;14.08;13.94;13.46;12.93;12.20;11.32;10.16;8.76;7.16;5.59;4.14;2.96;2.28;1.90;1.71;1.63;1.55;1.38;1.14;0.88;0.61;0.36;0.16;0.00;-0.15;-0.28;-0.43;-0.60;-0.79;-0.96;-1.12;-1.24;-1.32;-1.35;-1.41;-1.45;-1.53;-1.64;-1.76;-1.83;-1.90;-1.91;-2.00;-2.12;-2.25;-2.56;-2.77;-3.52;-4.16;-4.91;-5.64;-6.38;-7.13;-7.78;-8.20;-8.32;-8.01;

----------------------------------------------------------


