PatientInformation
==========================================================
PatientID;No patientID
Name;,,
Date of Birth;
Sex;
Version;AutoStrainCap2 2.1.0.491925

Results
==========================================================
Global
----------------------------------------------------------
RVFWSL;-31.76;%
RV4CSL;-28.66;%
ED;0.00;ms
ES;376.80;ms

Curves
==========================================================
Longitudinal Strain
Unit [%]
Time [ms];0.00;17.05;34.10;51.15;68.20;85.25;102.30;119.35;136.40;153.45;170.50;187.55;204.60;221.64;238.69;255.74;272.79;289.84;306.89;323.94;340.99;358.04;375.09;392.14;409.19;426.24;443.29;460.34;477.39;494.44;511.49;528.54;545.59;562.64;579.69;596.74;613.79;630.84;647.89;664.93;681.98;699.03;716.08;733.13;750.18;767.23;784.28;801.33;818.38;835.43;852.48;869.53;886.58;903.63;920.68;937.73;954.78;
Basal;0.00;0.34;-0.17;-2.40;-4.44;-5.07;-5.43;-6.95;-8.86;-10.62;-12.19;-14.21;-16.24;-18.29;-20.24;-21.92;-23.43;-24.50;-25.66;-27.13;-28.71;-29.99;-30.67;-30.39;-29.71;-29.91;-30.58;-30.32;-29.10;-26.76;-23.22;-18.23;-13.76;-12.63;-12.65;-12.27;-11.76;-10.66;-9.97;-11.07;-12.36;-12.85;-13.17;-13.56;-13.89;-14.12;-14.33;-14.51;-13.65;-10.93;-7.27;-3.76;-1.15;-0.20;-0.21;-0.41;-0.54;
Mid;0.00;-1.09;-2.70;-4.31;-5.53;-6.14;-6.59;-8.02;-9.95;-12.03;-13.87;-15.38;-16.66;-17.82;-18.99;-20.59;-22.13;-23.28;-24.35;-25.72;-27.08;-28.24;-28.88;-28.83;-28.46;-28.53;-28.65;-28.23;-26.58;-23.45;-19.59;-15.67;-12.80;-12.77;-13.58;-13.65;-13.36;-12.92;-12.65;-12.67;-12.78;-12.84;-12.84;-12.94;-13.01;-13.03;-13.06;-13.22;-12.40;-9.48;-5.82;-3.12;-1.25;-0.37;-0.22;-0.29;-0.36;
Apical;0.00;-0.91;-2.10;-3.69;-5.18;-6.56;-7.96;-9.91;-12.10;-14.20;-16.17;-18.33;-20.36;-22.46;-24.45;-26.54;-28.52;-29.96;-31.27;-32.57;-33.71;-34.77;-35.07;-34.44;-33.44;-33.14;-33.01;-32.56;-31.34;-28.74;-25.37;-21.63;-18.57;-17.96;-17.98;-17.64;-17.10;-16.28;-15.60;-15.55;-15.65;-15.55;-15.42;-15.30;-15.16;-14.98;-14.85;-14.82;-13.81;-10.69;-6.85;-3.87;-1.75;-0.84;-0.62;-0.38;-0.28;

----------------------------------------------------------


