PatientInformation
==========================================================
PatientID;No patientID
Name;,,
Date of Birth;
Sex;
Version;AutoStrainCap2 2.1.0.491925

Results
==========================================================
Global
----------------------------------------------------------
LaSr_ED;5.72;%
LaScd_ED;-17.70;%
LaSct_ED;11.98;%
LaSr_AC;6.51;%
LaScd_AC;-20.14;%
LaSct_AC;13.63;%
ED;0.00;ms
ES;43.04;ms
PreA;514.18;ms

Curves
==========================================================
Longitudinal Strain
Unit [%]
Time [ms];0.00;11.33;22.65;33.98;45.30;56.63;67.95;79.28;90.60;101.93;113.26;124.58;135.91;147.23;158.56;169.88;181.21;192.54;203.86;215.19;226.51;237.84;249.16;260.49;271.81;283.14;294.47;305.79;317.12;328.44;339.77;351.09;362.42;373.74;385.07;396.40;407.72;419.05;430.37;441.70;453.02;464.35;475.68;487.00;498.33;509.65;520.98;532.30;543.63;554.95;566.28;577.61;588.93;600.26;611.58;622.91;634.23;645.56;656.88;668.21;679.54;690.86;702.19;713.51;724.84;736.16;747.49;758.82;770.14;781.47;792.79;804.12;815.44;826.77;838.09;849.42;860.75;872.07;883.40;894.72;906.05;917.37;928.70;940.02;951.35;962.68;974.00;
LAS_ED;0.00;2.67;4.51;5.47;5.69;5.16;5.11;4.84;4.58;4.59;4.71;4.85;4.91;4.69;4.35;3.93;3.51;3.13;2.80;2.53;2.32;2.21;2.03;1.64;0.93;-0.20;-1.71;-3.50;-5.50;-7.79;-10.01;-12.00;-13.56;-14.52;-14.97;-15.06;-14.83;-14.59;-14.22;-13.83;-13.46;-13.19;-12.98;-12.77;-12.52;-12.14;-11.73;-11.36;-11.05;-11.01;-11.02;-11.08;-11.10;-10.98;-10.82;-10.62;-10.43;-10.30;-10.18;-10.08;-9.94;-9.80;-9.62;-9.42;-9.23;-9.00;-8.80;-8.58;-8.39;-8.28;-8.22;-8.25;-8.37;-8.46;-8.65;-8.93;-9.33;-10.06;-10.89;-11.86;-12.77;-13.89;-14.45;-14.21;-12.59;-9.34;-4.90;
LAS_AC;13.82;16.86;18.96;20.05;20.30;19.69;19.64;19.33;19.04;19.04;19.18;19.34;19.41;19.16;18.77;18.29;17.81;17.38;17.01;16.71;16.47;16.33;16.13;15.69;14.88;13.59;11.88;9.84;7.57;4.96;2.43;0.16;-1.61;-2.71;-3.22;-3.32;-3.06;-2.79;-2.37;-1.92;-1.50;-1.20;-0.95;-0.72;-0.43;0.00;0.47;0.89;1.24;1.29;1.27;1.21;1.18;1.32;1.51;1.73;1.95;2.10;2.23;2.35;2.51;2.67;2.88;3.10;3.31;3.58;3.81;4.06;4.27;4.40;4.46;4.43;4.29;4.19;3.98;3.66;3.20;2.37;1.43;0.33;-0.71;-1.99;-2.63;-2.35;-0.50;3.19;8.25;

----------------------------------------------------------


