PatientInformation
==========================================================
PatientID;No patientID
Name;,,
Date of Birth;
Sex;
Version;AutoStrainCap2 2.1.0.491925

Results
==========================================================
Global
----------------------------------------------------------
RVFWSL;-25.78;%
RV4CSL;-10.05;%
ED;0.00;ms
ES;1273.74;ms

Curves
==========================================================
Longitudinal Strain
Unit [%]
Time [ms];0.00;11.75;23.50;35.25;47.00;58.75;70.50;82.25;94.00;105.75;117.50;129.25;141.00;152.76;164.51;176.26;188.01;199.76;211.51;223.26;235.01;246.76;258.51;270.26;282.01;293.76;305.51;317.26;329.01;340.76;352.51;364.26;376.01;387.76;399.51;411.26;423.01;434.76;446.52;458.27;470.02;481.77;493.52;505.27;517.02;528.77;540.52;552.27;564.02;575.77;587.52;599.27;611.02;622.77;634.52;646.27;658.02;669.77;681.52;693.27;705.02;716.77;728.53;740.28;752.03;763.78;775.53;787.28;799.03;810.78;822.53;834.28;846.03;857.78;869.53;881.28;893.03;904.78;916.53;928.28;940.03;951.78;963.53;975.28;987.03;998.78;1010.53;1022.29;1034.04;1045.79;1057.54;1069.29;1081.04;1092.79;1104.54;1116.29;1128.04;1139.79;1151.54;1163.29;1175.04;1186.79;1198.54;1210.29;1222.04;1233.79;1245.54;1257.29;1269.04;1280.79;1292.54;1304.29;1316.05;1327.80;1339.55;1351.30;
Basal;0.00;-6.92;-12.22;-15.55;-16.47;-16.73;-17.99;-20.10;-22.45;-25.04;-27.09;-29.75;-29.95;-29.92;-29.03;-27.67;-25.30;-22.56;-19.41;-16.54;-13.76;-12.67;-11.80;-11.42;-11.06;-10.80;-10.23;-9.79;-9.40;-9.43;-9.90;-11.18;-12.86;-14.76;-16.52;-17.96;-18.65;-18.76;-18.39;-17.57;-16.55;-15.37;-14.26;-13.24;-12.50;-12.08;-12.30;-12.81;-13.49;-14.14;-14.58;-14.66;-14.48;-14.21;-13.92;-13.83;-14.10;-14.50;-14.76;-14.76;-14.24;-12.97;-11.31;-9.68;-8.30;-7.71;-7.90;-8.71;-9.56;-10.24;-10.39;-10.14;-9.24;-7.97;-6.49;-5.13;-4.51;-4.32;-4.48;-4.95;-5.55;-6.39;-7.16;-7.90;-8.31;-8.47;-7.78;-6.82;-5.55;-4.17;-2.71;-1.13;0.54;2.19;3.57;4.36;3.89;2.65;0.91;-1.07;-3.01;-4.95;-6.66;-8.23;-9.68;-10.89;-11.98;-12.55;-12.45;-11.44;-9.11;-5.97;-1.85;2.07;4.59;4.39;
Mid;0.00;-5.66;-9.66;-11.70;-11.33;-10.49;-11.47;-13.59;-16.26;-19.09;-21.61;-23.90;-24.02;-23.48;-22.25;-20.31;-18.09;-15.39;-12.57;-9.83;-7.38;-5.90;-4.84;-4.15;-3.81;-3.74;-4.24;-5.01;-6.01;-7.28;-8.73;-10.68;-12.71;-14.79;-16.65;-18.18;-18.56;-18.44;-17.84;-16.83;-15.58;-13.93;-12.28;-10.72;-9.42;-8.54;-8.28;-8.43;-8.75;-9.11;-9.29;-9.43;-9.33;-9.13;-8.89;-8.75;-8.60;-8.47;-8.19;-7.57;-6.40;-4.66;-2.53;-0.35;1.49;2.63;2.81;2.36;1.66;1.05;0.65;0.32;0.29;0.63;1.02;1.55;1.90;2.15;2.04;1.76;1.22;0.75;0.22;-0.22;-0.50;-0.57;-0.43;-0.08;0.46;1.15;1.90;2.96;4.04;5.06;5.77;5.97;5.02;3.47;1.53;-0.53;-2.44;-4.12;-5.51;-6.77;-8.06;-9.44;-11.50;-13.31;-14.55;-14.76;-13.43;-9.90;-5.07;-0.18;3.28;3.95;
Apical;0.00;-4.43;-7.75;-9.69;-8.60;-7.31;-8.31;-10.56;-13.54;-16.54;-19.64;-21.39;-21.91;-21.39;-20.36;-18.53;-16.59;-14.17;-11.88;-9.56;-7.78;-5.72;-4.37;-3.22;-2.65;-2.12;-2.97;-3.71;-4.61;-5.47;-6.39;-7.30;-8.27;-9.26;-10.10;-10.77;-11.00;-10.99;-10.68;-10.11;-9.35;-8.24;-7.13;-6.08;-5.30;-4.85;-4.81;-5.07;-5.51;-5.94;-6.26;-6.40;-6.37;-6.19;-5.97;-5.75;-5.83;-5.87;-5.78;-5.41;-4.59;-3.04;-1.18;0.74;2.43;3.60;3.89;3.67;3.16;2.63;2.05;1.73;1.46;1.46;1.45;1.73;1.61;1.66;1.46;1.25;0.77;0.50;0.04;-0.38;-0.80;-1.16;-1.15;-1.11;-1.08;-1.09;-1.20;-1.22;-1.29;-1.38;-1.56;-1.93;-2.77;-3.84;-5.01;-6.17;-7.09;-8.10;-8.90;-9.70;-10.63;-11.70;-13.37;-14.82;-15.75;-15.66;-14.05;-10.91;-6.43;-1.73;1.89;3.16;

----------------------------------------------------------


