PatientInformation
==========================================================
PatientID;No patientID
Name;,,
Date of Birth;
Sex;
Version;AutoStrainCap2 2.1.0.491925

Results
==========================================================
Global
----------------------------------------------------------
GLS(3P);-11.79;%
GLS(4Ch);-17.94;%
GLS(2Ch);-0.46;%
GLS(3Ch);-16.96;%
ED;0.00;ms
ES;252.57;ms

Results
==========================================================
Longitudinal Strain
T2P
Minimum
----------------------------------------------------------
Segment 0 [mean];253.48;ms
----------------------------------------------------------
Segment 1 [ant];130.16;ms
Segment 2 [ant/sept];304.29;ms
Segment 3 [inf/sept];258.60;ms
Segment 4 [inf];0.00;ms
Segment 5 [inf/lat];369.80;ms
Segment 6 [ant/lat];230.16;ms
----------------------------------------------------------
Segment 7 [ant];544.79;ms
Segment 8 [ant/sept];316.36;ms
Segment 9 [inf/sept];174.99;ms
Segment 10 [inf];175.85;ms
Segment 11 [inf/lat];374.97;ms
Segment 12 [ant/lat];240.50;ms
----------------------------------------------------------
Segment 13 [ant];348.25;ms
Segment 14 [ant/sept];307.74;ms
Segment 15 [inf/sept];219.81;ms
Segment 16 [inf];90.51;ms
Segment 17 [inf/lat];296.53;ms
Segment 18 [ant/lat];179.30;ms
----------------------------------------------------------


Results
==========================================================
Longitudinal Strain
End-systolic

----------------------------------------------------------
Segment 0 [mean];-10.17;%
----------------------------------------------------------
Segment 1 [ant];2.66;%
Segment 2 [ant/sept];-14.44;%
Segment 3 [inf/sept];-11.23;%
Segment 4 [inf];2.22;%
Segment 5 [inf/lat];-12.58;%
Segment 6 [ant/lat];-42.85;%
----------------------------------------------------------
Segment 7 [ant];-1.37;%
Segment 8 [ant/sept];-9.90;%
Segment 9 [inf/sept];-8.42;%
Segment 10 [inf];0.69;%
Segment 11 [inf/lat];-21.62;%
Segment 12 [ant/lat];-18.66;%
----------------------------------------------------------
Segment 13 [ant];-0.70;%
Segment 14 [ant/sept];-8.45;%
Segment 15 [inf/sept];-22.78;%
Segment 16 [inf];1.01;%
Segment 17 [inf/lat];-16.56;%
Segment 18 [ant/lat];-0.13;%
----------------------------------------------------------


Results
==========================================================
Longitudinal Strain
Peak-systolic

----------------------------------------------------------
Segment 0 [mean];-11.12;%
----------------------------------------------------------
Segment 1 [ant];-1.21;%
Segment 2 [ant/sept];-14.44;%
Segment 3 [inf/sept];-11.23;%
Segment 4 [inf];0.00;%
Segment 5 [inf/lat];-12.58;%
Segment 6 [ant/lat];-44.92;%
----------------------------------------------------------
Segment 7 [ant];-2.10;%
Segment 8 [ant/sept];-9.90;%
Segment 9 [inf/sept];-8.81;%
Segment 10 [inf];-0.25;%
Segment 11 [inf/lat];-21.62;%
Segment 12 [ant/lat];-19.08;%
----------------------------------------------------------
Segment 13 [ant];-0.81;%
Segment 14 [ant/sept];-8.45;%
Segment 15 [inf/sept];-24.54;%
Segment 16 [inf];-0.88;%
Segment 17 [inf/lat];-16.56;%
Segment 18 [ant/lat];-2.72;%
----------------------------------------------------------


Curves
==========================================================
Longitudinal Strain
Unit [%]
Time [ms];0.00;8.62;17.24;25.86;34.48;43.10;51.72;60.34;68.96;77.58;86.20;94.82;103.44;112.06;120.68;129.30;137.92;146.54;155.16;163.78;172.40;181.02;189.64;198.26;206.88;215.50;224.12;232.74;241.36;249.98;258.60;267.22;275.84;284.46;293.08;301.70;310.32;318.94;327.56;336.18;344.80;353.42;362.04;370.66;379.28;387.90;396.52;405.14;413.76;422.38;431.00;439.62;448.24;456.86;465.48;474.10;482.73;491.35;499.97;508.59;517.21;525.83;534.45;543.07;551.69;560.31;568.93;577.55;586.17;594.79;603.41;612.03;620.65;629.27;637.89;646.51;655.13;663.75;672.37;680.99;689.61;698.23;706.85;715.47;724.09;732.71;741.33;749.95;758.57;767.19;775.81;784.43;793.05;801.67;810.29;818.91;827.53;836.15;844.77;
Total;0.00;-0.18;-0.38;-0.54;-0.48;-0.46;-0.58;-0.83;-1.19;-1.67;-2.24;-2.92;-3.63;-4.36;-5.09;-5.80;-6.48;-7.10;-7.68;-8.20;-8.63;-9.01;-9.29;-9.48;-9.61;-9.72;-9.88;-10.06;-10.22;-10.31;-10.29;-10.00;-9.56;-9.04;-8.49;-7.97;-7.76;-7.60;-7.49;-7.36;-7.20;-6.93;-6.63;-6.29;-5.90;-5.49;-5.06;-4.62;-4.19;-3.80;-3.47;-3.19;-2.96;-2.79;-2.68;-2.64;-2.64;-2.65;-2.67;-2.66;-2.62;-2.58;-2.53;-2.46;-2.36;-2.22;-2.03;-1.83;-1.64;-1.46;-1.32;-1.23;-1.18;-1.14;-1.09;-1.03;-0.93;-0.82;-0.70;-0.59;-0.50;-0.41;-0.36;-0.31;-0.27;-0.20;-0.18;-0.14;-0.09;-0.04;-0.00;0.04;0.07;0.08;0.09;0.11;0.03;0.01;0.01;
Segment 1;0.00;-0.07;-0.16;-0.34;-0.56;-0.66;-0.65;-0.61;-0.53;-0.50;-0.60;-0.76;-0.91;-1.07;-1.16;-1.21;-1.18;-1.06;-0.87;-0.59;-0.24;0.14;0.55;0.96;1.36;1.73;2.05;2.32;2.51;2.63;2.71;2.74;2.71;2.63;2.52;2.36;2.19;2.01;1.83;1.67;1.52;1.45;1.47;1.52;1.63;1.75;1.89;2.03;2.17;2.31;2.44;2.55;2.65;2.74;2.83;2.92;3.00;3.03;3.01;2.88;2.64;2.38;2.10;1.84;1.64;1.48;1.38;1.35;1.40;1.54;1.70;1.89;2.08;2.25;2.40;2.55;2.68;2.82;2.97;3.07;3.13;3.11;2.93;2.67;2.40;2.10;1.88;1.72;1.61;1.53;1.47;1.47;1.47;1.44;1.37;1.18;0.84;0.53;0.26;
Segment 2;0.00;-1.11;-2.07;-2.74;-2.70;-2.77;-3.15;-3.75;-4.47;-5.28;-6.15;-7.00;-7.78;-8.51;-9.06;-9.45;-9.78;-10.09;-10.37;-10.69;-11.02;-11.33;-11.64;-11.96;-12.29;-12.63;-13.00;-13.39;-13.85;-14.31;-14.75;-15.16;-15.49;-15.73;-15.89;-15.97;-15.95;-15.82;-15.67;-15.52;-15.43;-15.50;-15.69;-15.84;-15.86;-15.66;-15.09;-14.33;-13.47;-12.66;-12.05;-11.67;-11.43;-11.29;-11.22;-11.13;-11.02;-10.89;-10.69;-10.40;-10.03;-9.59;-9.10;-8.56;-8.00;-7.44;-6.89;-6.36;-5.88;-5.43;-5.01;-4.60;-4.19;-3.78;-3.37;-2.95;-2.55;-2.15;-1.76;-1.39;-1.04;-0.71;-0.41;-0.12;0.14;0.37;0.58;0.75;0.88;0.99;1.05;1.07;1.05;1.01;0.97;0.94;0.90;0.79;0.48;
Segment 3;0.00;1.07;1.68;2.01;1.92;1.67;0.69;-0.24;-1.18;-1.85;-2.21;-1.84;-1.27;-0.69;-0.34;-0.42;-1.04;-2.07;-3.26;-4.42;-5.33;-6.01;-6.39;-6.63;-6.91;-7.35;-8.24;-9.27;-10.30;-11.07;-11.44;-11.07;-10.31;-9.27;-8.12;-7.05;-6.16;-5.44;-4.77;-4.24;-3.73;-3.48;-3.22;-3.13;-2.97;-3.04;-2.64;-2.48;-2.23;-2.17;-1.96;-2.16;-2.18;-2.26;-2.19;-2.07;-1.78;-1.46;-1.17;-0.98;-0.99;-1.26;-1.72;-2.24;-2.80;-3.22;-3.55;-3.70;-3.87;-3.93;-4.11;-4.12;-4.28;-4.39;-4.63;-4.77;-5.19;-5.45;-5.67;-5.66;-5.40;-4.72;-3.82;-2.88;-2.01;-1.48;-1.30;-1.53;-1.91;-2.49;-3.04;-3.71;-4.19;-4.58;-4.64;-4.39;-3.82;-2.83;-1.47;
Segment 4;0.00;0.68;1.25;1.36;1.17;1.11;1.15;1.21;1.28;1.31;1.25;1.15;1.04;0.92;0.88;0.91;0.96;1.03;1.10;1.14;1.18;1.23;1.31;1.43;1.60;1.77;1.95;2.10;2.18;2.22;2.24;2.25;2.27;2.29;2.30;2.28;2.24;2.14;2.02;1.88;1.73;1.57;1.42;1.30;1.20;1.15;1.17;1.23;1.30;1.37;1.43;1.46;1.46;1.43;1.36;1.24;1.08;0.92;0.75;0.60;0.49;0.39;0.32;0.26;0.21;0.17;0.16;0.17;0.25;0.37;0.53;0.70;0.89;1.09;1.30;1.49;1.67;1.80;1.87;1.92;1.95;1.95;1.93;1.88;1.83;1.76;1.70;1.65;1.61;1.57;1.54;1.56;1.58;1.54;1.43;1.13;0.61;0.23;0.09;
Segment 5;0.00;0.50;1.40;2.95;5.84;8.53;10.63;12.23;13.08;13.06;11.89;9.99;7.60;5.16;2.66;0.18;-2.06;-4.09;-5.90;-7.45;-8.73;-9.74;-10.39;-10.87;-11.18;-11.13;-11.23;-11.55;-11.82;-12.36;-13.12;-13.62;-14.17;-14.76;-15.08;-15.30;-15.43;-15.32;-15.18;-15.07;-15.03;-15.14;-15.36;-15.47;-15.21;-14.43;-12.92;-10.98;-8.81;-6.91;-5.55;-4.81;-4.65;-4.85;-5.31;-6.04;-6.83;-7.56;-8.14;-8.35;-8.14;-7.65;-6.94;-6.08;-5.22;-4.34;-3.50;-2.78;-2.21;-1.82;-1.60;-1.44;-1.35;-1.42;-1.51;-1.59;-1.71;-1.77;-1.75;-1.70;-1.61;-1.46;-1.13;-0.79;-0.47;-0.13;0.04;0.03;0.04;0.00;-0.05;-0.03;0.02;0.07;0.12;0.14;0.10;0.03;-0.00;
Segment 6;0.00;-0.25;-1.46;-2.87;-4.73;-6.61;-8.54;-10.42;-12.41;-14.44;-16.31;-18.67;-20.84;-23.10;-25.40;-27.82;-30.58;-33.34;-36.02;-38.42;-40.50;-41.87;-42.88;-43.56;-44.08;-44.45;-44.83;-44.90;-44.49;-43.36;-41.29;-38.10;-34.18;-29.97;-25.83;-22.35;-19.81;-18.06;-16.62;-15.43;-14.07;-12.82;-11.35;-9.93;-8.63;-7.72;-7.40;-7.52;-7.91;-8.40;-8.78;-8.91;-8.80;-8.60;-8.23;-7.92;-7.36;-6.92;-6.45;-6.12;-5.85;-5.94;-6.11;-6.34;-6.56;-6.79;-6.60;-6.39;-6.08;-5.77;-5.32;-5.44;-5.41;-5.39;-5.28;-5.13;-4.67;-4.22;-3.79;-3.51;-3.41;-3.68;-4.08;-4.55;-4.82;-5.01;-4.47;-3.87;-3.05;-2.43;-1.88;-2.08;-2.38;-2.80;-3.10;-2.89;-2.54;-1.64;-0.82;
Segment 7;0.00;0.05;0.08;-0.05;-0.27;-0.41;-0.48;-0.54;-0.59;-0.66;-0.78;-0.94;-1.11;-1.30;-1.49;-1.66;-1.82;-1.95;-2.05;-2.10;-2.10;-2.08;-2.02;-1.92;-1.78;-1.64;-1.50;-1.40;-1.36;-1.36;-1.39;-1.43;-1.50;-1.58;-1.69;-1.81;-1.97;-2.21;-2.47;-2.71;-2.93;-3.06;-3.10;-3.10;-3.06;-3.01;-2.97;-2.94;-2.92;-2.90;-2.90;-2.90;-2.90;-2.91;-2.90;-2.85;-2.81;-2.79;-2.79;-2.87;-3.01;-3.16;-3.31;-3.40;-3.37;-3.27;-3.14;-2.98;-2.82;-2.66;-2.51;-2.35;-2.21;-2.10;-2.00;-1.90;-1.81;-1.72;-1.62;-1.54;-1.47;-1.44;-1.43;-1.45;-1.48;-1.52;-1.53;-1.53;-1.51;-1.46;-1.39;-1.28;-1.15;-1.01;-0.87;-0.70;-0.52;-0.34;-0.17;
Segment 8;0.00;-0.37;-0.65;-0.70;-0.08;0.36;0.44;0.30;-0.07;-0.67;-1.50;-2.44;-3.44;-4.39;-5.22;-5.91;-6.49;-6.99;-7.45;-7.88;-8.29;-8.66;-8.98;-9.17;-9.26;-9.30;-9.35;-9.44;-9.61;-9.83;-10.07;-10.30;-10.54;-10.78;-10.98;-11.14;-11.25;-11.27;-11.24;-11.20;-11.15;-11.13;-11.14;-11.14;-11.11;-11.04;-11.05;-10.99;-10.86;-10.70;-10.46;-10.15;-9.89;-9.66;-9.42;-9.09;-8.74;-8.39;-8.04;-7.74;-7.51;-7.27;-7.02;-6.77;-6.53;-6.31;-6.09;-5.87;-5.63;-5.37;-5.09;-4.82;-4.53;-4.23;-3.92;-3.61;-3.30;-3.00;-2.73;-2.46;-2.20;-1.95;-1.70;-1.46;-1.24;-1.03;-0.85;-0.71;-0.59;-0.49;-0.40;-0.32;-0.25;-0.19;-0.13;-0.06;0.02;0.06;0.05;
Segment 9;0.00;-0.29;-0.92;-1.35;-1.92;-2.10;-1.86;-1.28;-0.76;-0.27;-0.03;-0.39;-1.04;-1.84;-2.77;-3.80;-5.07;-6.28;-7.39;-8.25;-8.79;-8.68;-8.29;-7.79;-7.31;-7.09;-7.41;-7.95;-8.34;-8.48;-8.04;-6.83;-5.05;-3.02;-0.97;0.90;2.07;3.01;3.63;4.27;4.68;5.26;5.55;6.03;6.19;6.61;6.57;6.80;6.66;6.74;6.49;6.60;6.50;6.62;6.64;6.81;6.88;7.02;7.07;7.13;7.06;6.96;6.75;6.55;6.34;6.17;6.06;5.98;5.96;5.89;5.88;5.71;5.60;5.42;5.33;5.22;5.33;5.45;5.60;5.70;5.61;5.13;4.44;3.75;3.03;2.52;2.34;2.37;2.40;2.50;2.55;2.63;2.63;2.70;2.60;2.55;1.91;1.36;0.57;
Segment 10;0.00;0.69;1.26;1.30;0.99;0.82;0.77;0.74;0.73;0.70;0.61;0.48;0.36;0.23;0.12;0.02;-0.07;-0.13;-0.18;-0.22;-0.25;-0.25;-0.22;-0.11;0.06;0.23;0.41;0.56;0.64;0.68;0.71;0.73;0.79;0.90;1.00;1.10;1.18;1.19;1.17;1.13;1.07;0.99;0.89;0.81;0.74;0.73;0.80;0.91;1.04;1.18;1.29;1.37;1.43;1.47;1.48;1.46;1.42;1.38;1.33;1.30;1.28;1.26;1.24;1.20;1.12;1.03;0.97;0.93;0.98;1.10;1.23;1.37;1.46;1.44;1.37;1.28;1.20;1.17;1.21;1.27;1.34;1.40;1.43;1.46;1.47;1.48;1.48;1.49;1.48;1.48;1.46;1.44;1.40;1.29;1.12;0.82;0.35;0.04;-0.01;
Segment 11;0.00;-1.63;-2.87;-3.47;-2.81;-2.25;-2.15;-2.53;-3.03;-3.50;-3.80;-4.02;-4.24;-4.64;-5.21;-5.92;-6.76;-7.68;-8.67;-9.87;-11.11;-12.34;-13.56;-14.90;-16.34;-17.73;-19.04;-20.20;-20.89;-21.45;-21.98;-22.41;-22.99;-23.73;-24.38;-24.94;-25.37;-25.58;-25.70;-25.79;-25.95;-26.26;-26.70;-27.01;-27.01;-26.58;-25.45;-23.92;-22.17;-20.48;-19.12;-18.17;-17.59;-17.33;-17.34;-17.60;-17.95;-18.29;-18.50;-18.40;-17.95;-17.28;-16.43;-15.45;-14.40;-13.35;-12.31;-11.36;-10.56;-9.92;-9.41;-8.98;-8.61;-8.23;-7.86;-7.49;-7.12;-6.74;-6.37;-5.98;-5.62;-5.29;-5.03;-4.79;-4.54;-4.23;-3.77;-3.16;-2.52;-1.92;-1.40;-1.05;-0.81;-0.63;-0.41;-0.16;0.12;0.39;0.35;
Segment 12;0.00;1.16;2.16;2.68;2.98;2.85;2.54;1.96;1.30;0.53;-0.18;-1.96;-3.67;-5.34;-6.95;-8.30;-9.17;-9.85;-10.47;-11.09;-11.75;-12.97;-14.22;-15.46;-16.63;-17.63;-18.41;-18.89;-19.07;-18.78;-18.15;-16.37;-14.36;-12.02;-9.88;-7.48;-7.09;-6.45;-6.15;-5.74;-5.57;-4.59;-3.83;-2.94;-2.18;-1.59;-1.61;-1.83;-2.19;-2.53;-2.76;-2.67;-2.44;-2.08;-1.75;-1.33;-1.32;-1.26;-1.33;-1.40;-1.63;-1.78;-2.05;-2.26;-2.46;-2.41;-2.08;-1.51;-0.99;-0.43;-0.21;-0.46;-1.04;-1.64;-2.27;-2.73;-2.93;-2.96;-2.98;-2.98;-3.09;-2.93;-2.88;-2.81;-2.85;-2.78;-3.78;-4.62;-5.52;-6.23;-6.86;-6.75;-6.50;-6.02;-5.32;-4.26;-3.76;-2.79;-1.41;
Segment 13;0.00;-0.26;-0.51;-0.67;-0.78;-0.81;-0.77;-0.73;-0.68;-0.65;-0.65;-0.65;-0.63;-0.59;-0.51;-0.39;-0.27;-0.16;-0.09;-0.08;-0.11;-0.16;-0.23;-0.30;-0.39;-0.47;-0.55;-0.61;-0.66;-0.69;-0.72;-0.75;-0.75;-0.73;-0.72;-0.72;-0.74;-0.82;-0.91;-0.98;-1.04;-1.03;-0.97;-0.89;-0.81;-0.74;-0.71;-0.72;-0.73;-0.75;-0.76;-0.77;-0.77;-0.77;-0.77;-0.76;-0.74;-0.73;-0.72;-0.72;-0.74;-0.77;-0.79;-0.80;-0.80;-0.78;-0.76;-0.74;-0.70;-0.65;-0.59;-0.53;-0.48;-0.47;-0.47;-0.47;-0.47;-0.43;-0.37;-0.31;-0.27;-0.25;-0.28;-0.32;-0.36;-0.39;-0.40;-0.39;-0.36;-0.31;-0.26;-0.21;-0.15;-0.10;-0.05;0.02;0.12;0.15;0.08;
Segment 14;0.00;-0.06;-0.06;0.08;0.76;1.34;1.65;1.72;1.50;1.00;0.40;-0.37;-1.28;-2.18;-3.10;-4.01;-4.75;-5.37;-5.90;-6.39;-6.81;-7.11;-7.28;-7.35;-7.37;-7.38;-7.47;-7.67;-7.92;-8.30;-8.82;-9.37;-9.90;-10.37;-10.70;-10.88;-10.91;-10.75;-10.42;-9.94;-9.33;-8.68;-8.01;-7.31;-6.58;-5.84;-5.17;-4.53;-3.88;-3.24;-2.52;-1.73;-0.93;-0.19;0.42;0.77;0.94;0.97;0.90;0.83;0.76;0.64;0.50;0.37;0.34;0.33;0.32;0.30;0.24;0.14;0.07;0.05;0.07;0.16;0.29;0.44;0.58;0.66;0.67;0.67;0.66;0.66;0.69;0.73;0.78;0.83;0.85;0.85;0.85;0.82;0.79;0.75;0.71;0.65;0.57;0.45;0.28;0.11;0.01;
Segment 15;0.00;-1.32;-2.62;-3.73;-4.74;-5.70;-7.01;-8.41;-9.93;-11.68;-13.65;-15.61;-17.73;-19.94;-21.98;-23.48;-24.09;-24.14;-23.85;-23.33;-22.89;-23.20;-23.67;-24.05;-24.36;-24.52;-24.51;-24.27;-23.83;-23.07;-21.97;-20.46;-18.73;-16.94;-15.34;-14.08;-13.66;-13.63;-13.80;-13.92;-13.75;-12.66;-11.19;-9.59;-8.03;-6.68;-6.08;-5.75;-5.61;-5.56;-5.56;-5.35;-5.17;-5.00;-4.83;-4.68;-4.56;-4.46;-4.33;-4.19;-4.02;-3.80;-3.55;-3.28;-2.99;-2.67;-2.43;-2.20;-1.97;-1.77;-1.58;-1.39;-1.19;-0.99;-0.74;-0.45;-0.08;0.31;0.63;0.89;0.94;0.95;0.78;0.63;0.49;0.56;0.58;0.84;1.23;1.72;2.23;2.91;3.45;3.82;3.87;3.60;3.05;2.21;1.12;
Segment 16;0.00;-0.18;-0.35;-0.49;-0.60;-0.70;-0.77;-0.82;-0.85;-0.86;-0.88;-0.87;-0.82;-0.71;-0.50;-0.17;0.16;0.51;0.79;0.89;0.91;0.92;0.90;0.91;0.95;0.98;1.00;1.02;1.02;1.01;1.00;0.98;0.99;1.03;1.08;1.13;1.18;1.22;1.26;1.29;1.31;1.33;1.33;1.34;1.35;1.37;1.41;1.46;1.52;1.58;1.63;1.66;1.67;1.68;1.67;1.64;1.60;1.56;1.53;1.51;1.51;1.52;1.52;1.52;1.49;1.46;1.44;1.42;1.44;1.49;1.54;1.59;1.59;1.51;1.39;1.27;1.15;1.10;1.13;1.18;1.25;1.32;1.38;1.43;1.48;1.53;1.56;1.56;1.57;1.57;1.58;1.62;1.66;1.63;1.54;1.32;0.97;0.62;0.31;
Segment 17;0.00;-1.86;-3.49;-4.66;-4.65;-4.68;-5.03;-5.67;-6.45;-7.30;-8.09;-8.87;-9.62;-10.32;-11.06;-11.82;-12.51;-13.13;-13.68;-14.16;-14.56;-14.86;-15.02;-14.88;-14.48;-14.08;-13.86;-14.00;-14.90;-16.15;-17.56;-18.93;-19.88;-20.35;-20.59;-20.58;-20.36;-20.12;-19.72;-19.14;-18.44;-17.64;-16.75;-15.77;-14.73;-13.59;-12.08;-10.46;-8.81;-7.10;-5.53;-4.17;-3.03;-2.15;-1.59;-1.58;-1.81;-2.14;-2.46;-2.66;-2.72;-2.68;-2.57;-2.41;-2.17;-1.91;-1.66;-1.44;-1.32;-1.32;-1.35;-1.36;-1.33;-1.13;-0.86;-0.57;-0.30;-0.10;0.02;0.09;0.14;0.20;0.29;0.41;0.55;0.71;0.90;1.11;1.31;1.49;1.65;1.75;1.81;1.82;1.77;1.68;1.55;1.27;0.74;
Segment 18;0.00;0.31;0.88;1.24;1.53;1.57;1.57;1.33;0.93;0.40;-0.16;-0.19;-0.19;-0.21;-0.26;-0.47;-1.09;-1.74;-2.25;-2.61;-2.67;-2.71;-2.50;-2.18;-1.76;-1.33;-1.04;-0.78;-0.50;-0.22;0.16;0.91;1.76;2.58;3.31;3.79;2.99;1.94;0.90;-0.06;-0.69;-0.54;-0.04;0.48;1.09;1.57;1.87;2.00;2.15;2.14;2.18;2.29;2.43;2.51;2.59;2.63;2.61;2.57;2.51;2.42;2.34;2.22;2.12;2.07;2.05;2.12;2.09;2.12;2.07;2.02;1.85;1.77;1.59;1.40;1.17;0.97;0.79;0.66;0.55;0.46;0.43;0.57;0.77;0.94;1.12;1.34;1.19;1.12;1.09;1.09;1.01;1.01;0.93;0.84;0.85;0.71;0.31;-0.07;-0.08;

----------------------------------------------------------


Curves
==========================================================
Longitudinal Strain Rate
Unit [1/s]
Time [ms];0.00;8.62;17.24;25.86;34.48;43.10;51.72;60.34;68.96;77.58;86.20;94.82;103.44;112.06;120.68;129.30;137.92;146.54;155.16;163.78;172.40;181.02;189.64;198.26;206.88;215.50;224.12;232.74;241.36;249.98;258.60;267.22;275.84;284.46;293.08;301.70;310.32;318.94;327.56;336.18;344.80;353.42;362.04;370.66;379.28;387.90;396.52;405.14;413.76;422.38;431.00;439.62;448.24;456.86;465.48;474.10;482.73;491.35;499.97;508.59;517.21;525.83;534.45;543.07;551.69;560.31;568.93;577.55;586.17;594.79;603.41;612.03;620.65;629.27;637.89;646.51;655.13;663.75;672.37;680.99;689.61;698.23;706.85;715.47;724.09;732.71;741.33;749.95;758.57;767.19;775.81;784.43;793.05;801.67;810.29;818.91;827.53;836.15;844.77;
Segment 1;-0.08;-0.09;-0.15;-0.25;-0.20;-0.05;0.03;0.07;0.08;-0.04;-0.16;-0.18;-0.18;-0.15;-0.08;-0.01;0.08;0.17;0.28;0.37;0.42;0.46;0.47;0.47;0.45;0.40;0.35;0.26;0.17;0.11;0.06;0.00;-0.06;-0.11;-0.16;-0.19;-0.20;-0.21;-0.20;-0.19;-0.13;-0.03;0.04;0.09;0.14;0.15;0.16;0.16;0.16;0.15;0.14;0.12;0.11;0.10;0.11;0.11;0.06;0.01;-0.08;-0.22;-0.30;-0.31;-0.31;-0.27;-0.21;-0.15;-0.07;0.01;0.11;0.18;0.20;0.22;0.21;0.19;0.18;0.16;0.16;0.17;0.15;0.10;0.03;-0.12;-0.26;-0.31;-0.34;-0.31;-0.22;-0.16;-0.12;-0.08;-0.03;0.00;-0.02;-0.05;-0.14;-0.32;-0.39;-0.34;-0.30;
Segment 2;-1.31;-1.22;-0.99;-0.33;0.06;-0.27;-0.58;-0.77;-0.89;-0.98;-1.01;-0.95;-0.89;-0.75;-0.53;-0.41;-0.37;-0.33;-0.35;-0.38;-0.37;-0.36;-0.36;-0.37;-0.39;-0.41;-0.43;-0.49;-0.54;-0.53;-0.50;-0.43;-0.33;-0.24;-0.14;-0.03;0.09;0.17;0.18;0.14;0.01;-0.16;-0.22;-0.11;0.09;0.45;0.79;0.95;0.98;0.83;0.57;0.35;0.21;0.11;0.09;0.11;0.14;0.19;0.28;0.38;0.47;0.54;0.60;0.64;0.65;0.65;0.63;0.59;0.54;0.50;0.48;0.48;0.47;0.47;0.49;0.48;0.46;0.46;0.44;0.41;0.39;0.37;0.34;0.32;0.29;0.25;0.22;0.18;0.14;0.10;0.05;-0.00;-0.03;-0.05;-0.04;-0.04;-0.08;-0.23;-0.47;
Segment 3;1.30;0.99;0.54;0.13;-0.17;-0.72;-1.16;-1.10;-0.95;-0.63;0.01;0.60;0.69;0.56;0.18;-0.40;-0.98;-1.31;-1.39;-1.21;-0.93;-0.61;-0.34;-0.28;-0.39;-0.78;-1.14;-1.22;-1.07;-0.69;-0.00;0.69;1.06;1.29;1.30;1.14;0.93;0.80;0.69;0.61;0.44;0.29;0.20;0.15;0.02;0.19;0.35;0.23;0.18;0.18;0.00;-0.15;-0.05;-0.02;0.11;0.24;0.36;0.36;0.29;0.11;-0.16;-0.44;-0.58;-0.63;-0.58;-0.44;-0.27;-0.18;-0.12;-0.15;-0.11;-0.09;-0.16;-0.21;-0.21;-0.33;-0.42;-0.28;-0.14;0.14;0.55;0.94;1.08;1.07;0.83;0.42;-0.04;-0.36;-0.57;-0.66;-0.72;-0.68;-0.52;-0.27;0.11;0.47;0.90;1.38;1.67;
Segment 4;0.79;0.76;0.41;-0.09;-0.17;0.00;0.06;0.07;0.07;-0.02;-0.10;-0.12;-0.14;-0.10;-0.00;0.05;0.07;0.08;0.06;0.04;0.05;0.07;0.11;0.17;0.20;0.21;0.20;0.13;0.06;0.03;0.02;0.01;0.03;0.02;-0.00;-0.03;-0.08;-0.13;-0.15;-0.17;-0.18;-0.18;-0.16;-0.13;-0.09;-0.02;0.05;0.08;0.08;0.08;0.05;0.02;-0.02;-0.05;-0.11;-0.17;-0.19;-0.20;-0.19;-0.15;-0.12;-0.10;-0.07;-0.07;-0.06;-0.03;0.00;0.05;0.12;0.16;0.19;0.21;0.23;0.24;0.23;0.22;0.18;0.11;0.07;0.04;0.02;-0.01;-0.04;-0.06;-0.07;-0.07;-0.06;-0.05;-0.05;-0.04;0.00;0.03;-0.01;-0.08;-0.23;-0.50;-0.55;-0.29;-0.12;
Segment 5;0.53;0.78;1.35;2.63;3.37;2.78;2.16;1.45;0.51;-0.70;-1.82;-2.53;-2.83;-2.86;-2.91;-2.75;-2.48;-2.23;-1.95;-1.65;-1.34;-0.96;-0.64;-0.47;-0.13;0.01;-0.27;-0.34;-0.44;-0.80;-0.74;-0.58;-0.69;-0.54;-0.29;-0.22;-0.01;0.16;0.15;0.10;-0.04;-0.21;-0.22;0.07;0.58;1.33;2.04;2.43;2.41;1.91;1.22;0.50;-0.04;-0.39;-0.71;-0.90;-0.89;-0.79;-0.47;0.01;0.42;0.70;0.92;1.01;1.01;1.00;0.92;0.75;0.56;0.35;0.21;0.15;0.01;-0.11;-0.09;-0.12;-0.11;-0.02;0.04;0.08;0.13;0.28;0.40;0.38;0.39;0.31;0.08;-0.01;-0.01;-0.06;-0.02;0.05;0.06;0.06;0.04;-0.02;-0.07;-0.06;-0.02;
Segment 6;-0.15;-0.84;-1.56;-1.90;-2.20;-2.21;-2.21;-2.24;-2.36;-2.22;-2.46;-2.66;-2.54;-2.65;-2.72;-3.01;-3.23;-3.17;-2.96;-2.62;-2.00;-1.35;-0.97;-0.69;-0.51;-0.44;-0.29;0.17;0.87;1.83;3.06;4.18;4.76;4.90;4.48;3.50;2.44;1.82;1.49;1.48;1.51;1.57;1.70;1.59;1.31;0.72;0.09;-0.31;-0.53;-0.53;-0.31;0.00;0.18;0.34;0.39;0.51;0.60;0.53;0.47;0.36;0.10;-0.17;-0.24;-0.27;-0.29;-0.02;0.25;0.31;0.35;0.48;0.19;-0.09;0.04;0.07;0.14;0.36;0.55;0.52;0.42;0.24;-0.11;-0.41;-0.52;-0.43;-0.31;0.21;0.69;0.83;0.85;0.71;0.21;-0.33;-0.42;-0.46;-0.05;0.32;0.74;1.04;0.94;
Segment 7;0.06;0.05;-0.06;-0.22;-0.22;-0.12;-0.07;-0.06;-0.06;-0.11;-0.16;-0.19;-0.21;-0.22;-0.21;-0.19;-0.17;-0.14;-0.08;-0.03;0.01;0.05;0.09;0.14;0.16;0.16;0.14;0.08;0.02;-0.02;-0.04;-0.07;-0.09;-0.11;-0.13;-0.16;-0.23;-0.30;-0.29;-0.27;-0.21;-0.09;-0.02;0.02;0.06;0.05;0.04;0.03;0.02;0.02;0.00;-0.00;-0.00;0.00;0.03;0.06;0.04;0.01;-0.04;-0.13;-0.17;-0.17;-0.15;-0.04;0.08;0.13;0.18;0.19;0.18;0.18;0.18;0.17;0.15;0.12;0.11;0.11;0.11;0.11;0.10;0.08;0.06;0.02;-0.01;-0.03;-0.04;-0.03;-0.01;0.01;0.04;0.07;0.11;0.14;0.15;0.16;0.18;0.20;0.21;0.20;0.20;
Segment 8;-0.44;-0.38;-0.24;0.35;0.69;0.30;-0.04;-0.29;-0.57;-0.84;-1.04;-1.13;-1.14;-1.04;-0.88;-0.73;-0.62;-0.55;-0.51;-0.49;-0.46;-0.41;-0.30;-0.16;-0.07;-0.05;-0.07;-0.15;-0.23;-0.26;-0.27;-0.27;-0.28;-0.26;-0.21;-0.16;-0.07;0.01;0.04;0.06;0.04;-0.00;-0.01;0.02;0.07;0.03;0.02;0.11;0.17;0.23;0.33;0.34;0.28;0.27;0.33;0.40;0.41;0.41;0.38;0.30;0.27;0.29;0.29;0.28;0.26;0.26;0.25;0.26;0.29;0.31;0.32;0.33;0.34;0.36;0.36;0.36;0.36;0.33;0.32;0.31;0.29;0.29;0.28;0.27;0.26;0.22;0.18;0.15;0.13;0.11;0.10;0.08;0.08;0.07;0.07;0.09;0.07;0.01;-0.04;
Segment 9;-0.29;-0.55;-0.62;-0.59;-0.48;0.04;0.51;0.66;0.60;0.46;-0.07;-0.62;-0.84;-1.00;-1.13;-1.35;-1.47;-1.35;-1.15;-0.84;-0.24;0.33;0.53;0.59;0.44;-0.07;-0.55;-0.56;-0.33;0.13;0.96;1.77;2.25;2.39;2.32;1.77;1.20;0.88;0.73;0.60;0.58;0.50;0.45;0.36;0.35;0.23;0.10;0.06;-0.04;-0.11;-0.08;0.02;-0.00;0.09;0.11;0.14;0.12;0.12;0.07;-0.01;-0.10;-0.18;-0.24;-0.24;-0.22;-0.16;-0.11;-0.05;-0.05;-0.04;-0.11;-0.16;-0.17;-0.16;-0.13;0.00;0.15;0.15;0.16;0.03;-0.33;-0.71;-0.81;-0.83;-0.74;-0.40;-0.06;0.04;0.08;0.09;0.07;0.04;0.05;-0.02;-0.05;-0.41;-0.71;-0.78;-0.81;
Segment 10;0.81;0.77;0.37;-0.21;-0.31;-0.11;-0.04;-0.02;-0.01;-0.07;-0.13;-0.15;-0.15;-0.14;-0.12;-0.11;-0.09;-0.07;-0.05;-0.04;-0.01;0.02;0.07;0.16;0.20;0.21;0.20;0.13;0.07;0.04;0.03;0.04;0.10;0.13;0.12;0.10;0.05;-0.00;-0.03;-0.06;-0.08;-0.11;-0.11;-0.08;-0.05;0.03;0.11;0.14;0.16;0.15;0.11;0.08;0.05;0.03;-0.00;-0.03;-0.05;-0.05;-0.05;-0.03;-0.02;-0.02;-0.03;-0.07;-0.10;-0.09;-0.06;-0.00;0.10;0.15;0.16;0.14;0.04;-0.06;-0.09;-0.10;-0.07;0.01;0.06;0.07;0.08;0.06;0.03;0.02;0.01;0.01;0.01;0.00;-0.00;-0.01;-0.02;-0.03;-0.09;-0.15;-0.26;-0.47;-0.48;-0.20;-0.01;
Segment 11;-1.94;-1.70;-1.14;0.08;0.83;0.40;-0.19;-0.55;-0.58;-0.45;-0.29;-0.24;-0.35;-0.57;-0.74;-0.91;-1.03;-1.09;-1.27;-1.43;-1.44;-1.41;-1.47;-1.63;-1.65;-1.57;-1.47;-1.07;-0.69;-0.64;-0.54;-0.57;-0.79;-0.82;-0.70;-0.58;-0.37;-0.18;-0.11;-0.13;-0.27;-0.45;-0.46;-0.20;0.23;0.91;1.57;1.93;2.03;1.79;1.34;0.88;0.48;0.14;-0.17;-0.37;-0.42;-0.34;-0.07;0.32;0.66;0.89;1.07;1.18;1.22;1.22;1.16;1.02;0.83;0.66;0.54;0.46;0.43;0.44;0.43;0.43;0.43;0.43;0.44;0.44;0.41;0.34;0.28;0.28;0.32;0.44;0.62;0.73;0.73;0.66;0.51;0.34;0.23;0.22;0.28;0.31;0.34;0.15;-0.25;
Segment 12;1.37;1.29;0.88;0.47;0.10;-0.26;-0.53;-0.73;-0.84;-0.78;-1.44;-2.11;-1.95;-1.92;-1.74;-1.29;-0.87;-0.74;-0.72;-0.70;-1.09;-1.48;-1.44;-1.41;-1.27;-1.04;-0.73;-0.40;0.07;0.49;1.40;2.26;2.55;2.58;2.77;1.62;0.47;0.58;0.41;0.28;0.66;1.06;0.95;0.97;0.81;0.34;-0.17;-0.35;-0.42;-0.35;-0.08;0.20;0.36;0.40;0.46;0.25;0.02;-0.00;-0.08;-0.17;-0.22;-0.25;-0.29;-0.25;-0.10;0.22;0.54;0.65;0.64;0.48;-0.02;-0.51;-0.70;-0.72;-0.66;-0.38;-0.12;-0.02;-0.00;-0.08;0.03;0.14;0.07;0.00;0.09;-0.54;-1.14;-1.00;-0.94;-0.82;-0.30;0.25;0.41;0.67;1.08;0.90;0.78;1.40;1.64;
Segment 13;-0.31;-0.30;-0.24;-0.16;-0.08;0.01;0.06;0.05;0.05;0.02;-0.01;0.01;0.04;0.07;0.12;0.14;0.13;0.11;0.05;-0.02;-0.05;-0.07;-0.08;-0.10;-0.10;-0.09;-0.08;-0.06;-0.04;-0.04;-0.04;-0.02;0.01;0.02;0.01;-0.01;-0.06;-0.10;-0.10;-0.08;-0.03;0.04;0.08;0.09;0.09;0.05;0.01;-0.01;-0.02;-0.02;-0.01;-0.01;-0.00;0.00;0.01;0.02;0.02;0.01;0.00;-0.02;-0.03;-0.03;-0.02;-0.00;0.02;0.02;0.02;0.03;0.06;0.07;0.07;0.06;0.03;0.00;-0.00;0.00;0.02;0.06;0.07;0.06;0.04;-0.00;-0.04;-0.05;-0.04;-0.02;0.00;0.02;0.04;0.06;0.06;0.07;0.06;0.06;0.07;0.10;0.08;-0.02;-0.09;
Segment 14;-0.07;-0.04;0.04;0.49;0.78;0.52;0.23;-0.09;-0.43;-0.64;-0.79;-0.98;-1.05;-1.06;-1.08;-0.96;-0.79;-0.66;-0.59;-0.53;-0.42;-0.27;-0.13;-0.05;-0.01;-0.05;-0.17;-0.26;-0.36;-0.53;-0.63;-0.63;-0.59;-0.47;-0.29;-0.12;0.07;0.28;0.47;0.64;0.74;0.77;0.79;0.83;0.86;0.82;0.76;0.75;0.74;0.78;0.88;0.93;0.91;0.80;0.56;0.29;0.11;-0.03;-0.09;-0.08;-0.11;-0.15;-0.17;-0.09;-0.01;-0.02;-0.02;-0.04;-0.10;-0.10;-0.06;-0.00;0.07;0.13;0.16;0.17;0.13;0.05;0.00;-0.01;-0.01;0.02;0.04;0.06;0.06;0.04;0.01;-0.00;-0.02;-0.03;-0.04;-0.05;-0.06;-0.08;-0.12;-0.17;-0.21;-0.16;-0.06;
Segment 15;-1.54;-1.53;-1.40;-1.23;-1.11;-1.30;-1.59;-1.68;-1.89;-2.18;-2.28;-2.36;-2.54;-2.50;-2.10;-1.23;-0.34;0.16;0.49;0.63;0.08;-0.51;-0.50;-0.41;-0.28;-0.09;0.14;0.39;0.69;1.07;1.52;1.90;2.06;1.98;1.70;0.98;0.22;-0.10;-0.20;-0.03;0.73;1.54;1.80;1.85;1.73;1.13;0.50;0.27;0.10;0.01;0.12;0.24;0.20;0.20;0.19;0.15;0.13;0.14;0.16;0.18;0.22;0.27;0.30;0.33;0.37;0.32;0.26;0.27;0.25;0.22;0.22;0.23;0.23;0.26;0.31;0.39;0.45;0.42;0.35;0.17;0.03;-0.09;-0.20;-0.18;-0.03;0.05;0.15;0.39;0.52;0.57;0.70;0.73;0.54;0.26;-0.13;-0.48;-0.80;-1.13;-1.30;
Segment 16;-0.21;-0.20;-0.18;-0.15;-0.12;-0.10;-0.08;-0.04;-0.02;-0.02;-0.01;0.03;0.09;0.18;0.32;0.39;0.40;0.38;0.22;0.06;0.01;-0.01;-0.01;0.03;0.04;0.03;0.02;0.01;-0.00;-0.01;-0.02;-0.01;0.03;0.05;0.06;0.06;0.05;0.05;0.04;0.03;0.02;0.01;0.01;0.01;0.01;0.03;0.05;0.06;0.07;0.06;0.04;0.03;0.01;-0.00;-0.02;-0.04;-0.04;-0.05;-0.03;-0.01;0.01;0.00;0.00;-0.02;-0.03;-0.03;-0.03;-0.00;0.05;0.06;0.06;0.03;-0.04;-0.12;-0.14;-0.15;-0.11;-0.01;0.05;0.07;0.09;0.08;0.06;0.06;0.06;0.05;0.02;0.00;0.00;0.01;0.03;0.05;0.00;-0.07;-0.17;-0.34;-0.42;-0.38;-0.36;
Segment 17;-2.19;-2.05;-1.69;-0.64;0.10;-0.22;-0.59;-0.84;-0.95;-0.96;-0.91;-0.89;-0.84;-0.83;-0.88;-0.85;-0.76;-0.68;-0.60;-0.51;-0.41;-0.28;-0.02;0.33;0.50;0.38;0.09;-0.61;-1.29;-1.56;-1.65;-1.38;-0.81;-0.40;-0.13;0.15;0.27;0.36;0.57;0.75;0.87;0.98;1.09;1.17;1.24;1.54;1.84;1.90;1.96;1.92;1.70;1.45;1.18;0.86;0.32;-0.16;-0.33;-0.39;-0.31;-0.15;-0.01;0.09;0.15;0.24;0.30;0.29;0.28;0.21;0.06;-0.02;-0.03;0.00;0.14;0.28;0.33;0.33;0.27;0.18;0.10;0.07;0.07;0.09;0.12;0.15;0.17;0.20;0.24;0.24;0.22;0.20;0.15;0.09;0.04;-0.02;-0.08;-0.12;-0.23;-0.46;-0.75;
Segment 18;0.32;0.53;0.56;0.38;0.18;0.03;-0.12;-0.38;-0.55;-0.68;-0.35;0.02;-0.01;-0.04;-0.13;-0.48;-0.77;-0.68;-0.52;-0.23;-0.06;0.09;0.32;0.44;0.50;0.42;0.31;0.31;0.32;0.36;0.66;0.96;0.97;0.91;0.79;-0.19;-1.17;-1.22;-1.18;-0.98;-0.28;0.43;0.60;0.66;0.65;0.46;0.24;0.16;0.08;0.00;0.09;0.16;0.13;0.09;0.08;0.01;-0.04;-0.06;-0.08;-0.10;-0.12;-0.13;-0.09;-0.04;0.04;0.03;-0.01;-0.01;-0.05;-0.14;-0.14;-0.14;-0.22;-0.24;-0.26;-0.22;-0.18;-0.14;-0.11;-0.08;0.06;0.21;0.22;0.20;0.26;0.04;-0.16;-0.05;-0.01;-0.05;-0.05;-0.04;-0.11;-0.04;-0.05;-0.32;-0.50;-0.23;0.07;

----------------------------------------------------------


Curves
==========================================================
Global Strain A2C
Unit [%]
Time [ms];0.00;8.62;17.24;25.86;34.48;43.10;51.72;60.34;68.96;77.58;86.20;94.82;103.44;112.06;120.68;129.30;137.92;146.54;155.16;163.78;172.40;181.02;189.64;198.26;206.88;215.50;224.12;232.74;241.36;249.98;258.60;267.22;275.84;284.46;293.08;301.70;310.32;318.94;327.56;336.18;344.80;353.42;362.04;370.66;379.28;387.90;396.52;405.14;413.76;422.38;431.00;439.62;448.24;456.86;465.48;474.10;482.73;491.35;499.97;508.59;517.21;525.83;534.45;543.07;551.69;560.31;568.93;577.55;586.17;594.79;603.41;612.03;620.65;629.27;637.89;646.51;655.13;663.75;672.37;680.99;689.61;698.23;706.85;715.47;724.09;732.71;741.33;749.95;758.57;767.19;775.81;784.43;793.05;801.67;810.29;818.91;827.53;836.15;844.77;
Total;0.00;0.13;0.23;0.15;-0.04;-0.14;-0.15;-0.15;-0.13;-0.13;-0.19;-0.28;-0.36;-0.43;-0.46;-0.43;-0.38;-0.30;-0.22;-0.16;-0.10;-0.03;0.06;0.17;0.30;0.44;0.56;0.67;0.72;0.75;0.76;0.75;0.75;0.75;0.74;0.72;0.67;0.58;0.47;0.37;0.26;0.20;0.17;0.16;0.17;0.21;0.26;0.33;0.39;0.46;0.52;0.56;0.58;0.60;0.61;0.61;0.59;0.56;0.52;0.45;0.36;0.27;0.18;0.10;0.04;0.01;-0.00;0.02;0.08;0.19;0.31;0.44;0.54;0.61;0.66;0.70;0.73;0.79;0.86;0.93;0.98;1.01;0.99;0.93;0.88;0.81;0.76;0.73;0.71;0.71;0.72;0.75;0.78;0.78;0.74;0.62;0.39;0.21;0.10;

----------------------------------------------------------


Curves
==========================================================
Global Strain Rate A2C
Unit [1/s]
Time [ms];0.00;8.62;17.24;25.86;34.48;43.10;51.72;60.34;68.96;77.58;86.20;94.82;103.44;112.06;120.68;129.30;137.92;146.54;155.16;163.78;172.40;181.02;189.64;198.26;206.88;215.50;224.12;232.74;241.36;249.98;258.60;267.22;275.84;284.46;293.08;301.70;310.32;318.94;327.56;336.18;344.80;353.42;362.04;370.66;379.28;387.90;396.52;405.14;413.76;422.38;431.00;439.62;448.24;456.86;465.48;474.10;482.73;491.35;499.97;508.59;517.21;525.83;534.45;543.07;551.69;560.31;568.93;577.55;586.17;594.79;603.41;612.03;620.65;629.27;637.89;646.51;655.13;663.75;672.37;680.99;689.61;698.23;706.85;715.47;724.09;732.71;741.33;749.95;758.57;767.19;775.81;784.43;793.05;801.67;810.29;818.91;827.53;836.15;844.77;
Total;0.15;0.14;0.02;-0.17;-0.18;-0.06;-0.00;0.02;0.02;-0.04;-0.10;-0.10;-0.09;-0.06;0.01;0.05;0.07;0.09;0.08;0.07;0.08;0.09;0.11;0.15;0.16;0.15;0.14;0.09;0.05;0.02;0.00;-0.01;0.00;-0.00;-0.02;-0.04;-0.08;-0.12;-0.12;-0.12;-0.10;-0.06;-0.02;0.01;0.03;0.05;0.07;0.08;0.08;0.07;0.05;0.04;0.03;0.01;0.00;-0.01;-0.02;-0.04;-0.06;-0.09;-0.11;-0.11;-0.10;-0.08;-0.05;-0.02;0.01;0.05;0.10;0.13;0.14;0.14;0.10;0.06;0.05;0.04;0.05;0.08;0.08;0.07;0.05;0.00;-0.05;-0.06;-0.07;-0.07;-0.05;-0.03;-0.01;-0.00;0.02;0.04;0.02;-0.02;-0.09;-0.21;-0.25;-0.17;-0.12;

----------------------------------------------------------


Curves
==========================================================
Global Strain A3C
Unit [%]
Time [ms];0.00;8.62;17.24;25.86;34.48;43.10;51.72;60.34;68.96;77.58;86.20;94.82;103.44;112.06;120.68;129.30;137.92;146.54;155.16;163.78;172.40;181.02;189.64;198.26;206.88;215.50;224.12;232.74;241.36;249.98;258.60;267.22;275.84;284.46;293.08;301.70;310.32;318.94;327.56;336.18;344.80;353.42;362.04;370.66;379.28;387.90;396.52;405.14;413.76;422.38;431.00;439.62;448.24;456.86;465.48;474.10;482.73;491.35;499.97;508.59;517.21;525.83;534.45;543.07;551.69;560.31;568.93;577.55;586.17;594.79;603.41;612.03;620.65;629.27;637.89;646.51;655.13;663.75;672.37;680.99;689.61;698.23;706.85;715.47;724.09;732.71;741.33;749.95;758.57;767.19;775.81;784.43;793.05;801.67;810.29;818.91;827.53;836.15;844.77;
Total;0.00;-0.78;-1.32;-1.44;-0.58;0.16;0.52;0.53;0.27;-0.26;-1.02;-1.94;-2.97;-4.02;-5.07;-6.11;-7.06;-7.94;-8.75;-9.54;-10.25;-10.87;-11.36;-11.75;-12.06;-12.29;-12.58;-12.97;-13.45;-14.05;-14.72;-15.33;-15.88;-16.36;-16.68;-16.88;-16.96;-16.89;-16.73;-16.52;-16.29;-16.13;-16.01;-15.82;-15.46;-14.86;-13.90;-12.74;-11.46;-10.23;-9.20;-8.41;-7.86;-7.51;-7.36;-7.43;-7.59;-7.78;-7.91;-7.90;-7.71;-7.41;-7.01;-6.55;-6.04;-5.52;-5.02;-4.56;-4.19;-3.92;-3.70;-3.50;-3.30;-3.09;-2.87;-2.63;-2.41;-2.20;-2.01;-1.83;-1.65;-1.47;-1.26;-1.04;-0.83;-0.61;-0.40;-0.21;-0.02;0.14;0.27;0.37;0.43;0.47;0.50;0.51;0.51;0.46;0.28;

----------------------------------------------------------


Curves
==========================================================
Global Strain Rate A3C
Unit [1/s]
Time [ms];0.00;8.62;17.24;25.86;34.48;43.10;51.72;60.34;68.96;77.58;86.20;94.82;103.44;112.06;120.68;129.30;137.92;146.54;155.16;163.78;172.40;181.02;189.64;198.26;206.88;215.50;224.12;232.74;241.36;249.98;258.60;267.22;275.84;284.46;293.08;301.70;310.32;318.94;327.56;336.18;344.80;353.42;362.04;370.66;379.28;387.90;396.52;405.14;413.76;422.38;431.00;439.62;448.24;456.86;465.48;474.10;482.73;491.35;499.97;508.59;517.21;525.83;534.45;543.07;551.69;560.31;568.93;577.55;586.17;594.79;603.41;612.03;620.65;629.27;637.89;646.51;655.13;663.75;672.37;680.99;689.61;698.23;706.85;715.47;724.09;732.71;741.33;749.95;758.57;767.19;775.81;784.43;793.05;801.67;810.29;818.91;827.53;836.15;844.77;
Total;-0.93;-0.79;-0.44;0.46;1.03;0.65;0.20;-0.15;-0.46;-0.76;-0.99;-1.14;-1.21;-1.22;-1.22;-1.16;-1.06;-0.98;-0.93;-0.88;-0.77;-0.64;-0.51;-0.41;-0.30;-0.29;-0.40;-0.50;-0.62;-0.75;-0.75;-0.67;-0.60;-0.47;-0.30;-0.16;-0.00;0.14;0.22;0.26;0.23;0.16;0.17;0.31;0.54;0.90;1.25;1.43;1.47;1.32;1.06;0.77;0.51;0.30;0.04;-0.15;-0.21;-0.20;-0.08;0.12;0.29;0.41;0.50;0.57;0.60;0.59;0.56;0.48;0.37;0.28;0.24;0.23;0.23;0.25;0.27;0.27;0.25;0.23;0.22;0.21;0.21;0.23;0.25;0.24;0.25;0.25;0.23;0.22;0.21;0.17;0.13;0.09;0.06;0.04;0.03;0.01;-0.03;-0.13;-0.27;

----------------------------------------------------------


Curves
==========================================================
Global Strain A4C
Unit [%]
Time [ms];0.00;8.62;17.24;25.86;34.48;43.10;51.72;60.34;68.96;77.58;86.20;94.82;103.44;112.06;120.68;129.30;137.92;146.54;155.16;163.78;172.40;181.02;189.64;198.26;206.88;215.50;224.12;232.74;241.36;249.98;258.60;267.22;275.84;284.46;293.08;301.70;310.32;318.94;327.56;336.18;344.80;353.42;362.04;370.66;379.28;387.90;396.52;405.14;413.76;422.38;431.00;439.62;448.24;456.86;465.48;474.10;482.73;491.35;499.97;508.59;517.21;525.83;534.45;543.07;551.69;560.31;568.93;577.55;586.17;594.79;603.41;612.03;620.65;629.27;637.89;646.51;655.13;663.75;672.37;680.99;689.61;698.23;706.85;715.47;724.09;732.71;741.33;749.95;758.57;767.19;775.81;784.43;793.05;801.67;810.29;818.91;827.53;836.15;844.77;
Total;0.00;0.11;-0.04;-0.34;-0.83;-1.40;-2.11;-2.87;-3.71;-4.61;-5.49;-6.53;-7.56;-8.63;-9.74;-10.85;-11.99;-13.07;-14.06;-14.89;-15.53;-16.13;-16.56;-16.85;-17.08;-17.30;-17.63;-17.87;-17.93;-17.64;-16.91;-15.42;-13.56;-11.51;-9.53;-7.76;-6.99;-6.49;-6.19;-5.92;-5.58;-4.86;-4.05;-3.20;-2.43;-1.80;-1.54;-1.46;-1.51;-1.63;-1.73;-1.71;-1.61;-1.47;-1.29;-1.09;-0.92;-0.75;-0.62;-0.52;-0.52;-0.60;-0.76;-0.92;-1.07;-1.13;-1.08;-0.95;-0.80;-0.65;-0.57;-0.64;-0.78;-0.93;-1.07;-1.15;-1.13;-1.04;-0.95;-0.86;-0.82;-0.79;-0.80;-0.83;-0.84;-0.81;-0.91;-0.95;-0.96;-0.97;-1.00;-1.00;-1.01;-1.02;-0.96;-0.79;-0.82;-0.64;-0.35;

----------------------------------------------------------


Curves
==========================================================
Global Strain Rate A4C
Unit [1/s]
Time [ms];0.00;8.62;17.24;25.86;34.48;43.10;51.72;60.34;68.96;77.58;86.20;94.82;103.44;112.06;120.68;129.30;137.92;146.54;155.16;163.78;172.40;181.02;189.64;198.26;206.88;215.50;224.12;232.74;241.36;249.98;258.60;267.22;275.84;284.46;293.08;301.70;310.32;318.94;327.56;336.18;344.80;353.42;362.04;370.66;379.28;387.90;396.52;405.14;413.76;422.38;431.00;439.62;448.24;456.86;465.48;474.10;482.73;491.35;499.97;508.59;517.21;525.83;534.45;543.07;551.69;560.31;568.93;577.55;586.17;594.79;603.41;612.03;620.65;629.27;637.89;646.51;655.13;663.75;672.37;680.99;689.61;698.23;706.85;715.47;724.09;732.71;741.33;749.95;758.57;767.19;775.81;784.43;793.05;801.67;810.29;818.91;827.53;836.15;844.77;
Total;0.16;-0.02;-0.26;-0.46;-0.62;-0.75;-0.86;-0.93;-1.02;-1.02;-1.12;-1.21;-1.21;-1.27;-1.29;-1.31;-1.30;-1.20;-1.06;-0.85;-0.72;-0.60;-0.41;-0.30;-0.25;-0.32;-0.35;-0.19;0.12;0.56;1.29;1.98;2.30;2.36;2.24;1.47;0.68;0.45;0.32;0.33;0.61;0.91;0.97;0.95;0.83;0.52;0.19;0.01;-0.11;-0.14;-0.05;0.08;0.14;0.18;0.22;0.22;0.20;0.18;0.13;0.06;-0.05;-0.15;-0.19;-0.18;-0.13;-0.01;0.11;0.17;0.17;0.15;0.01;-0.13;-0.17;-0.17;-0.14;-0.03;0.07;0.11;0.11;0.07;0.04;0.01;-0.03;-0.03;0.02;-0.04;-0.09;-0.02;-0.01;-0.03;-0.02;-0.01;-0.01;0.02;0.15;0.08;0.07;0.29;0.38;

----------------------------------------------------------


