PatientInformation
==========================================================
PatientID;No patientID
Name;,,
Date of Birth;
Sex;
Version;AutoStrainCap2 2.1.0.491925

Results
==========================================================
Global
----------------------------------------------------------
LaSr_ED;23.32;%
LaScd_ED;-11.59;%
LaSct_ED;-11.73;%
LaSr_AC;20.88;%
LaScd_AC;-10.38;%
LaSct_AC;-10.50;%
ED;0.00;ms
ES;373.25;ms
PreA;681.98;ms

Curves
==========================================================
Longitudinal Strain
Unit [%]
Time [ms];0.00;23.04;46.08;69.12;92.16;115.20;138.24;161.28;184.32;207.36;230.40;253.44;276.48;299.52;322.56;345.60;368.64;391.68;414.72;437.76;460.80;483.84;506.88;529.92;552.96;576.00;599.04;622.08;645.12;668.16;691.20;714.24;737.28;760.32;783.36;806.40;829.44;852.48;875.52;898.56;921.60;944.64;967.68;
LAS_ED;0.00;-0.55;-0.56;1.97;5.56;9.30;12.21;13.88;15.48;18.28;20.89;22.16;22.61;22.61;22.62;22.95;23.31;23.14;22.61;22.48;21.13;18.16;14.64;11.44;9.19;8.32;8.69;10.20;11.66;11.86;11.72;12.27;12.79;12.52;12.12;11.99;11.91;11.84;11.43;9.54;6.91;3.09;0.23;
LAS_AC;-10.49;-10.98;-10.99;-8.73;-5.51;-2.16;0.44;1.93;3.37;5.87;8.21;9.34;9.75;9.75;9.76;10.06;10.38;10.23;9.75;9.63;8.42;5.77;2.61;-0.24;-2.26;-3.04;-2.71;-1.36;-0.05;0.13;0.00;0.50;0.96;0.72;0.36;0.24;0.17;0.11;-0.26;-1.95;-4.30;-7.72;-10.28;

----------------------------------------------------------


