PatientInformation
==========================================================
PatientID;No patientID
Name;,,
Date of Birth;
Sex;
Version;AutoStrainCap2 2.1.0.491925

Results
==========================================================
Global
----------------------------------------------------------
RVFWSL;-29.56;%
RV4CSL;-21.36;%
ED;0.00;ms
ES;404.75;ms

Curves
==========================================================
Longitudinal Strain
Unit [%]
Time [ms];0.00;12.77;25.54;38.30;51.07;63.84;76.61;89.38;102.14;114.91;127.68;140.45;153.22;165.98;178.75;191.52;204.29;217.06;229.82;242.59;255.36;268.13;280.90;293.66;306.43;319.20;331.97;344.74;357.50;370.27;383.04;395.81;408.58;421.34;434.11;446.88;459.65;472.42;485.18;497.95;510.72;523.49;536.26;549.02;561.79;574.56;587.33;600.10;612.86;625.63;638.40;651.17;663.94;676.70;689.47;702.24;715.01;727.78;740.54;753.31;766.08;778.85;791.62;804.38;817.15;829.92;842.69;855.46;868.22;880.99;893.76;906.53;919.30;932.06;944.83;957.60;970.37;983.14;995.90;1008.67;
Basal;0.00;-1.75;-3.15;-3.89;-3.70;-5.15;-7.64;-10.72;-13.83;-16.50;-18.79;-20.79;-22.66;-24.60;-26.43;-28.09;-29.40;-30.28;-30.73;-30.88;-30.72;-30.40;-29.92;-29.38;-28.97;-28.63;-28.65;-29.02;-29.88;-31.18;-32.46;-33.17;-32.75;-30.70;-27.45;-23.68;-20.26;-18.04;-16.84;-16.34;-16.37;-17.19;-18.14;-19.06;-19.71;-19.95;-19.93;-19.82;-19.69;-19.67;-19.69;-19.72;-19.75;-19.64;-19.54;-19.45;-19.39;-19.60;-19.85;-20.12;-20.35;-20.27;-20.15;-20.07;-20.07;-20.48;-20.87;-21.10;-20.95;-20.14;-18.82;-17.12;-15.17;-13.52;-11.70;-9.64;-7.26;-4.39;-1.80;-0.11;
Mid;0.00;-1.66;-2.85;-3.29;-2.65;-3.84;-6.03;-8.75;-11.47;-13.63;-15.46;-17.11;-18.75;-20.54;-22.35;-24.07;-25.56;-26.96;-28.01;-28.74;-29.12;-29.14;-28.93;-28.59;-28.26;-27.69;-27.32;-27.24;-27.57;-28.62;-29.62;-30.12;-29.71;-28.09;-25.53;-22.55;-19.92;-17.94;-16.86;-16.32;-16.13;-16.85;-17.56;-18.22;-18.66;-18.59;-18.34;-18.08;-17.84;-17.89;-17.98;-18.06;-18.04;-17.63;-17.12;-16.63;-16.28;-16.42;-16.70;-17.01;-17.25;-17.48;-17.64;-17.84;-18.19;-18.74;-19.34;-19.80;-19.97;-19.62;-18.82;-17.63;-16.08;-14.24;-12.12;-9.76;-7.15;-4.29;-1.75;-0.12;
Apical;0.00;-1.59;-2.80;-3.12;-2.30;-1.94;-2.11;-2.85;-4.07;-5.91;-8.05;-10.26;-12.41;-14.57;-16.49;-18.18;-19.54;-20.60;-21.30;-21.72;-21.81;-21.70;-21.38;-20.98;-20.70;-20.38;-20.34;-20.51;-20.98;-21.51;-21.99;-22.14;-21.67;-20.88;-19.36;-17.37;-15.48;-13.32;-11.74;-10.53;-9.78;-10.33;-11.15;-12.08;-12.83;-13.19;-13.28;-13.34;-13.35;-13.43;-13.49;-13.54;-13.58;-13.66;-13.75;-13.87;-14.06;-14.29;-14.54;-14.77;-14.84;-14.60;-14.23;-13.90;-13.71;-13.94;-14.28;-14.53;-14.54;-13.94;-12.94;-11.59;-9.89;-8.68;-7.24;-5.67;-4.01;-2.01;-0.41;0.41;

----------------------------------------------------------


