PatientInformation
==========================================================
PatientID;No patientID
Name;,,
Date of Birth;
Sex;
Version;AutoStrainCap2 2.1.0.491925

Results
==========================================================
Global
----------------------------------------------------------
LaSr_ED;20.40;%
LaScd_ED;-9.33;%
LaSct_ED;-11.07;%
LaSr_AC;18.36;%
LaScd_AC;-8.39;%
LaSct_AC;-9.97;%
ED;0.00;ms
ES;454.76;ms
PreA;698.16;ms

Curves
==========================================================
Longitudinal Strain
Unit [%]
Time [ms];0.00;21.35;42.70;64.05;85.40;106.75;128.10;149.45;170.80;192.15;213.50;234.85;256.20;277.56;298.91;320.26;341.61;362.96;384.31;405.66;427.01;448.36;469.71;491.06;512.41;533.76;555.11;576.46;597.81;619.16;640.51;661.86;683.21;704.56;725.91;747.26;768.61;789.97;811.32;832.67;854.02;875.37;896.72;918.07;
LAS_ED;0.00;2.26;-1.65;-1.79;-0.57;0.19;1.18;3.14;5.44;7.82;10.19;12.08;13.76;15.07;16.07;16.79;17.09;16.70;16.59;18.00;19.63;20.36;20.09;18.63;16.87;15.26;13.88;12.88;12.08;11.21;10.73;10.73;10.98;11.09;11.17;11.48;11.27;10.22;8.21;4.71;1.35;-0.78;-1.95;-1.98;
LAS_AC;-9.99;-7.95;-11.47;-11.60;-10.50;-9.82;-8.93;-7.16;-5.09;-2.95;-0.82;0.89;2.40;3.58;4.48;5.13;5.40;5.05;4.95;6.22;7.68;8.34;8.10;6.78;5.20;3.75;2.51;1.61;0.88;0.11;-0.32;-0.33;-0.10;0.00;0.07;0.35;0.16;-0.79;-2.60;-5.75;-8.77;-10.69;-11.74;-11.77;

----------------------------------------------------------


