PatientInformation
==========================================================
PatientID;No patientID
Name;,,
Date of Birth;
Sex;
Version;AutoStrainCap2 2.1.0.491925

Results
==========================================================
Global
----------------------------------------------------------
RVFWSL;-24.28;%
RV4CSL;-17.02;%
ED;0.00;ms
ES;289.70;ms

Curves
==========================================================
Longitudinal Strain
Unit [%]
Time [ms];0.00;8.67;17.35;26.02;34.69;43.37;52.04;60.72;69.39;78.06;86.74;95.41;104.08;112.76;121.43;130.10;138.78;147.45;156.12;164.80;173.47;182.15;190.82;199.49;208.17;216.84;225.51;234.19;242.86;251.53;260.21;268.88;277.56;286.23;294.90;303.58;312.25;320.92;329.60;338.27;346.94;355.62;364.29;372.96;381.64;390.31;398.99;407.66;416.33;425.01;433.68;442.35;451.03;459.70;468.37;477.05;485.72;494.40;503.07;511.74;520.42;529.09;537.76;546.44;555.11;563.78;572.46;581.13;589.81;598.48;607.15;615.83;624.50;633.17;641.85;650.52;659.19;667.87;676.54;685.21;693.89;702.56;711.24;719.91;728.58;737.26;745.93;754.60;763.28;771.95;780.62;789.30;797.97;806.65;815.32;823.99;832.67;841.34;850.01;858.69;867.36;876.03;884.71;893.38;902.05;910.73;919.40;928.08;936.75;945.42;954.10;
Basal;0.00;0.66;1.41;2.01;2.49;2.82;2.81;2.67;2.40;1.96;1.37;0.51;-0.44;-1.46;-2.38;-3.33;-4.04;-4.74;-5.23;-5.64;-5.96;-6.24;-6.47;-6.71;-7.09;-7.76;-9.17;-11.07;-13.36;-15.92;-18.60;-21.08;-23.30;-25.00;-25.79;-25.58;-25.32;-24.30;-22.77;-21.39;-20.73;-21.16;-22.41;-24.30;-26.89;-30.15;-32.69;-34.64;-36.15;-37.20;-37.67;-37.61;-37.00;-36.06;-35.04;-34.22;-33.76;-33.53;-33.42;-33.23;-32.99;-32.59;-32.14;-31.65;-31.36;-31.40;-32.41;-33.55;-34.39;-34.79;-34.68;-33.67;-32.09;-29.68;-26.74;-24.67;-23.48;-21.42;-19.73;-18.05;-17.29;-16.54;-16.46;-16.21;-16.45;-16.60;-17.29;-17.79;-18.37;-18.37;-18.01;-16.47;-14.49;-12.17;-9.88;-7.92;-6.47;-5.46;-4.63;-3.91;-3.18;-2.62;-2.13;-1.77;-1.49;-1.31;-0.79;-0.32;0.11;0.31;0.32;
Mid;0.00;0.26;1.01;2.18;4.28;6.55;7.99;9.24;10.26;11.08;11.62;11.65;11.46;11.20;10.95;10.79;10.85;11.06;11.40;11.81;12.09;12.05;11.82;11.48;10.96;10.24;9.26;8.01;6.56;5.05;3.63;2.35;1.52;1.24;1.62;2.85;4.03;5.76;7.54;9.04;9.90;9.85;9.10;7.99;6.95;6.55;6.51;6.74;7.18;7.65;8.11;8.27;8.34;8.35;8.39;8.42;8.51;8.59;8.76;8.96;9.33;9.73;10.37;11.06;11.94;12.79;13.99;15.08;16.13;16.91;17.37;16.71;15.59;13.91;12.01;10.92;10.42;9.40;8.38;7.31;6.48;5.62;4.92;4.16;3.56;2.94;2.77;2.66;2.83;3.13;3.76;4.35;5.33;6.51;7.81;8.88;9.68;10.11;10.39;10.54;10.73;10.80;10.82;10.62;10.25;9.57;8.64;7.43;6.03;4.37;2.42;
Apical;0.00;-0.03;-0.19;-0.62;-1.35;-2.12;-3.17;-4.13;-5.13;-6.25;-7.62;-9.32;-11.31;-13.47;-15.68;-17.74;-19.41;-20.81;-22.03;-23.15;-24.30;-25.57;-26.95;-28.43;-30.08;-31.98;-34.28;-36.83;-39.51;-42.07;-44.25;-45.80;-46.52;-46.46;-45.85;-44.68;-44.01;-42.97;-41.83;-40.45;-38.68;-37.00;-35.11;-32.99;-30.79;-28.49;-26.13;-23.93;-21.92;-20.11;-18.71;-17.69;-17.10;-16.77;-16.60;-16.49;-16.39;-16.31;-16.25;-16.29;-16.35;-16.27;-15.68;-14.67;-13.47;-12.14;-10.68;-9.19;-7.67;-6.01;-4.53;-4.34;-4.94;-6.28;-8.08;-9.47;-10.39;-11.66;-12.75;-13.68;-13.92;-13.98;-13.46;-12.83;-11.99;-11.27;-10.33;-9.56;-8.78;-8.10;-7.41;-6.73;-5.88;-4.91;-3.79;-2.64;-1.69;-0.77;0.15;1.02;1.88;2.49;3.04;3.38;3.47;3.19;2.88;2.27;1.54;0.76;0.12;

----------------------------------------------------------


