PatientInformation
==========================================================
PatientID;No patientID
Name;,,
Date of Birth;
Sex;
Version;AutoStrainCap2 2.1.0.491925

Results
==========================================================
Global
----------------------------------------------------------
LaSr_ED;55.34;%
LaScd_ED;-21.37;%
LaSct_ED;-33.97;%
LaSr_AC;40.91;%
LaScd_AC;-15.80;%
LaSct_AC;-25.11;%
ED;0.00;ms
ES;412.39;ms
PreA;658.83;ms

Curves
==========================================================
Longitudinal Strain
Unit [%]
Time [ms];0.00;16.76;33.53;50.29;67.06;83.82;100.58;117.35;134.11;150.88;167.64;184.40;201.17;217.93;234.70;251.46;268.22;284.99;301.75;318.52;335.28;352.04;368.81;385.57;402.34;419.10;435.86;452.63;469.39;486.16;502.92;519.68;536.45;553.21;569.98;586.74;603.50;620.27;637.03;653.80;670.56;687.32;704.09;720.85;737.62;754.38;771.14;787.91;804.67;821.44;838.20;854.96;871.73;888.49;
LAS_ED;0.00;2.50;2.53;5.10;9.87;14.74;18.80;20.38;21.56;25.75;30.39;33.99;37.72;41.62;46.06;50.48;53.86;54.71;53.91;53.65;53.28;53.25;54.01;54.71;55.21;55.20;53.66;50.35;46.37;44.28;42.50;41.10;40.35;39.98;40.07;40.23;40.52;40.45;39.23;35.28;31.53;31.11;32.13;32.82;33.17;33.50;33.64;35.33;35.10;31.82;26.06;17.01;8.53;1.59;
LAS_AC;-26.08;-24.23;-24.21;-22.31;-18.78;-15.19;-12.19;-11.01;-10.15;-7.05;-3.62;-0.96;1.80;4.69;7.97;11.23;13.74;14.36;13.77;13.58;13.31;13.28;13.84;14.36;14.73;14.73;13.58;11.14;8.19;6.65;5.34;4.30;3.74;3.47;3.54;3.66;3.87;3.82;2.92;0.00;-2.77;-3.08;-2.33;-1.82;-1.56;-1.32;-1.21;0.03;-0.14;-2.56;-6.82;-13.50;-19.77;-24.91;

----------------------------------------------------------


