PatientInformation
==========================================================
PatientID;No patientID
Name;,,
Date of Birth;
Sex;
Version;AutoStrainCap2 2.1.0.491925

Results
==========================================================
Global
----------------------------------------------------------
RVFWSL;-36.27;%
RV4CSL;-34.93;%
ED;0.00;ms
ES;307.13;ms

Curves
==========================================================
Longitudinal Strain
Unit [%]
Time [ms];0.00;10.85;21.71;32.56;43.41;54.26;65.12;75.97;86.82;97.68;108.53;119.38;130.23;141.09;151.94;162.79;173.64;184.50;195.35;206.20;217.06;227.91;238.76;249.61;260.47;271.32;282.17;293.03;303.88;314.73;325.58;336.44;347.29;358.14;369.00;379.85;390.70;401.55;412.41;423.26;434.11;444.97;455.82;466.67;477.52;488.38;499.23;510.08;520.93;531.79;542.64;553.49;564.35;575.20;586.05;596.90;607.76;618.61;629.46;640.32;651.17;662.02;672.87;683.73;694.58;705.43;716.29;727.14;737.99;748.84;759.70;770.55;781.40;792.25;803.11;813.96;824.81;835.67;846.52;857.37;868.22;879.08;889.93;900.78;911.64;922.49;933.34;944.19;
Basal;0.00;-0.49;-1.13;-2.15;-2.78;-4.94;-6.49;-8.06;-9.75;-11.32;-13.19;-14.87;-16.49;-17.76;-18.95;-20.01;-20.94;-22.15;-23.21;-24.20;-25.12;-25.68;-26.17;-26.57;-26.92;-27.35;-27.74;-28.11;-28.52;-29.16;-29.68;-30.04;-29.76;-29.80;-29.17;-28.47;-27.68;-26.98;-26.24;-25.33;-24.13;-22.54;-20.82;-19.03;-17.49;-16.58;-16.06;-15.75;-15.59;-15.43;-15.33;-15.30;-15.39;-15.56;-15.77;-15.91;-15.89;-15.57;-15.13;-14.68;-14.36;-14.28;-14.43;-14.76;-15.29;-15.94;-16.67;-17.38;-17.97;-18.25;-18.28;-18.04;-17.43;-16.56;-15.26;-13.62;-11.68;-9.54;-7.15;-4.64;-2.14;-0.03;1.78;3.21;3.78;3.70;2.76;1.43;
Mid;0.00;-1.49;-3.05;-4.47;-4.17;-6.41;-8.52;-10.91;-13.48;-15.85;-18.30;-20.53;-22.40;-23.42;-24.11;-24.56;-24.97;-25.62;-26.37;-27.13;-27.91;-28.55;-29.15;-29.67;-30.18;-30.69;-31.18;-31.68;-32.18;-33.08;-33.89;-34.53;-35.10;-35.40;-35.60;-35.42;-34.75;-33.30;-31.40;-29.45;-27.31;-26.06;-24.64;-23.30;-22.09;-21.50;-21.14;-20.87;-20.67;-20.24;-19.85;-19.51;-19.25;-18.99;-18.78;-18.58;-18.31;-17.99;-17.62;-17.27;-16.97;-16.76;-16.65;-16.65;-16.74;-16.86;-17.03;-17.22;-17.40;-17.54;-17.57;-17.45;-17.09;-16.65;-15.86;-14.79;-13.31;-11.57;-9.56;-7.52;-5.79;-4.77;-4.08;-3.47;-2.91;-1.62;-0.53;0.11;
Apical;0.00;-1.07;-2.56;-4.46;-6.17;-8.84;-10.84;-12.88;-15.09;-17.46;-20.10;-22.76;-25.19;-27.12;-28.75;-30.12;-31.49;-33.06;-34.70;-36.27;-37.72;-39.12;-40.38;-41.55;-42.66;-43.53;-44.29;-44.85;-45.18;-44.61;-43.82;-42.75;-41.74;-39.77;-37.86;-35.73;-33.58;-32.57;-31.47;-30.21;-28.85;-27.85;-26.78;-25.73;-24.57;-23.89;-23.17;-22.54;-21.96;-20.99;-20.09;-19.31;-18.61;-18.20;-17.85;-17.55;-17.31;-16.97;-16.66;-16.38;-16.15;-16.06;-16.06;-16.19;-16.38;-16.55;-16.74;-16.93;-17.11;-17.23;-17.28;-17.27;-17.08;-16.82;-16.24;-15.39;-14.15;-12.87;-11.23;-9.31;-7.28;-5.11;-3.10;-1.31;-0.09;0.64;0.77;0.50;

----------------------------------------------------------


