PatientInformation
==========================================================
PatientID;No patientID
Name;,,
Date of Birth;
Sex;
Version;AutoStrainCap2 2.1.0.491925

Results
==========================================================
Global
----------------------------------------------------------
LaSr_ED;7.49;%
LaScd_ED;-8.42;%
LaSct_ED;0.94;%
LaSr_AC;7.55;%
LaScd_AC;-8.50;%
LaSct_AC;0.95;%
ED;0.00;ms
ES;279.87;ms
PreA;590.39;ms

Curves
==========================================================
Longitudinal Strain
Unit [%]
Time [ms];0.00;20.43;40.86;61.29;81.72;102.14;122.57;143.00;163.43;183.86;204.29;224.72;245.15;265.57;286.00;306.43;326.86;347.29;367.72;388.15;408.58;429.00;449.43;469.86;490.29;510.72;531.15;551.58;572.01;592.44;612.86;633.29;653.72;674.15;694.58;715.01;735.44;755.87;776.29;796.72;817.15;837.58;858.01;878.44;
LAS_ED;0.00;2.90;1.55;0.22;-0.65;-1.11;-1.13;-0.55;0.51;1.93;3.41;4.84;6.08;7.09;7.41;5.79;3.28;0.59;-1.63;-2.89;-3.31;-3.17;-2.73;-2.48;-2.23;-1.63;-1.22;-1.34;-1.29;-0.88;-0.28;-0.08;-0.03;0.17;0.12;-0.17;-0.40;-0.49;-0.38;-0.15;0.15;0.81;0.90;-0.93;
LAS_AC;0.89;3.81;2.45;1.11;0.23;-0.23;-0.25;0.34;1.41;2.84;4.33;5.78;7.03;8.05;8.37;6.73;4.20;1.49;-0.76;-2.02;-2.45;-2.31;-1.86;-1.61;-1.36;-0.75;-0.34;-0.46;-0.41;0.00;0.61;0.81;0.86;1.07;1.02;0.72;0.49;0.39;0.51;0.74;1.04;1.71;1.79;-0.05;

----------------------------------------------------------


