PatientInformation
==========================================================
PatientID;No patientID
Name;,,
Date of Birth;
Sex;
Version;AutoStrainCap2 2.1.0.491925

Results
==========================================================
Global
----------------------------------------------------------
RVFWSL;-12.96;%
RV4CSL;-11.30;%
ED;0.00;ms
ES;118.49;ms

Curves
==========================================================
Longitudinal Strain
Unit [%]
Time [ms];0.00;20.43;40.86;61.29;81.72;102.14;122.57;143.00;163.43;183.86;204.29;224.72;245.15;265.57;286.00;306.43;326.86;347.29;367.72;388.15;408.58;429.00;449.43;469.86;490.29;510.72;531.15;551.58;572.01;592.44;612.86;633.29;653.72;674.15;694.58;715.01;735.44;755.87;776.29;796.72;817.15;837.58;858.01;878.44;
Basal;0.00;-2.00;2.34;-0.67;-6.19;-9.34;-9.64;-7.38;-3.89;-1.28;-0.04;-1.16;-1.63;1.33;6.06;9.71;12.06;12.34;11.61;11.42;11.28;10.90;10.43;9.73;9.09;8.76;8.26;7.46;6.68;6.23;6.01;5.83;5.92;6.26;6.41;5.63;4.50;3.77;3.16;2.61;1.95;0.93;0.59;1.80;
Mid;0.00;-1.11;2.12;-1.67;-7.80;-11.77;-13.07;-12.22;-9.99;-7.79;-6.34;-6.32;-5.81;-3.03;1.33;5.74;9.23;10.73;11.08;11.16;11.06;10.70;10.29;9.67;9.06;8.57;7.94;7.00;6.15;5.89;5.86;5.72;5.73;5.73;5.55;4.85;3.90;3.29;2.82;2.47;2.03;1.12;0.86;1.87;
Apical;0.00;-4.10;-2.23;-6.04;-11.68;-14.98;-15.82;-15.22;-13.30;-10.74;-8.46;-7.90;-7.04;-4.17;0.25;4.27;7.63;9.49;10.06;10.00;9.61;9.35;9.11;8.51;7.89;7.53;6.97;6.22;5.56;5.32;5.30;5.18;5.21;5.30;5.23;4.50;3.49;2.90;2.41;2.04;1.64;0.86;0.71;1.97;

----------------------------------------------------------


