PatientInformation
==========================================================
PatientID;No patientID
Name;,,
Date of Birth;
Sex;
Version;AutoStrainCap2 2.1.0.491925

Results
==========================================================
Global
----------------------------------------------------------
RVFWSL;-17.23;%
RV4CSL;-14.65;%
ED;0.00;ms
ES;279.61;ms

Curves
==========================================================
Longitudinal Strain
Unit [%]
Time [ms];0.00;8.52;17.05;25.57;34.10;42.62;51.15;59.67;68.20;76.72;85.25;93.77;102.30;110.82;119.35;127.87;136.40;144.92;153.45;161.97;170.50;179.02;187.55;196.07;204.60;213.12;221.64;230.17;238.69;247.22;255.74;264.27;272.79;281.32;289.84;298.37;306.89;315.42;323.94;332.47;340.99;349.52;358.04;366.57;375.09;383.62;392.14;400.67;409.19;417.72;426.24;434.76;443.29;451.81;460.34;468.86;477.39;485.91;494.44;502.96;511.49;520.01;528.54;537.06;545.59;554.11;562.64;571.16;579.69;588.21;596.74;605.26;613.79;622.31;630.84;639.36;647.88;656.41;664.93;673.46;681.98;690.51;699.03;707.56;716.08;724.61;733.13;741.66;750.18;758.71;767.23;775.76;784.28;792.81;801.33;
Basal;0.00;-1.44;-3.17;-4.70;-5.63;-5.57;-4.83;-3.96;-3.23;-3.41;-3.96;-4.81;-5.62;-6.30;-6.82;-7.32;-7.82;-8.40;-9.02;-9.66;-10.30;-10.92;-11.50;-12.05;-12.56;-13.14;-13.71;-14.27;-14.86;-15.42;-15.97;-16.47;-16.83;-17.04;-17.07;-16.95;-16.67;-16.27;-15.72;-15.12;-14.33;-13.82;-13.08;-12.13;-10.96;-9.57;-8.15;-6.82;-5.93;-5.60;-5.62;-5.63;-5.25;-4.12;-2.60;-1.09;0.10;0.58;0.64;0.48;0.30;0.27;0.31;0.37;0.42;0.27;0.19;0.26;0.67;1.50;2.55;3.57;4.29;4.53;4.35;3.91;3.29;2.60;2.00;1.68;1.82;2.69;3.94;5.24;6.26;6.57;6.41;5.97;5.38;4.82;4.25;3.68;3.02;1.98;0.96;
Mid;0.00;-1.32;-2.67;-3.69;-4.29;-4.29;-3.90;-3.40;-3.02;-3.14;-3.55;-4.22;-4.97;-5.77;-6.54;-7.33;-8.11;-8.94;-9.76;-10.59;-11.36;-12.02;-12.61;-13.15;-13.64;-14.23;-14.80;-15.35;-15.90;-16.36;-16.80;-17.19;-17.49;-17.70;-17.79;-17.76;-17.59;-17.28;-16.82;-16.22;-15.42;-14.68;-13.70;-12.51;-11.07;-9.51;-7.85;-6.21;-4.74;-3.47;-2.36;-1.27;-0.13;1.08;2.28;3.33;4.04;4.27;4.15;3.83;3.53;3.38;3.38;3.43;3.54;3.58;3.69;3.93;4.31;4.89;5.52;6.11;6.55;6.72;6.66;6.40;5.99;5.49;5.04;4.77;4.76;5.15;5.75;6.38;6.85;6.97;6.83;6.53;6.24;6.07;5.91;5.50;4.78;3.20;1.55;
Apical;0.00;-1.15;-2.58;-3.89;-4.78;-4.86;-4.49;-3.98;-3.57;-3.78;-4.28;-5.03;-5.83;-6.62;-7.36;-8.10;-8.82;-9.55;-10.26;-10.97;-11.65;-12.28;-12.86;-13.38;-13.80;-14.33;-14.78;-15.19;-15.59;-15.89;-16.18;-16.44;-16.64;-16.76;-16.81;-16.80;-16.72;-16.54;-16.26;-15.87;-15.30;-14.78;-14.05;-13.17;-12.11;-11.11;-10.01;-8.90;-7.92;-7.21;-6.59;-5.90;-5.04;-3.63;-2.13;-0.77;0.26;0.78;0.96;0.94;0.92;1.00;1.18;1.45;1.78;2.01;2.32;2.72;3.28;3.99;4.77;5.48;5.97;6.20;6.14;5.89;5.49;5.02;4.57;4.25;4.17;4.42;4.88;5.36;5.70;5.70;5.48;5.13;4.75;4.42;4.12;3.76;3.38;2.14;1.01;

----------------------------------------------------------


