PatientInformation
==========================================================
PatientID;No patientID
Name;,,
Date of Birth;
Sex;
Version;AutoStrainCap2 2.1.0.491925

Results
==========================================================
Global
----------------------------------------------------------
LaSr_ED;19.96;%
LaScd_ED;-18.98;%
LaSct_ED;-0.97;%
LaSr_AC;19.78;%
LaScd_AC;-18.82;%
LaSct_AC;-0.96;%
ED;0.00;ms
ES;348.56;ms
PreA;682.15;ms

Curves
==========================================================
Longitudinal Strain
Unit [%]
Time [ms];0.00;10.69;21.38;32.08;42.77;53.46;64.15;74.84;85.54;96.23;106.92;117.61;128.30;139.00;149.69;160.38;171.07;181.76;192.46;203.15;213.84;224.53;235.22;245.92;256.61;267.30;277.99;288.68;299.38;310.07;320.76;331.45;342.14;352.84;363.53;374.22;384.91;395.60;406.30;416.99;427.68;438.37;449.06;459.76;470.45;481.14;491.83;502.52;513.22;523.91;534.60;545.29;555.98;566.68;577.37;588.06;598.75;609.44;620.14;630.83;641.52;652.21;662.90;673.60;684.29;694.98;705.67;716.36;727.06;737.75;748.44;759.13;769.82;780.52;791.21;801.90;812.59;823.28;833.98;844.67;855.36;866.05;876.74;887.44;898.13;908.82;919.51;930.20;940.90;951.59;962.28;972.97;983.66;994.36;1005.05;
LAS_ED;0.00;0.76;1.34;1.72;2.02;2.27;2.59;3.03;3.69;4.50;5.45;6.34;7.11;7.52;7.79;7.98;8.26;8.78;9.47;10.28;11.15;11.99;12.82;13.66;14.47;15.20;15.89;16.60;17.27;18.03;18.72;19.36;19.88;19.95;19.88;19.64;19.27;18.75;18.03;17.00;15.67;13.93;12.01;9.91;7.78;5.74;3.88;2.31;1.18;0.57;0.39;0.53;0.85;1.21;1.60;1.90;2.18;2.17;2.12;2.00;1.85;1.64;1.45;1.13;0.90;0.24;-0.25;-0.82;-1.13;-1.38;-1.42;-1.39;-1.37;-1.27;-1.27;-1.27;-1.35;-1.48;-1.61;-1.63;-1.46;-1.02;-0.44;0.04;0.46;0.10;-0.38;-1.06;-1.80;-2.39;-2.85;-3.02;-2.81;-2.10;-1.10;
LAS_AC;-0.89;-0.14;0.43;0.82;1.11;1.36;1.68;2.11;2.77;3.57;4.51;5.39;6.16;6.56;6.83;7.02;7.29;7.81;8.50;9.29;10.16;10.99;11.82;12.64;13.45;14.17;14.85;15.56;16.22;16.97;17.66;18.29;18.81;18.88;18.82;18.58;18.21;17.69;16.98;15.95;14.64;12.92;11.01;8.93;6.82;4.80;2.96;1.40;0.28;-0.33;-0.50;-0.37;-0.05;0.31;0.69;0.99;1.27;1.26;1.21;1.09;0.94;0.74;0.55;0.23;0.00;-0.65;-1.14;-1.70;-2.01;-2.26;-2.30;-2.27;-2.25;-2.15;-2.15;-2.15;-2.23;-2.35;-2.48;-2.51;-2.34;-1.91;-1.33;-0.85;-0.44;-0.79;-1.27;-1.94;-2.68;-3.26;-3.72;-3.88;-3.68;-2.97;-1.98;

----------------------------------------------------------


