PatientInformation
==========================================================
PatientID;No patientID
Name;,,
Date of Birth;
Sex;
Version;AutoStrainCap2 2.1.0.491925

Results
==========================================================
Global
----------------------------------------------------------
RVFWSL;-18.01;%
RV4CSL;-14.29;%
ED;0.00;ms
ES;263.35;ms

Curves
==========================================================
Longitudinal Strain
Unit [%]
Time [ms];0.00;14.63;29.26;43.89;58.52;73.15;87.78;102.41;117.04;131.67;146.30;160.93;175.56;190.20;204.83;219.46;234.09;248.72;263.35;277.98;292.61;307.24;321.87;336.50;351.13;365.76;380.39;395.02;409.65;424.28;438.91;453.54;468.17;482.80;497.43;512.06;526.69;541.32;555.96;570.59;585.22;599.85;614.48;629.11;643.74;658.37;673.00;687.63;702.26;716.89;731.52;746.15;760.78;775.41;790.04;804.67;819.30;833.93;848.56;863.19;877.82;892.45;907.08;921.72;936.35;950.98;965.61;980.24;994.87;1009.50;
Basal;0.00;-1.60;-3.16;-4.93;-6.24;-7.33;-7.98;-8.67;-9.21;-9.75;-10.71;-11.80;-13.06;-14.45;-15.78;-16.95;-18.00;-18.59;-18.44;-17.18;-15.52;-14.11;-13.59;-13.49;-13.10;-12.63;-11.59;-10.62;-9.89;-9.53;-9.44;-9.35;-8.87;-7.42;-4.29;-0.93;1.22;0.82;-0.75;-1.86;-1.64;-0.50;0.59;1.08;0.94;0.37;-0.63;-1.73;-2.75;-3.32;-3.64;-3.72;-3.77;-3.46;-2.54;-0.96;0.98;2.62;3.56;3.96;4.07;4.22;4.15;3.77;2.88;1.84;0.96;0.55;0.42;0.53;
Mid;0.00;-1.14;-3.25;-5.70;-7.52;-9.02;-10.02;-10.86;-11.51;-12.14;-13.13;-14.19;-15.35;-16.48;-17.55;-18.54;-19.63;-20.42;-20.71;-20.30;-19.63;-18.93;-18.30;-17.60;-16.49;-15.24;-13.59;-11.98;-10.61;-9.66;-8.97;-8.51;-7.80;-6.57;-4.41;-2.23;-0.59;-0.13;-0.14;-0.01;0.89;2.12;3.22;3.55;3.33;2.76;2.00;1.20;0.42;-0.14;-0.58;-0.81;-0.95;-0.80;-0.32;0.40;1.30;2.19;2.96;3.50;3.78;3.85;3.68;3.25;2.53;1.69;0.92;0.30;-0.12;-0.20;
Apical;0.00;-1.69;-2.89;-3.92;-5.03;-6.19;-7.02;-7.85;-8.45;-8.99;-9.81;-10.68;-11.64;-12.54;-13.35;-14.03;-14.69;-15.11;-15.18;-14.75;-14.11;-13.45;-12.88;-12.16;-10.98;-9.51;-7.94;-6.29;-4.67;-3.39;-2.44;-1.88;-1.22;-0.16;1.76;3.74;5.18;5.42;5.18;5.13;5.80;6.81;7.65;7.82;7.47;6.83;6.05;5.28;4.57;4.13;3.84;3.71;3.58;3.62;3.96;4.60;5.44;6.22;6.68;6.90;6.92;6.82;6.48;5.90;4.99;4.04;3.25;2.83;2.44;1.72;

----------------------------------------------------------


