PatientInformation
==========================================================
PatientID;No patientID
Name;,,
Date of Birth;
Sex;
Version;AutoStrainCap2 2.1.0.491925

Results
==========================================================
Global
----------------------------------------------------------
RVFWSL;-15.71;%
RV4CSL;-11.68;%
ED;0.00;ms
ES;290.37;ms

Curves
==========================================================
Longitudinal Strain
Unit [%]
Time [ms];0.00;21.35;42.70;64.05;85.40;106.75;128.10;149.45;170.80;192.15;213.50;234.85;256.20;277.56;298.91;320.26;341.61;362.96;384.31;405.66;427.01;448.36;
Basal;0.00;1.99;2.21;1.54;2.83;2.52;0.93;-1.36;-3.54;-5.09;-6.55;-8.14;-9.58;-10.41;-10.31;-8.86;-8.78;-7.55;-5.60;-4.20;-3.01;-1.70;
Mid;0.00;0.57;-0.22;-1.31;-0.91;-2.20;-4.41;-6.88;-9.15;-11.05;-12.89;-14.72;-16.22;-17.10;-16.95;-15.61;-14.70;-12.63;-9.40;-7.32;-5.30;-2.65;
Apical;0.00;0.72;-0.19;-1.38;-1.26;-2.67;-5.02;-7.53;-9.88;-11.75;-13.47;-15.24;-16.82;-17.86;-18.06;-17.15;-15.65;-12.98;-9.99;-7.75;-5.52;-2.88;

----------------------------------------------------------


