PatientInformation
==========================================================
PatientID;No patientID
Name;,,
Date of Birth;
Sex;
Version;AutoStrainCap2 2.1.0.491925

Results
==========================================================
Global
----------------------------------------------------------
LaSr_ED;24.90;%
LaScd_ED;-18.61;%
LaSct_ED;-6.30;%
LaSr_AC;23.44;%
LaScd_AC;-17.52;%
LaSct_AC;-5.93;%
ED;0.00;ms
ES;420.60;ms
PreA;617.03;ms

Curves
==========================================================
Longitudinal Strain
Unit [%]
Time [ms];0.00;21.35;42.70;64.05;85.40;106.75;128.10;149.45;170.80;192.15;213.50;234.85;256.21;277.56;298.91;320.26;341.61;362.96;384.31;405.66;427.01;448.36;469.71;491.06;512.41;533.76;555.11;576.46;597.81;619.16;640.51;661.86;683.21;704.56;725.91;747.26;768.62;789.97;
LAS_ED;0.00;2.08;2.30;2.40;2.13;3.64;6.14;8.99;10.67;11.81;12.16;13.15;14.44;16.29;18.60;19.14;20.30;22.12;23.16;24.39;24.62;20.97;17.84;15.29;12.13;10.26;8.84;7.79;7.33;6.23;6.19;5.43;4.45;3.05;1.82;1.01;0.53;0.66;
LAS_AC;-5.86;-3.90;-3.70;-3.60;-3.86;-2.44;-0.08;2.60;4.18;5.25;5.58;6.51;7.73;9.47;11.64;12.15;13.25;14.96;15.94;17.10;17.31;13.87;10.93;8.53;5.56;3.79;2.46;1.47;1.04;0.00;-0.04;-0.75;-1.67;-2.99;-4.15;-4.91;-5.36;-5.24;

----------------------------------------------------------


