PatientInformation
==========================================================
PatientID;No patientID
Name;,,
Date of Birth;
Sex;
Version;AutoStrainCap2 2.1.0.491925

Results
==========================================================
Global
----------------------------------------------------------
RVFWSL;-18.58;%
RV4CSL;-12.20;%
ED;0.00;ms
ES;374.78;ms

Curves
==========================================================
Longitudinal Strain
Unit [%]
Time [ms];0.00;18.74;37.48;56.22;74.96;93.70;112.44;131.17;149.91;168.65;187.39;206.13;224.87;243.61;262.35;281.09;299.83;318.57;337.31;356.04;374.78;393.52;412.26;431.00;449.74;468.48;487.22;505.96;524.70;543.44;562.18;580.92;599.65;618.39;637.13;655.87;674.61;693.35;712.09;730.83;749.57;
Basal;0.00;-1.61;-1.97;-0.06;1.61;0.44;-2.10;-4.32;-6.68;-9.78;-12.73;-14.87;-16.61;-18.34;-19.32;-19.70;-19.62;-19.29;-18.61;-17.62;-16.24;-14.45;-12.18;-9.44;-6.48;-4.30;-3.02;-3.40;-4.36;-4.97;-5.43;-6.22;-6.50;-5.94;-5.28;-5.33;-5.54;-5.20;-3.89;-1.39;0.68;
Mid;0.00;-2.04;-2.61;-1.22;0.12;-0.83;-2.89;-4.78;-6.77;-9.30;-11.61;-13.29;-14.75;-16.64;-18.08;-18.65;-18.62;-18.13;-17.02;-15.18;-12.77;-9.64;-6.28;-3.90;-1.56;0.04;0.71;0.04;-1.16;-2.01;-2.67;-3.58;-4.04;-3.72;-3.26;-3.41;-3.54;-2.97;-1.59;0.60;1.91;
Apical;0.00;-1.61;-2.01;-0.79;0.27;-0.31;-1.93;-3.73;-5.63;-7.79;-9.70;-11.02;-12.02;-13.22;-14.50;-15.05;-15.13;-14.76;-14.01;-12.97;-11.52;-9.02;-6.04;-4.14;-2.23;-0.40;0.53;0.02;-0.90;-1.40;-1.65;-2.24;-2.51;-2.40;-2.08;-2.18;-2.27;-1.82;-0.70;1.07;2.11;

----------------------------------------------------------


