PatientInformation
==========================================================
PatientID;No patientID
Name;,,
Date of Birth;
Sex;
Version;AutoStrainCap2 2.1.0.491925

Results
==========================================================
Global
----------------------------------------------------------
LaSr_ED;40.93;%
LaScd_ED;-22.39;%
LaSct_ED;-18.53;%
LaSr_AC;34.53;%
LaScd_AC;-18.89;%
LaSct_AC;-15.64;%
ED;0.00;ms
ES;351.13;ms
PreA;741.27;ms

Curves
==========================================================
Longitudinal Strain
Unit [%]
Time [ms];0.00;19.51;39.01;58.52;78.03;97.54;117.04;136.55;156.06;175.56;195.07;214.58;234.09;253.59;273.10;292.61;312.12;331.62;351.13;370.64;390.14;409.65;429.16;448.67;468.17;487.68;507.19;526.69;546.20;565.71;585.22;604.72;624.23;643.74;663.25;682.75;702.26;721.77;741.27;760.78;780.29;799.80;819.30;838.81;858.32;877.82;897.33;916.84;936.35;955.85;975.36;994.87;1014.37;1033.88;1053.39;1072.90;1092.40;1111.91;
LAS_ED;0.00;1.13;2.59;4.77;7.64;10.75;13.57;15.76;17.80;20.10;22.51;24.91;27.66;31.34;34.92;37.60;39.40;40.47;40.93;40.49;40.17;40.24;40.41;40.40;39.43;36.92;33.28;28.84;24.70;20.73;18.12;17.35;17.49;17.62;17.65;17.70;17.72;18.16;18.53;18.68;18.72;18.72;18.79;18.97;19.06;18.92;18.91;19.30;19.13;16.84;13.59;10.16;6.50;2.74;0.16;-0.92;-0.89;-0.81;
LAS_AC;-15.64;-14.68;-13.45;-11.61;-9.19;-6.56;-4.19;-2.34;-0.62;1.32;3.36;5.38;7.70;10.80;13.82;16.09;17.60;18.51;18.89;18.53;18.26;18.31;18.46;18.45;17.63;15.51;12.44;8.70;5.20;1.86;-0.34;-0.99;-0.88;-0.77;-0.74;-0.71;-0.68;-0.31;0.00;0.12;0.15;0.16;0.21;0.37;0.45;0.33;0.32;0.65;0.50;-1.43;-4.17;-7.06;-10.15;-13.32;-15.50;-16.41;-16.38;-16.32;

----------------------------------------------------------


