PatientInformation
==========================================================
PatientID;No patientID
Name;,,
Date of Birth;
Sex;
Version;AutoStrainCap2 2.1.0.491925

Results
==========================================================
Global
----------------------------------------------------------
RVFWSL;-28.86;%
RV4CSL;-26.32;%
ED;0.00;ms
ES;437.47;ms

Curves
==========================================================
Longitudinal Strain
Unit [%]
Time [ms];0.00;8.82;17.64;26.46;35.28;44.10;52.92;61.74;70.56;79.38;88.20;97.02;105.84;114.66;123.48;132.30;141.12;149.94;158.76;167.58;176.40;185.22;194.04;202.86;211.68;220.50;229.32;238.14;246.96;255.78;264.60;273.42;282.24;291.06;299.88;308.70;317.52;326.34;335.16;343.98;352.80;361.62;370.44;379.26;388.08;396.90;405.72;414.54;423.36;432.18;441.00;449.82;458.64;467.46;476.28;485.10;493.92;502.74;511.56;520.38;529.20;538.02;546.84;555.66;564.48;573.30;582.12;590.94;599.76;608.58;617.40;626.22;635.04;643.86;652.68;661.50;670.32;679.14;687.96;696.78;705.60;714.42;723.24;732.06;740.88;749.70;758.52;767.34;776.16;784.98;793.80;802.62;811.44;820.26;829.08;837.90;846.72;855.54;864.36;873.18;882.00;890.82;899.64;908.46;917.28;926.10;934.92;943.74;952.56;961.38;970.20;979.02;987.84;996.66;1005.48;1014.30;1023.12;1031.94;1040.76;1049.58;1058.40;1067.22;1076.04;1084.86;1093.68;1102.50;1111.32;1120.14;1128.96;1137.78;1146.60;1155.42;1164.24;1173.06;1181.88;1190.70;
Basal;0.00;-0.53;-1.29;-2.17;-3.10;-4.07;-5.09;-6.21;-7.41;-8.71;-10.16;-11.82;-13.73;-15.95;-18.34;-20.74;-22.96;-24.81;-26.12;-26.69;-26.68;-26.26;-25.60;-24.86;-24.21;-23.78;-23.53;-23.43;-23.41;-23.44;-23.46;-23.41;-23.31;-23.16;-22.96;-22.73;-22.46;-22.17;-21.83;-21.41;-20.90;-20.28;-19.52;-18.61;-18.48;-18.27;-18.00;-17.70;-17.40;-17.14;-16.89;-16.61;-16.27;-15.86;-15.35;-14.72;-13.95;-13.03;-11.96;-10.71;-9.28;-7.50;-5.70;-4.07;-2.80;-2.09;-2.12;-3.41;-5.30;-7.48;-9.60;-11.33;-12.35;-12.37;-11.56;-10.14;-8.33;-6.37;-4.53;-3.05;-1.94;-1.17;-0.71;-0.54;-0.63;-0.94;-1.50;-2.31;-3.40;-4.78;-6.47;-8.50;-10.72;-12.95;-15.05;-16.86;-18.23;-19.06;-19.42;-19.43;-19.21;-18.86;-18.52;-18.22;-18.01;-17.84;-17.70;-17.56;-17.41;-17.33;-17.16;-16.84;-16.31;-15.49;-14.31;-12.79;-10.97;-8.99;-7.02;-5.25;-3.85;-3.06;-2.69;-2.60;-2.63;-2.61;-2.41;-1.88;-1.13;-0.28;0.53;1.18;1.58;1.66;1.41;0.85;
Mid;0.00;-0.28;-0.67;-1.18;-1.76;-2.36;-3.00;-3.74;-4.55;-5.46;-6.54;-7.84;-9.42;-11.32;-13.38;-15.45;-17.36;-18.94;-20.06;-20.62;-20.73;-20.50;-20.09;-19.63;-19.28;-19.17;-19.26;-19.51;-19.88;-20.34;-20.84;-21.28;-21.73;-22.18;-22.62;-23.05;-23.47;-23.88;-24.26;-24.56;-24.77;-24.86;-24.81;-24.58;-24.84;-25.00;-25.07;-25.08;-25.06;-25.05;-25.00;-24.89;-24.68;-24.33;-23.82;-23.08;-22.16;-21.07;-19.84;-18.49;-17.07;-15.36;-13.74;-12.34;-11.30;-10.78;-10.87;-12.11;-13.80;-15.70;-17.46;-18.78;-19.33;-18.88;-17.60;-15.72;-13.51;-11.21;-9.09;-7.35;-6.01;-5.04;-4.40;-4.06;-4.01;-4.25;-4.74;-5.47;-6.42;-7.60;-8.99;-10.56;-12.22;-13.85;-15.35;-16.61;-17.50;-17.96;-18.04;-17.82;-17.39;-16.83;-16.23;-15.69;-15.19;-14.75;-14.36;-14.03;-13.79;-13.75;-13.73;-13.60;-13.28;-12.68;-11.73;-10.43;-8.84;-7.11;-5.42;-3.95;-2.88;-2.49;-2.53;-2.85;-3.27;-3.60;-3.67;-3.29;-2.60;-1.72;-0.79;0.06;0.73;0.97;0.92;0.59;
Apical;0.00;-0.48;-1.35;-2.37;-3.39;-4.40;-5.41;-6.38;-7.41;-8.57;-9.91;-11.48;-13.33;-15.51;-17.85;-20.22;-22.44;-24.38;-25.91;-26.90;-27.49;-27.79;-27.94;-28.05;-28.25;-28.57;-29.06;-29.68;-30.40;-31.18;-31.99;-32.74;-33.50;-34.25;-35.00;-35.75;-36.51;-37.34;-38.15;-38.93;-39.66;-40.33;-40.89;-41.31;-41.65;-41.88;-42.02;-42.07;-42.05;-42.04;-41.94;-41.70;-41.29;-40.67;-39.77;-38.54;-37.06;-35.41;-33.66;-31.85;-30.28;-27.78;-25.66;-23.75;-22.18;-21.05;-20.18;-21.02;-21.99;-23.12;-24.13;-24.84;-25.02;-24.63;-23.63;-22.19;-20.49;-18.73;-17.13;-15.97;-15.15;-14.63;-14.36;-14.30;-14.41;-14.48;-14.68;-15.00;-15.46;-16.06;-16.81;-17.73;-18.71;-19.68;-20.56;-21.29;-21.80;-22.07;-22.09;-21.91;-21.58;-21.16;-20.70;-20.28;-19.89;-19.54;-19.22;-18.96;-18.75;-18.67;-18.58;-18.41;-18.08;-17.53;-16.65;-15.49;-14.03;-12.42;-10.81;-9.35;-8.18;-7.56;-7.29;-7.25;-7.33;-7.41;-7.37;-7.13;-6.68;-6.08;-5.36;-4.57;-3.64;-2.55;-1.46;-0.57;

----------------------------------------------------------


