PatientInformation
==========================================================
PatientID;No patientID
Name;,,
Date of Birth;
Sex;
Version;AutoStrainCap2 2.1.0.491925

Results
==========================================================
Global
----------------------------------------------------------
LaSr_ED;26.05;%
LaScd_ED;-30.50;%
LaSct_ED;4.44;%
LaSr_AC;27.23;%
LaScd_AC;-31.87;%
LaSct_AC;4.64;%
ED;0.00;ms
ES;311.72;ms
PreA;668.27;ms

Curves
==========================================================
Longitudinal Strain
Unit [%]
Time [ms];0.00;21.35;42.70;64.05;85.40;106.75;128.10;149.45;170.80;192.15;213.50;234.85;256.20;277.56;298.91;320.26;341.61;362.96;384.31;405.66;427.01;448.36;469.71;491.06;512.41;533.76;555.11;576.46;597.81;619.16;640.51;661.86;683.21;704.56;725.91;747.26;768.61;789.96;811.32;832.67;854.02;875.37;896.72;918.07;939.42;960.77;982.12;1003.47;
LAS_ED;0.00;-1.03;0.30;3.48;7.38;10.29;12.27;13.42;14.52;16.38;18.51;20.22;21.90;24.10;25.76;25.95;24.52;20.65;16.16;12.45;8.86;4.09;0.11;-1.99;-2.58;-2.08;-1.52;-2.15;-3.02;-3.47;-3.84;-4.32;-4.52;-3.72;-2.82;-2.49;-2.65;-3.35;-3.93;-4.07;-3.82;-2.99;-2.16;-1.29;-0.84;-1.99;-2.57;-1.06;
LAS_AC;4.51;3.44;4.82;8.15;12.23;15.27;17.34;18.54;19.68;21.63;23.86;25.64;27.40;29.70;31.43;31.63;30.14;26.09;21.40;17.52;13.77;8.79;4.63;2.43;1.82;2.33;2.92;2.26;1.35;0.89;0.50;0.00;-0.21;0.62;1.57;1.91;1.74;1.01;0.40;0.26;0.52;1.38;2.26;3.16;3.63;2.43;1.83;3.40;

----------------------------------------------------------


