PatientInformation
==========================================================
PatientID;No patientID
Name;,,
Date of Birth;
Sex;
Version;AutoStrainCap2 2.1.0.491925

Results
==========================================================
Global
----------------------------------------------------------
RVFWSL;-20.54;%
RV4CSL;-16.59;%
ED;0.00;ms
ES;285.53;ms

Curves
==========================================================
Longitudinal Strain
Unit [%]
Time [ms];0.00;11.75;23.50;35.25;47.00;58.75;70.50;82.25;94.00;105.75;117.50;129.25;141.00;152.76;164.51;176.26;188.01;199.76;211.51;223.26;235.01;246.76;258.51;270.26;282.01;293.76;305.51;317.26;329.01;340.76;352.51;364.26;376.01;387.76;399.51;411.26;423.01;434.77;446.52;458.27;470.02;481.77;493.52;505.27;517.02;528.77;540.52;552.27;564.02;575.77;587.52;599.27;611.02;622.77;634.52;646.27;
Basal;0.00;0.91;0.22;-0.98;-2.23;-3.35;-4.54;-6.16;-8.39;-11.38;-14.60;-17.76;-20.19;-21.05;-21.00;-20.94;-21.11;-21.73;-22.98;-24.93;-26.34;-26.24;-25.78;-26.15;-26.68;-26.51;-25.97;-25.54;-25.25;-25.19;-24.59;-22.77;-20.46;-18.47;-16.12;-12.55;-8.85;-6.28;-4.27;-2.29;-0.26;1.96;4.04;5.59;6.22;6.10;5.64;5.55;5.61;5.29;5.24;5.75;5.43;2.73;-0.11;-0.74;
Mid;0.00;0.08;-1.21;-2.70;-3.94;-4.53;-4.97;-5.71;-6.98;-8.91;-11.09;-13.27;-14.93;-15.61;-15.54;-15.14;-14.83;-14.90;-15.57;-16.85;-17.63;-17.03;-16.16;-16.31;-16.72;-16.57;-16.19;-16.14;-16.13;-16.04;-15.47;-14.16;-12.61;-11.57;-10.27;-7.88;-5.43;-4.08;-3.15;-1.91;-0.30;2.03;4.32;5.85;6.48;6.34;5.87;5.78;5.85;5.66;5.75;6.38;6.18;3.67;0.90;-0.05;
Apical;0.00;-0.33;-0.91;-1.66;-2.24;-2.63;-2.99;-3.75;-5.03;-6.76;-8.76;-11.15;-13.15;-13.95;-14.11;-14.25;-14.32;-14.42;-14.86;-15.90;-16.49;-16.00;-15.30;-15.42;-15.80;-15.72;-15.49;-15.47;-15.50;-15.61;-15.25;-14.18;-12.80;-11.92;-10.71;-8.29;-5.73;-4.18;-3.07;-1.82;-0.43;1.49;3.41;4.92;5.59;5.80;5.54;5.40;5.33;4.81;4.66;5.11;4.94;2.69;0.30;-0.10;

----------------------------------------------------------


