PatientInformation
==========================================================
PatientID;No patientID
Name;,,
Date of Birth;
Sex;
Version;AutoStrainCap2 2.1.0.491925

Results
==========================================================
Global
----------------------------------------------------------
LaSr_ED;42.79;%
LaScd_ED;-28.14;%
LaSct_ED;-14.64;%
LaSr_AC;37.33;%
LaScd_AC;-24.55;%
LaSct_AC;-12.78;%
ED;0.00;ms
ES;346.67;ms
PreA;628.93;ms

Curves
==========================================================
Longitudinal Strain
Unit [%]
Time [ms];0.00;18.94;37.89;56.83;75.78;94.72;113.66;132.61;151.55;170.49;189.44;208.38;227.33;246.27;265.21;284.16;303.10;322.04;340.99;359.93;378.88;397.82;416.76;435.71;454.65;473.59;492.54;511.48;530.43;549.37;568.31;587.26;606.20;625.14;644.09;663.03;681.98;700.92;719.86;738.81;757.75;776.69;795.64;814.58;833.53;852.47;871.41;890.36;
LAS_ED;0.00;-0.38;-0.33;-0.10;1.04;4.51;8.46;11.69;15.18;19.87;24.85;28.84;32.28;35.33;37.90;39.78;41.16;42.19;42.75;42.68;42.22;41.54;40.81;40.50;38.97;34.80;29.89;25.35;21.71;18.66;16.52;15.32;14.74;14.62;14.72;14.39;14.13;13.99;13.88;14.04;14.09;14.12;13.71;12.86;11.06;7.76;4.12;1.27;
LAS_AC;-12.76;-13.09;-13.05;-12.85;-11.85;-8.82;-5.37;-2.56;0.49;4.58;8.93;12.40;15.40;18.06;20.30;21.95;23.16;24.05;24.54;24.48;24.07;23.49;22.84;22.58;21.25;17.60;13.32;9.36;6.18;3.52;1.65;0.61;0.10;0.00;0.09;-0.20;-0.43;-0.55;-0.65;-0.51;-0.46;-0.44;-0.79;-1.54;-3.11;-5.99;-9.17;-11.65;

----------------------------------------------------------


