PatientInformation
==========================================================
PatientID;No patientID
Name;,,
Date of Birth;
Sex;
Version;AutoStrainCap2 2.1.0.491925

Results
==========================================================
Global
----------------------------------------------------------
RVFWSL;-27.13;%
RV4CSL;-24.62;%
ED;0.00;ms
ES;285.60;ms

Curves
==========================================================
Longitudinal Strain
Unit [%]
Time [ms];0.00;8.16;16.32;24.48;32.64;40.80;48.96;57.12;65.28;73.44;81.60;89.76;97.92;106.08;114.24;122.40;130.56;138.72;146.88;155.04;163.20;171.36;179.52;187.68;195.84;204.00;212.16;220.32;228.48;236.64;244.80;252.96;261.12;269.28;277.44;285.60;293.76;301.92;310.08;318.24;326.40;334.56;342.72;350.88;359.04;367.20;375.36;383.52;391.68;399.84;408.00;416.16;424.32;432.48;440.64;448.80;456.96;465.12;473.28;481.44;489.60;497.76;505.92;514.08;522.24;530.40;538.56;546.72;554.88;563.04;571.20;579.36;587.52;595.68;603.84;612.00;620.16;628.32;636.48;644.64;652.80;660.96;669.12;677.28;685.44;693.60;701.76;709.92;718.08;726.24;734.40;742.56;750.72;758.88;767.04;775.20;
Basal;0.00;5.09;7.34;6.09;0.13;-2.45;-3.12;-2.79;-2.31;-2.50;-3.20;-4.33;-5.73;-7.72;-9.78;-11.76;-13.46;-14.74;-15.72;-16.56;-17.41;-18.39;-19.57;-20.94;-22.58;-24.46;-26.46;-28.41;-30.06;-31.31;-32.17;-32.80;-33.28;-33.75;-34.11;-34.34;-34.38;-34.24;-33.90;-33.41;-32.85;-32.16;-31.34;-30.48;-29.66;-29.05;-28.45;-27.76;-26.84;-25.60;-24.12;-22.52;-20.92;-19.31;-17.84;-16.56;-15.55;-14.93;-14.55;-14.29;-14.07;-13.79;-13.50;-13.20;-12.89;-12.57;-12.27;-12.03;-11.91;-11.96;-12.07;-12.17;-12.09;-11.81;-11.20;-10.26;-8.96;-7.26;-5.37;-3.39;-1.62;-0.25;0.77;1.55;2.05;2.30;2.38;2.39;2.48;2.78;3.00;2.85;1.99;0.13;-1.63;-2.08;
Mid;0.00;4.19;5.60;3.74;-2.15;-4.86;-5.73;-5.60;-5.29;-5.66;-6.45;-7.51;-8.64;-9.90;-11.11;-12.24;-13.24;-14.04;-14.72;-15.30;-15.87;-16.49;-17.19;-18.04;-19.10;-20.46;-21.94;-23.39;-24.62;-25.48;-26.05;-26.41;-26.67;-26.96;-27.19;-27.36;-27.43;-27.47;-27.41;-27.21;-27.02;-26.62;-26.06;-25.41;-24.77;-24.23;-23.73;-23.19;-22.55;-21.84;-21.00;-20.11;-19.24;-18.36;-17.60;-16.92;-16.36;-15.84;-15.39;-14.99;-14.60;-14.25;-13.93;-13.65;-13.40;-13.23;-13.09;-13.00;-12.94;-12.92;-12.91;-12.92;-12.94;-12.96;-12.85;-12.46;-11.68;-10.41;-8.81;-7.04;-5.24;-3.62;-2.12;-0.86;0.08;0.52;0.64;0.64;0.68;0.93;1.12;1.04;0.40;-0.85;-1.96;-1.97;
Apical;0.00;3.65;5.15;3.86;-1.48;-3.90;-4.71;-4.60;-4.25;-4.33;-4.74;-5.38;-6.11;-7.04;-7.94;-8.79;-9.58;-10.43;-11.27;-12.08;-12.91;-13.69;-14.53;-15.47;-16.60;-17.96;-19.44;-20.84;-21.99;-22.71;-23.09;-23.25;-23.25;-23.18;-23.01;-22.79;-22.54;-22.30;-22.00;-21.52;-21.47;-21.09;-20.46;-19.71;-18.99;-18.64;-18.40;-18.18;-17.90;-17.42;-16.83;-16.18;-15.50;-14.78;-14.07;-13.37;-12.71;-12.04;-11.40;-10.77;-10.16;-9.63;-9.16;-8.76;-8.40;-8.17;-7.97;-7.83;-7.75;-7.72;-7.75;-7.83;-7.90;-7.94;-7.84;-7.50;-6.88;-5.93;-4.71;-3.25;-1.69;-0.16;1.29;2.53;3.42;3.89;4.02;3.98;3.91;3.97;3.95;3.64;2.82;1.39;-0.06;-0.80;

----------------------------------------------------------


