PatientInformation
==========================================================
PatientID;No patientID
Name;,,
Date of Birth;
Sex;
Version;AutoStrainCap2 2.1.0.491925

Results
==========================================================
Global
----------------------------------------------------------
LaSr_ED;33.37;%
LaScd_ED;-19.08;%
LaSct_ED;-14.30;%
LaSr_AC;29.18;%
LaScd_AC;-16.68;%
LaSct_AC;-12.50;%
ED;0.00;ms
ES;318.16;ms
PreA;537.62;ms

Curves
==========================================================
Longitudinal Strain
Unit [%]
Time [ms];0.00;9.58;19.17;28.75;38.33;47.92;57.50;67.08;76.67;86.25;95.83;105.42;115.00;124.58;134.16;143.75;153.33;162.91;172.50;182.08;191.66;201.25;210.83;220.41;230.00;239.58;249.16;258.75;268.33;277.91;287.50;297.08;306.66;316.25;325.83;335.41;345.00;354.58;364.16;373.74;383.33;392.91;402.49;412.08;421.66;431.24;440.83;450.41;459.99;469.58;479.16;488.74;498.33;507.91;517.49;527.08;536.66;546.24;555.83;565.41;574.99;584.58;594.16;603.74;613.32;622.91;632.49;642.07;651.66;661.24;670.82;680.41;689.99;699.57;709.16;718.74;728.32;737.91;747.49;
LAS_ED;0.00;-1.59;-1.73;-0.99;0.23;1.17;2.25;3.38;4.92;6.64;8.57;10.50;12.27;13.56;14.81;16.10;17.71;19.59;21.69;23.59;25.26;26.22;26.94;27.53;28.28;29.12;30.18;31.22;32.26;32.71;33.05;33.24;33.27;33.37;33.32;33.17;32.85;32.98;32.99;32.96;32.94;32.97;33.04;33.15;33.21;33.28;33.04;32.33;30.83;28.41;25.45;22.32;19.75;17.45;16.04;14.97;14.38;13.39;12.76;12.32;12.23;12.54;13.10;13.64;14.32;14.36;14.36;14.08;13.50;12.41;11.25;10.22;9.79;9.97;10.44;10.46;9.56;6.75;3.30;
LAS_AC;-12.57;-13.96;-14.08;-13.43;-12.37;-11.54;-10.61;-9.61;-8.27;-6.76;-5.08;-3.39;-1.84;-0.72;0.38;1.50;2.91;4.56;6.39;8.06;9.51;10.35;10.98;11.50;12.15;12.88;13.81;14.73;15.63;16.03;16.32;16.49;16.51;16.60;16.56;16.43;16.15;16.26;16.27;16.25;16.23;16.26;16.32;16.41;16.47;16.52;16.31;15.69;14.38;12.27;9.68;6.94;4.69;2.68;1.45;0.51;0.00;-0.87;-1.41;-1.80;-1.88;-1.61;-1.12;-0.65;-0.05;-0.02;-0.01;-0.26;-0.77;-1.72;-2.74;-3.64;-4.01;-3.86;-3.44;-3.42;-4.21;-6.67;-9.69;

----------------------------------------------------------


