PatientInformation
==========================================================
PatientID;No patientID
Name;,,
Date of Birth;
Sex;
Version;AutoStrainCap2 2.1.0.491925

Results
==========================================================
Global
----------------------------------------------------------
RVFWSL;-22.38;%
RV4CSL;-20.63;%
ED;0.00;ms
ES;345.66;ms

Curves
==========================================================
Longitudinal Strain
Unit [%]
Time [ms];0.00;17.82;35.64;53.45;71.27;89.09;106.91;124.72;142.54;160.36;178.18;195.99;213.81;231.63;249.45;267.26;285.08;302.90;320.72;338.53;356.35;374.17;391.99;409.80;427.62;445.44;463.26;481.08;498.89;516.71;534.53;552.35;570.16;587.98;605.80;623.62;641.43;659.25;677.07;694.89;712.70;730.52;
Basal;0.00;-0.35;-3.78;-3.43;-2.12;-2.70;-4.21;-5.93;-7.68;-9.12;-10.37;-11.46;-12.47;-13.40;-14.31;-15.35;-16.31;-17.12;-17.73;-18.97;-19.99;-20.84;-21.46;-21.78;-21.65;-20.77;-19.13;-16.62;-14.04;-12.30;-10.97;-9.64;-8.43;-7.24;-6.02;-4.89;-3.15;0.11;2.57;2.29;0.90;-0.15;
Mid;0.00;-0.40;-3.08;-3.34;-2.82;-3.45;-4.57;-5.48;-6.42;-7.55;-8.70;-9.67;-10.61;-11.74;-12.82;-13.66;-14.25;-14.40;-14.29;-14.62;-14.57;-13.95;-13.23;-12.99;-12.75;-12.05;-11.10;-10.27;-9.29;-8.03;-6.69;-5.18;-4.02;-3.74;-3.43;-2.34;-0.65;1.25;2.31;1.54;0.11;-0.46;
Apical;0.00;-1.96;-5.55;-6.25;-6.26;-7.79;-9.91;-11.92;-13.98;-16.00;-18.04;-20.02;-21.91;-23.66;-25.24;-26.68;-27.89;-28.95;-29.81;-30.11;-30.10;-29.71;-29.23;-29.01;-28.72;-27.69;-26.12;-24.29;-22.28;-20.48;-18.77;-16.80;-15.06;-13.80;-12.49;-10.89;-8.57;-5.02;-2.04;-0.94;-0.72;-0.51;

----------------------------------------------------------


