PatientInformation
==========================================================
PatientID;No patientID
Name;,,
Date of Birth;
Sex;
Version;AutoStrainCap2 2.1.0.491925

Results
==========================================================
Global
----------------------------------------------------------
LaSr_ED;12.24;%
LaScd_ED;-15.32;%
LaSct_ED;3.08;%
LaSr_AC;12.63;%
LaScd_AC;-15.80;%
LaSct_AC;3.17;%
ED;0.00;ms
ES;241.44;ms
PreA;478.92;ms

Curves
==========================================================
Longitudinal Strain
Unit [%]
Time [ms];0.00;9.94;19.87;29.81;39.74;49.68;59.62;69.55;79.49;89.42;99.36;109.30;119.23;129.17;139.10;149.04;158.98;168.91;178.85;188.78;198.72;208.66;218.59;228.53;238.46;248.40;258.34;268.27;278.21;288.14;298.08;308.02;317.95;327.89;337.82;347.76;357.70;367.63;377.57;387.50;397.44;407.38;417.31;427.25;437.18;447.12;457.06;466.99;476.93;486.86;496.80;506.74;516.67;526.61;536.54;546.48;556.42;566.35;576.29;586.22;596.16;606.10;616.03;625.97;635.90;645.84;655.78;665.71;675.65;685.58;695.52;705.46;
LAS_ED;0.00;2.80;3.34;1.89;2.43;3.88;5.59;6.29;6.66;6.69;6.95;7.19;7.79;8.37;9.13;9.70;10.02;10.14;10.26;10.44;10.75;11.12;11.57;11.94;12.22;12.19;12.00;11.84;11.88;11.98;11.98;11.87;11.64;11.35;11.10;10.84;10.65;10.27;9.67;8.56;6.70;4.47;2.35;0.43;-0.97;-1.94;-2.58;-2.92;-3.08;-3.00;-2.86;-2.69;-2.53;-2.38;-2.22;-2.13;-2.01;-1.82;-1.64;-1.46;-1.32;-1.34;-1.36;-1.39;-1.21;-0.98;-0.63;-0.28;-0.11;-0.42;-1.47;-1.84;
LAS_AC;3.17;6.07;6.62;5.12;5.68;7.17;8.94;9.67;10.05;10.08;10.35;10.59;11.21;11.81;12.59;13.18;13.51;13.64;13.76;13.95;14.26;14.64;15.11;15.49;15.78;15.75;15.55;15.39;15.44;15.53;15.54;15.42;15.18;14.89;14.63;14.36;14.16;13.77;13.15;12.01;10.08;7.79;5.60;3.62;2.18;1.17;0.52;0.16;0.00;0.08;0.22;0.39;0.57;0.72;0.88;0.97;1.10;1.30;1.49;1.67;1.81;1.79;1.77;1.74;1.92;2.16;2.52;2.88;3.06;2.74;1.66;1.28;

----------------------------------------------------------


