PatientInformation
==========================================================
PatientID;No patientID
Name;,,
Date of Birth;
Sex;
Version;AutoStrainCap2 2.1.0.491925

Results
==========================================================
Global
----------------------------------------------------------
RVFWSL;-15.42;%
RV4CSL;-15.05;%
ED;0.00;ms
ES;273.28;ms

Curves
==========================================================
Longitudinal Strain
Unit [%]
Time [ms];0.00;21.35;42.70;64.05;85.40;106.75;128.10;149.45;170.80;192.15;213.50;234.85;256.20;277.55;298.91;320.26;341.61;362.96;384.31;405.66;427.01;448.36;469.71;491.06;512.41;533.76;555.11;576.46;597.81;
Basal;0.00;-4.78;-9.43;-10.57;-9.39;-9.00;-9.05;-8.57;-7.77;-7.56;-8.26;-9.86;-9.61;-10.40;-9.96;-11.12;-9.74;-6.09;-3.57;-0.85;1.51;3.49;2.66;2.62;1.97;1.07;-0.01;0.26;-0.07;
Mid;0.00;-5.50;-10.60;-12.07;-11.24;-11.12;-11.59;-11.49;-10.96;-10.83;-11.80;-13.58;-13.40;-14.09;-12.94;-13.18;-10.82;-6.40;-2.77;0.61;2.77;4.63;3.81;3.65;2.88;1.94;0.83;0.97;0.53;
Apical;0.00;-5.22;-10.86;-13.65;-13.67;-14.81;-16.52;-17.70;-18.26;-18.80;-20.01;-21.61;-21.10;-20.95;-18.61;-17.82;-14.42;-8.88;-3.92;0.83;3.52;5.05;4.16;3.94;3.17;2.06;0.92;0.92;0.37;

----------------------------------------------------------


