PatientInformation
==========================================================
PatientID;No patientID
Name;,,
Date of Birth;
Sex;
Version;AutoStrainCap2 2.1.0.491925

Results
==========================================================
Global
----------------------------------------------------------
LaSr_ED;37.59;%
LaScd_ED;-24.20;%
LaSct_ED;-13.40;%
LaSr_AC;33.14;%
LaScd_AC;-21.33;%
LaSct_AC;-11.81;%
ED;0.00;ms
ES;372.59;ms
PreA;782.24;ms

Curves
==========================================================
Longitudinal Strain
Unit [%]
Time [ms];0.00;19.51;39.01;58.52;78.03;97.54;117.04;136.55;156.06;175.56;195.07;214.58;234.09;253.59;273.10;292.61;312.12;331.62;351.13;370.64;390.14;409.65;429.16;448.67;468.17;487.68;507.19;526.69;546.20;565.71;585.22;604.72;624.23;643.74;663.24;682.75;702.26;721.77;741.27;760.78;780.29;799.80;819.30;838.81;858.32;877.82;897.33;916.84;936.35;955.85;975.36;994.87;1014.37;1033.88;1053.39;1072.90;1092.40;1111.91;1131.42;1150.92;1170.43;
LAS_ED;0.00;1.93;0.55;-0.18;1.72;4.86;8.36;11.13;13.46;15.66;18.07;20.59;23.09;25.50;27.84;30.31;32.82;35.21;36.93;37.59;37.31;37.21;37.22;37.36;36.79;35.37;32.76;29.10;24.16;19.43;16.39;15.12;15.44;16.12;16.23;15.97;15.47;14.94;14.38;13.86;13.44;13.10;12.86;12.63;12.47;12.33;12.21;12.08;11.91;11.76;11.56;11.43;11.32;11.23;11.08;10.94;9.93;7.58;2.77;-1.51;-3.55;
LAS_AC;-11.84;-10.14;-11.36;-12.00;-10.32;-7.56;-4.47;-2.04;0.02;1.96;4.08;6.31;8.51;10.64;12.70;14.87;17.09;19.20;20.71;21.30;21.04;20.96;20.97;21.09;20.59;19.34;17.04;13.81;9.46;5.29;2.60;1.49;1.77;2.37;2.47;2.23;1.80;1.33;0.84;0.37;0.00;-0.29;-0.50;-0.71;-0.85;-0.97;-1.08;-1.20;-1.34;-1.48;-1.65;-1.77;-1.86;-1.94;-2.08;-2.20;-3.09;-5.16;-9.40;-13.18;-14.97;

----------------------------------------------------------


