PatientInformation
==========================================================
PatientID;No patientID
Name;,,
Date of Birth;
Sex;
Version;AutoStrainCap2 2.1.0.491925

Results
==========================================================
Global
----------------------------------------------------------
RVFWSL;-19.60;%
RV4CSL;-13.50;%
ED;0.00;ms
ES;468.17;ms

Curves
==========================================================
Longitudinal Strain
Unit [%]
Time [ms];0.00;19.51;39.01;58.52;78.03;97.54;117.04;136.55;156.06;175.56;195.07;214.58;234.09;253.59;273.10;292.61;312.12;331.62;351.13;370.64;390.14;409.65;429.16;448.67;468.17;487.68;507.19;526.69;546.20;565.71;585.22;604.72;624.23;643.74;663.24;682.75;702.26;721.77;741.27;760.78;780.29;799.80;819.30;838.81;858.32;877.82;897.33;916.84;936.35;955.85;975.36;994.87;1014.37;1033.88;1053.39;1072.90;1092.40;1111.91;1131.42;1150.92;1170.43;
Basal;0.00;-1.22;-2.31;-3.73;-4.63;-5.84;-6.85;-8.16;-9.18;-10.24;-10.88;-11.54;-12.19;-13.45;-14.73;-15.85;-16.37;-16.84;-17.56;-18.93;-20.63;-22.32;-24.02;-24.99;-24.90;-23.32;-21.02;-18.73;-17.39;-16.57;-16.09;-15.27;-14.59;-14.03;-13.63;-13.45;-13.40;-13.84;-14.30;-14.81;-14.81;-14.73;-14.45;-14.42;-14.30;-14.20;-14.16;-14.14;-14.14;-14.08;-14.10;-14.29;-14.63;-14.53;-13.29;-10.41;-6.81;-3.27;-1.69;-0.65;-0.34;
Mid;0.00;-0.60;-0.29;0.01;-0.28;-1.07;-1.89;-3.16;-4.24;-5.40;-6.22;-6.99;-7.50;-7.76;-7.91;-8.11;-8.61;-9.28;-10.11;-11.10;-12.17;-13.23;-14.41;-15.01;-14.61;-12.69;-10.22;-8.06;-7.40;-7.50;-8.09;-8.61;-9.17;-9.57;-9.70;-9.72;-9.75;-9.92;-10.12;-10.37;-10.21;-10.02;-9.63;-9.52;-9.27;-9.06;-8.88;-8.72;-8.58;-8.38;-8.30;-8.42;-8.78;-8.77;-7.71;-5.53;-2.75;-0.28;0.28;0.18;-0.34;
Apical;0.00;-0.90;-1.28;-1.82;-2.23;-3.09;-3.91;-5.14;-6.21;-7.37;-8.29;-9.17;-9.97;-11.03;-12.12;-13.16;-14.15;-15.10;-15.94;-16.90;-17.47;-17.55;-17.38;-16.52;-14.90;-12.09;-9.15;-6.70;-6.39;-6.89;-7.99;-8.40;-8.88;-9.17;-9.36;-9.45;-9.61;-9.99;-10.39;-10.85;-10.67;-10.47;-9.97;-10.00;-9.85;-9.73;-9.64;-9.57;-9.53;-9.38;-9.39;-9.66;-10.12;-10.30;-9.44;-7.61;-5.07;-2.64;-1.62;-0.99;-0.76;

----------------------------------------------------------


