PatientInformation
==========================================================
PatientID;No patientID
Name;,,
Date of Birth;
Sex;
Version;AutoStrainCap2 2.1.0.491925

Results
==========================================================
Global
----------------------------------------------------------
LaSr_ED;32.44;%
LaScd_ED;-27.49;%
LaSct_ED;-4.95;%
LaSr_AC;30.79;%
LaScd_AC;-26.09;%
LaSct_AC;-4.70;%
ED;0.00;ms
ES;408.58;ms
PreA;704.79;ms

Curves
==========================================================
Longitudinal Strain
Unit [%]
Time [ms];0.00;20.43;40.86;61.29;81.72;102.14;122.57;143.00;163.43;183.86;204.29;224.72;245.15;265.57;286.00;306.43;326.86;347.29;367.72;388.15;408.58;429.00;449.43;469.86;490.29;510.72;531.15;551.58;572.01;592.44;612.86;633.29;653.72;674.15;694.58;715.01;735.44;755.87;776.29;796.72;817.15;837.58;858.01;878.44;898.87;919.30;939.72;960.15;980.58;
LAS_ED;0.00;1.52;4.29;5.48;6.74;8.72;10.50;10.72;10.85;13.02;15.94;18.29;20.19;21.08;22.30;24.55;26.64;26.97;27.51;30.55;32.44;30.02;24.76;18.44;13.03;10.25;8.60;7.23;6.04;4.58;3.86;3.91;4.52;4.38;4.56;5.38;5.67;4.44;3.18;2.88;3.55;4.75;5.23;3.46;0.66;-1.61;-2.36;0.04;1.89;
LAS_AC;-5.11;-3.66;-1.04;0.09;1.29;3.17;4.86;5.06;5.19;7.25;10.02;12.25;14.05;14.89;16.06;18.19;20.17;20.49;21.00;23.88;25.68;23.38;18.39;12.39;7.25;4.62;3.05;1.76;0.62;-0.76;-1.45;-1.40;-0.82;-0.95;-0.78;0.00;0.27;-0.90;-2.09;-2.38;-1.74;-0.60;-0.15;-1.82;-4.48;-6.63;-7.35;-5.07;-3.31;

----------------------------------------------------------


