PatientInformation
==========================================================
PatientID;No patientID
Name;,,
Date of Birth;
Sex;
Version;AutoStrainCap2 2.1.0.491925

Results
==========================================================
Global
----------------------------------------------------------
LaSr_ED;22.95;%
LaScd_ED;-14.84;%
LaSct_ED;-8.11;%
LaSr_AC;21.23;%
LaScd_AC;-13.72;%
LaSct_AC;-7.50;%
ED;0.00;ms
ES;408.58;ms
PreA;612.86;ms

Curves
==========================================================
Longitudinal Strain
Unit [%]
Time [ms];0.00;20.43;40.86;61.29;81.72;102.14;122.57;143.00;163.43;183.86;204.29;224.72;245.15;265.57;286.00;306.43;326.86;347.29;367.72;388.15;408.58;429.00;449.43;469.86;490.29;510.72;531.15;551.58;572.01;592.44;612.86;633.29;653.72;674.15;694.58;715.01;735.44;755.87;776.29;796.72;
LAS_ED;0.00;2.27;-1.46;-1.80;-0.16;3.04;6.49;9.10;11.30;13.40;15.51;17.38;19.05;20.23;21.21;21.79;21.98;21.26;20.87;22.10;22.95;22.03;19.60;15.91;12.68;10.65;9.59;8.73;8.26;8.01;8.11;8.59;8.90;8.58;7.61;5.26;2.17;-1.31;-3.38;-2.49;
LAS_AC;-7.50;-5.40;-8.85;-9.17;-7.65;-4.69;-1.50;0.92;2.95;4.90;6.84;8.57;10.11;11.21;12.12;12.65;12.83;12.17;11.80;12.94;13.72;12.88;10.63;7.21;4.23;2.34;1.37;0.57;0.14;-0.09;0.00;0.44;0.73;0.44;-0.46;-2.64;-5.49;-8.71;-10.63;-9.81;

----------------------------------------------------------


