PatientInformation
==========================================================
PatientID;No patientID
Name;,,
Date of Birth;
Sex;
Version;AutoStrainCap2 2.1.0.491925

Results
==========================================================
Global
----------------------------------------------------------
RVFWSL;-22.26;%
RV4CSL;-18.30;%
ED;0.00;ms
ES;321.24;ms

Curves
==========================================================
Longitudinal Strain
Unit [%]
Time [ms];0.00;10.85;21.71;32.56;43.41;54.26;65.12;75.97;86.82;97.68;108.53;119.38;130.23;141.09;151.94;162.79;173.64;184.50;195.35;206.20;217.06;227.91;238.76;249.61;260.47;271.32;282.17;293.03;303.88;314.73;325.58;336.44;347.29;358.14;369.00;379.85;390.70;401.55;412.41;423.26;434.11;444.97;455.82;466.67;477.52;488.38;499.23;510.08;520.93;531.79;542.64;553.49;564.35;575.20;586.05;596.90;607.76;618.61;629.46;640.32;651.17;662.02;672.87;683.73;694.58;705.43;716.29;727.14;737.99;748.84;759.70;770.55;781.40;792.25;803.11;813.96;824.81;
Basal;0.00;-1.32;-3.03;-4.37;-5.19;-5.53;-5.85;-6.53;-7.52;-8.91;-10.58;-12.40;-14.13;-15.57;-16.80;-17.84;-18.82;-19.62;-20.36;-21.01;-21.62;-22.07;-22.45;-22.69;-22.96;-23.21;-23.52;-23.78;-24.05;-24.24;-24.41;-24.45;-24.50;-24.51;-24.61;-24.63;-24.56;-24.35;-23.94;-23.32;-22.37;-21.38;-20.44;-19.95;-19.61;-19.47;-19.27;-19.14;-18.84;-18.38;-17.76;-17.19;-16.67;-16.24;-15.87;-15.60;-15.38;-15.14;-14.93;-14.68;-14.43;-14.08;-13.69;-13.11;-12.40;-11.50;-10.61;-9.68;-8.57;-7.01;-5.00;-2.85;-1.12;-0.02;0.48;0.64;0.41;
Mid;0.00;-0.79;-1.82;-2.60;-3.29;-3.71;-4.16;-4.97;-6.04;-7.41;-9.00;-10.63;-12.08;-13.03;-13.77;-14.44;-15.34;-16.21;-17.04;-17.67;-18.24;-18.65;-19.06;-19.35;-19.63;-19.85;-20.07;-20.16;-20.10;-19.89;-19.61;-19.16;-18.71;-18.24;-17.88;-17.54;-17.31;-17.31;-17.37;-17.39;-17.36;-17.34;-17.34;-17.50;-17.67;-17.81;-17.59;-17.25;-16.78;-16.31;-15.77;-15.24;-14.74;-14.28;-13.82;-13.33;-12.84;-12.35;-11.92;-11.49;-11.10;-10.71;-10.34;-9.90;-9.49;-8.98;-8.39;-7.59;-6.57;-5.17;-3.50;-1.74;-0.37;0.48;0.77;0.74;0.42;
Apical;0.00;-0.52;-1.16;-1.52;-1.72;-1.78;-1.99;-2.71;-3.74;-5.05;-6.38;-7.72;-8.97;-10.03;-10.99;-11.92;-12.97;-13.99;-14.96;-15.84;-16.63;-17.27;-17.92;-18.46;-18.99;-19.51;-20.01;-20.41;-20.68;-20.82;-20.89;-20.77;-20.61;-20.42;-20.22;-19.96;-19.66;-19.50;-19.24;-18.81;-18.24;-17.57;-16.89;-16.44;-15.95;-15.41;-14.39;-13.34;-12.29;-11.46;-10.73;-10.15;-9.69;-9.34;-9.07;-8.87;-8.74;-8.63;-8.56;-8.50;-8.47;-8.45;-8.45;-8.35;-8.19;-7.87;-7.44;-6.89;-6.13;-5.02;-3.53;-1.96;-0.68;0.17;0.59;0.72;0.42;

----------------------------------------------------------


