PatientInformation
==========================================================
PatientID;No patientID
Name;,,
Date of Birth;
Sex;
Version;AutoStrainCap2 2.1.0.491925

Results
==========================================================
Global
----------------------------------------------------------
LaSr_ED;4.68;%
LaScd_ED;-13.31;%
LaSct_ED;8.63;%
LaSr_AC;5.13;%
LaScd_AC;-14.58;%
LaSct_AC;9.45;%
ED;0.00;ms
ES;224.18;ms
PreA;1009.87;ms

Curves
==========================================================
Longitudinal Strain
Unit [%]
Time [ms];0.00;21.35;42.70;64.05;85.40;106.75;128.10;149.45;170.80;192.15;213.50;234.85;256.20;277.56;298.91;320.26;341.61;362.96;384.31;405.66;427.01;448.36;469.71;491.06;512.41;533.76;555.11;576.46;597.81;619.16;640.51;661.86;683.21;704.56;725.91;747.26;768.61;789.96;811.32;832.67;854.02;875.37;896.72;918.07;939.42;960.77;982.12;1003.47;1024.82;1046.17;1067.52;1088.87;1110.22;1131.57;1152.92;1174.27;1195.62;1216.97;1238.32;1259.67;1281.02;1302.37;1323.73;1345.08;1366.43;1387.78;1409.13;1430.48;1451.83;1473.18;1494.53;1515.88;1537.23;1558.58;1579.93;1601.28;1622.63;1643.98;1665.33;1686.68;1708.03;1729.38;1750.73;1772.08;
LAS_ED;0.00;0.49;0.22;0.24;1.74;2.80;3.41;3.87;4.21;4.35;4.64;4.62;4.15;3.43;2.59;1.90;1.73;1.65;1.68;1.27;-0.15;-2.89;-6.39;-9.79;-12.06;-13.06;-12.65;-11.80;-10.85;-10.44;-10.40;-10.61;-10.81;-11.09;-11.21;-11.19;-11.10;-10.77;-10.46;-10.06;-9.80;-9.60;-9.52;-9.46;-9.34;-9.19;-8.95;-8.70;-8.46;-8.28;-8.11;-7.89;-7.57;-7.05;-6.47;-5.93;-5.51;-5.53;-5.63;-5.88;-5.90;-5.98;-5.78;-5.62;-5.42;-5.39;-5.35;-5.34;-5.18;-4.86;-4.44;-4.04;-3.74;-3.68;-3.72;-3.64;-3.49;-2.83;-2.16;-1.56;-1.27;-1.62;-1.94;-1.55;
LAS_AC;9.53;10.07;9.77;9.79;11.43;12.60;13.27;13.77;14.14;14.29;14.61;14.59;14.08;13.29;12.37;11.61;11.42;11.34;11.37;10.92;9.37;6.36;2.53;-1.19;-3.67;-4.78;-4.33;-3.40;-2.36;-1.90;-1.86;-2.09;-2.31;-2.62;-2.75;-2.72;-2.63;-2.26;-1.92;-1.49;-1.21;-0.98;-0.90;-0.83;-0.70;-0.54;-0.27;0.00;0.26;0.46;0.65;0.88;1.24;1.81;2.45;3.04;3.49;3.48;3.36;3.09;3.07;2.98;3.20;3.38;3.60;3.63;3.67;3.69;3.86;4.21;4.67;5.10;5.43;5.50;5.46;5.54;5.71;6.43;7.16;7.82;8.15;7.76;7.40;7.84;

----------------------------------------------------------


