PatientInformation
==========================================================
PatientID;No patientID
Name;,,
Date of Birth;
Sex;
Version;AutoStrainCap2 2.1.0.491925

Results
==========================================================
Global
----------------------------------------------------------
RVFWSL;-25.91;%
RV4CSL;-22.72;%
ED;0.00;ms
ES;356.23;ms

Curves
==========================================================
Longitudinal Strain
Unit [%]
Time [ms];0.00;12.77;25.54;38.30;51.07;63.84;76.61;89.38;102.14;114.91;127.68;140.45;153.22;165.98;178.75;191.52;204.29;217.06;229.82;242.59;255.36;268.13;280.90;293.66;306.43;319.20;331.97;344.74;357.50;370.27;383.04;395.81;408.58;421.34;434.11;446.88;459.65;472.42;485.18;497.95;510.72;523.49;536.26;549.02;561.79;574.56;587.33;600.10;612.86;625.63;638.40;651.17;663.94;676.70;689.47;702.24;715.01;727.78;
Basal;0.00;-0.07;-0.69;-2.17;-3.66;-4.62;-5.31;-6.03;-7.03;-8.49;-10.18;-12.27;-14.16;-15.38;-16.50;-17.81;-19.21;-20.50;-21.66;-22.59;-23.55;-24.91;-26.34;-27.54;-28.47;-28.92;-29.20;-29.47;-29.63;-29.46;-29.18;-28.98;-28.53;-27.69;-26.30;-24.56;-22.27;-19.81;-17.03;-13.49;-9.84;-6.94;-4.66;-2.92;-1.82;-1.74;-1.83;-1.56;-1.10;-0.55;0.06;0.82;1.39;1.47;1.30;0.97;0.59;0.16;
Mid;0.00;0.27;-0.58;-2.10;-3.55;-4.28;-4.82;-5.69;-6.90;-8.50;-10.19;-11.98;-13.52;-14.62;-15.67;-16.82;-18.05;-19.20;-20.14;-20.60;-21.02;-21.83;-22.80;-23.71;-24.48;-24.94;-25.28;-25.61;-25.85;-25.75;-25.62;-25.71;-25.69;-25.36;-24.51;-23.32;-21.52;-19.37;-16.88;-13.90;-10.92;-8.62;-6.82;-5.32;-4.33;-4.00;-3.77;-3.19;-2.41;-1.61;-0.83;-0.13;0.39;0.56;0.56;0.43;0.22;-0.09;
Apical;0.00;0.10;-0.78;-1.96;-3.01;-3.41;-3.68;-4.40;-5.44;-6.90;-8.40;-10.10;-11.53;-12.49;-13.42;-14.41;-15.42;-16.23;-16.86;-17.27;-17.65;-18.35;-19.14;-19.82;-20.40;-20.67;-20.85;-21.02;-21.15;-21.04;-20.91;-20.96;-20.94;-20.90;-20.56;-20.02;-19.01;-17.71;-16.06;-13.95;-11.71;-9.74;-7.97;-6.18;-4.69;-3.82;-3.10;-2.26;-1.41;-0.75;-0.21;0.26;0.56;0.58;0.48;0.32;0.14;-0.08;

----------------------------------------------------------


