PatientInformation
==========================================================
PatientID;No patientID
Name;,,
Date of Birth;
Sex;
Version;AutoStrainCap2 2.1.0.491925

Results
==========================================================
Global
----------------------------------------------------------
LaSr_ED;28.65;%
LaScd_ED;-15.51;%
LaSct_ED;-13.14;%
LaSr_AC;25.32;%
LaScd_AC;-13.71;%
LaSct_AC;-11.61;%
ED;0.00;ms
ES;352.51;ms
PreA;749.09;ms

Curves
==========================================================
Longitudinal Strain
Unit [%]
Time [ms];0.00;11.02;22.03;33.05;44.06;55.08;66.10;77.11;88.13;99.14;110.16;121.18;132.19;143.21;154.22;165.24;176.26;187.27;198.29;209.30;220.32;231.34;242.35;253.37;264.38;275.40;286.42;297.43;308.45;319.46;330.48;341.50;352.51;363.53;374.54;385.56;396.58;407.59;418.61;429.62;440.64;451.66;462.67;473.69;484.70;495.72;506.74;517.75;528.77;539.78;550.80;561.82;572.83;583.85;594.86;605.88;616.90;627.91;638.93;649.94;660.96;671.98;682.99;694.01;705.02;716.04;727.06;738.07;749.09;760.10;771.12;782.14;793.15;804.17;815.18;826.20;837.22;848.23;859.25;870.26;881.28;892.30;903.31;914.33;925.34;936.36;947.38;958.39;969.41;980.42;991.44;1002.46;1013.47;1024.49;1035.50;1046.52;1057.54;1068.55;1079.57;1090.58;1101.60;1112.62;1123.63;1134.65;
LAS_ED;0.00;0.02;-0.30;-0.04;0.44;1.74;3.28;5.39;7.57;9.86;11.91;13.85;15.50;17.07;18.48;19.90;21.24;22.59;23.81;24.94;25.86;26.60;27.13;27.49;27.70;27.79;27.71;27.54;27.95;28.24;28.44;28.58;28.65;28.60;28.51;28.36;28.10;27.81;27.48;27.11;26.59;26.03;25.24;24.30;23.11;21.78;20.03;18.26;16.51;14.94;13.74;12.72;12.11;11.74;11.57;11.54;11.48;11.50;11.53;11.65;11.73;11.97;12.14;12.38;12.56;12.77;12.89;13.02;13.14;13.25;13.41;13.55;13.74;13.92;14.12;14.30;14.48;14.65;14.83;14.99;15.20;15.36;15.54;15.76;15.91;16.22;16.26;16.39;16.13;15.71;14.66;13.32;11.44;9.63;7.65;6.02;4.26;2.80;1.63;0.49;-0.00;-0.90;-0.80;-0.77;
LAS_AC;-11.61;-11.59;-11.88;-11.65;-11.22;-10.08;-8.71;-6.85;-4.92;-2.90;-1.09;0.63;2.09;3.47;4.72;5.98;7.16;8.36;9.43;10.43;11.25;11.90;12.36;12.69;12.87;12.95;12.88;12.73;13.09;13.35;13.52;13.65;13.71;13.66;13.59;13.45;13.22;12.97;12.68;12.35;11.89;11.39;10.70;9.87;8.81;7.64;6.09;4.52;2.98;1.59;0.54;-0.37;-0.91;-1.24;-1.38;-1.41;-1.46;-1.44;-1.42;-1.31;-1.24;-1.03;-0.89;-0.67;-0.51;-0.32;-0.22;-0.10;0.00;0.10;0.24;0.36;0.53;0.69;0.87;1.03;1.19;1.34;1.49;1.64;1.82;1.96;2.12;2.32;2.45;2.72;2.76;2.87;2.64;2.28;1.34;0.16;-1.50;-3.10;-4.85;-6.29;-7.85;-9.14;-10.17;-11.18;-11.61;-12.41;-12.32;-12.29;

----------------------------------------------------------


