PatientInformation
==========================================================
PatientID;No patientID
Name;,,
Date of Birth;
Sex;
Version;AutoStrainCap2 2.1.0.491925

Results
==========================================================
Global
----------------------------------------------------------
RVFWSL;-32.47;%
RV4CSL;-25.64;%
ED;0.00;ms
ES;378.06;ms

Curves
==========================================================
Longitudinal Strain
Unit [%]
Time [ms];0.00;11.49;22.98;34.47;45.96;57.46;68.95;80.44;91.93;103.42;114.91;126.40;137.89;149.39;160.88;172.37;183.86;195.35;206.84;218.33;229.82;241.32;252.81;264.30;275.79;287.28;298.77;310.26;321.75;333.24;344.74;356.23;367.72;379.21;390.70;402.19;413.68;425.17;436.67;448.16;459.65;471.14;482.63;494.12;505.61;517.10;528.59;540.09;551.58;563.07;574.56;586.05;597.54;609.03;620.52;632.02;643.51;655.00;666.49;677.98;689.47;700.96;712.45;723.95;735.44;746.93;758.42;769.91;781.40;792.89;804.38;815.87;827.37;838.86;850.35;861.84;873.33;884.82;896.31;907.80;919.30;930.79;942.28;953.77;965.26;976.75;988.24;999.73;1011.22;1022.72;1034.21;1045.70;1057.19;1068.68;1080.17;1091.66;1103.15;1114.65;1126.14;1137.63;1149.12;1160.61;1172.10;1183.59;
Basal;0.00;-0.82;-2.05;-3.45;-5.02;-6.53;-8.03;-9.42;-10.83;-12.29;-13.85;-15.78;-17.83;-19.96;-22.19;-24.43;-26.75;-28.97;-31.19;-33.28;-35.36;-36.93;-38.65;-40.61;-42.93;-45.05;-46.56;-47.73;-48.67;-49.43;-50.09;-50.89;-51.32;-51.26;-50.19;-48.06;-43.61;-38.05;-33.22;-28.71;-23.97;-19.63;-15.82;-12.40;-9.42;-6.82;-4.85;-3.29;-2.07;-1.15;-0.38;0.13;0.56;0.84;0.97;0.98;0.72;0.36;-0.09;-0.60;-1.15;-1.63;-2.11;-2.57;-2.99;-3.37;-3.72;-4.03;-4.29;-4.53;-4.75;-4.97;-5.18;-5.38;-5.58;-5.78;-5.97;-6.16;-6.35;-6.56;-6.79;-7.05;-7.33;-7.59;-7.82;-8.01;-8.09;-8.03;-7.78;-7.28;-6.45;-5.16;-3.61;-1.97;-0.45;0.74;1.18;1.20;0.95;0.54;0.19;0.15;0.24;0.21;
Mid;0.00;-0.96;-2.14;-3.45;-4.83;-6.11;-7.14;-8.03;-8.92;-9.86;-10.91;-12.35;-13.86;-15.42;-16.91;-18.22;-19.47;-20.45;-21.17;-21.75;-22.21;-22.72;-22.93;-22.67;-21.89;-21.07;-20.48;-20.00;-19.58;-19.20;-18.89;-18.80;-18.83;-18.88;-19.22;-19.72;-21.13;-22.42;-22.18;-20.72;-18.97;-16.70;-14.19;-11.67;-9.32;-7.27;-5.90;-4.90;-4.25;-3.81;-3.47;-3.18;-2.90;-2.69;-2.59;-2.55;-2.70;-2.90;-3.18;-3.50;-3.87;-4.18;-4.49;-4.79;-5.06;-5.28;-5.44;-5.55;-5.62;-5.66;-5.69;-5.70;-5.71;-5.71;-5.71;-5.72;-5.75;-5.79;-5.83;-5.89;-5.95;-6.01;-6.07;-6.14;-6.20;-6.27;-6.32;-6.31;-6.14;-5.77;-5.16;-4.32;-3.32;-2.24;-1.25;-0.39;0.20;0.59;0.76;0.79;0.75;0.61;0.48;0.30;
Apical;0.00;-0.88;-1.89;-2.99;-4.18;-5.32;-6.51;-7.61;-8.72;-9.84;-11.05;-12.64;-14.30;-15.95;-17.51;-18.82;-19.97;-20.82;-21.49;-22.06;-22.57;-23.24;-23.73;-23.92;-23.76;-23.58;-23.61;-23.71;-23.85;-23.98;-24.10;-23.98;-23.88;-23.76;-23.83;-24.08;-24.63;-25.20;-24.61;-23.19;-21.46;-20.07;-18.34;-16.55;-14.76;-13.13;-11.84;-10.84;-10.12;-9.63;-9.27;-8.87;-8.54;-8.29;-8.12;-7.99;-8.00;-8.04;-8.11;-8.21;-8.34;-8.44;-8.55;-8.66;-8.76;-8.83;-8.89;-8.92;-8.91;-8.88;-8.82;-8.78;-8.73;-8.67;-8.62;-8.58;-8.54;-8.50;-8.47;-8.45;-8.41;-8.37;-8.34;-8.31;-8.29;-8.28;-8.21;-8.07;-7.81;-7.39;-6.76;-5.94;-4.96;-3.91;-2.89;-2.00;-1.47;-1.15;-1.00;-0.97;-0.97;-0.65;-0.33;-0.11;

----------------------------------------------------------


