PatientInformation
==========================================================
PatientID;No patientID
Name;,,
Date of Birth;
Sex;
Version;AutoStrainCap2 2.1.0.491925

Results
==========================================================
Global
----------------------------------------------------------
LaSr_ED;33.49;%
LaScd_ED;-24.79;%
LaSct_ED;-8.70;%
LaSr_AC;30.94;%
LaScd_AC;-22.90;%
LaSct_AC;-8.04;%
ED;0.00;ms
ES;316.02;ms
PreA;616.43;ms

Curves
==========================================================
Longitudinal Strain
Unit [%]
Time [ms];0.00;19.51;39.01;58.52;78.03;97.54;117.04;136.55;156.06;175.56;195.07;214.58;234.09;253.59;273.10;292.61;312.12;331.62;351.13;370.64;390.14;409.65;429.16;448.67;468.17;487.68;507.19;526.69;546.20;565.71;585.22;604.72;624.23;643.74;663.25;682.75;702.26;721.77;741.27;760.78;780.29;799.80;819.30;838.81;858.32;877.82;897.33;
LAS_ED;0.00;2.08;1.83;2.38;4.36;7.47;11.31;15.23;18.66;21.28;23.37;25.33;27.24;29.14;31.02;32.55;33.47;33.16;32.54;32.30;32.26;32.17;31.84;31.03;28.91;24.93;20.37;17.38;15.11;13.11;11.37;9.56;8.24;7.49;7.48;7.21;7.30;7.44;7.50;7.36;6.76;5.03;3.17;-0.30;-3.80;-7.01;-6.84;
LAS_AC;-7.61;-5.69;-5.92;-5.41;-3.59;-0.71;2.84;6.46;9.62;12.05;13.97;15.79;17.55;19.30;21.05;22.46;23.31;23.02;22.44;22.22;22.19;22.11;21.80;21.05;19.10;15.42;11.20;8.44;6.35;4.50;2.89;1.22;0.00;-0.70;-0.71;-0.96;-0.87;-0.74;-0.68;-0.81;-1.37;-2.97;-4.68;-7.89;-11.13;-14.09;-13.93;

----------------------------------------------------------


