PatientInformation
==========================================================
PatientID;No patientID
Name;,,
Date of Birth;
Sex;
Version;AutoStrainCap2 2.1.0.491925

Results
==========================================================
Global
----------------------------------------------------------
RVFWSL;-22.58;%
RV4CSL;-20.13;%
ED;0.00;ms
ES;330.26;ms

Curves
==========================================================
Longitudinal Strain
Unit [%]
Time [ms];0.00;16.68;33.36;50.04;66.72;83.40;100.08;116.76;133.44;150.12;166.80;183.48;200.16;216.84;233.52;250.20;266.88;283.56;300.24;316.92;333.60;350.28;366.96;383.64;400.32;417.00;433.68;450.36;467.04;483.72;500.40;517.08;533.76;550.44;567.12;583.80;600.48;617.16;633.84;650.52;667.20;683.88;700.56;717.24;733.92;750.60;767.28;783.96;800.64;817.32;834.00;850.68;867.36;884.04;900.72;917.40;934.08;950.76;967.44;
Basal;0.00;-2.21;-5.09;-7.98;-10.43;-12.53;-14.41;-16.17;-17.81;-19.40;-21.20;-22.74;-23.84;-24.20;-24.25;-24.31;-24.73;-25.36;-26.05;-26.63;-26.87;-26.60;-25.65;-24.41;-23.22;-22.66;-22.04;-20.81;-18.21;-15.15;-12.53;-11.56;-11.31;-11.18;-10.54;-9.64;-8.67;-7.77;-7.04;-6.58;-6.33;-6.31;-6.46;-6.82;-7.28;-7.76;-8.11;-8.35;-8.41;-8.29;-7.67;-6.37;-4.19;-1.61;0.61;1.40;1.27;0.78;0.45;
Mid;0.00;-1.29;-2.71;-4.00;-5.38;-6.64;-7.95;-9.73;-11.53;-13.16;-14.36;-15.16;-15.55;-15.61;-15.47;-15.39;-15.56;-15.95;-16.40;-16.80;-16.85;-16.23;-14.68;-12.87;-11.36;-10.99;-10.94;-10.56;-9.31;-7.65;-6.16;-5.54;-5.41;-5.48;-5.43;-5.30;-5.11;-4.90;-4.75;-4.69;-4.67;-4.71;-4.76;-4.73;-4.74;-4.88;-5.25;-5.63;-5.80;-5.50;-4.74;-3.56;-2.21;-0.65;0.83;2.05;2.66;2.68;1.53;
Apical;0.00;-1.89;-4.17;-6.32;-8.17;-9.85;-11.43;-13.19;-14.89;-16.53;-18.34;-19.88;-21.02;-21.63;-21.96;-22.28;-22.79;-23.44;-24.05;-24.44;-24.41;-23.30;-21.61;-19.76;-18.16;-17.66;-17.41;-16.81;-15.09;-13.01;-11.21;-10.71;-10.70;-10.79;-10.54;-10.18;-9.86;-9.45;-9.17;-8.98;-8.63;-8.29;-7.95;-7.77;-7.63;-7.60;-7.64;-7.71;-7.66;-7.33;-6.62;-5.42;-4.14;-2.55;-1.08;0.15;0.77;0.94;0.61;

----------------------------------------------------------


