PatientInformation
==========================================================
PatientID;No patientID
Name;,,
Date of Birth;
Sex;
Version;AutoStrainCap2 2.1.0.491925

Results
==========================================================
Global
----------------------------------------------------------
LaSr_ED;10.88;%
LaScd_ED;-18.64;%
LaSct_ED;7.76;%
LaSr_AC;11.80;%
LaScd_AC;-20.22;%
LaSct_AC;8.42;%
ED;0.00;ms
ES;275.96;ms
PreA;492.02;ms

Curves
==========================================================
Longitudinal Strain
Unit [%]
Time [ms];0.00;9.82;19.64;29.46;39.28;49.10;58.92;68.75;78.57;88.39;98.21;108.03;117.85;127.67;137.49;147.31;157.13;166.95;176.77;186.60;196.42;206.24;216.06;225.88;235.70;245.52;255.34;265.16;274.98;284.80;294.62;304.44;314.27;324.09;333.91;343.73;353.55;363.37;373.19;383.01;392.83;402.65;412.47;422.29;432.11;441.94;451.76;461.58;471.40;481.22;491.04;500.86;510.68;520.50;530.32;540.14;549.96;559.79;569.61;579.43;589.25;599.07;608.89;618.71;628.53;638.35;648.17;657.99;667.81;677.63;687.46;697.28;
LAS_ED;0.00;3.51;4.30;3.74;3.58;3.99;4.52;5.35;6.09;6.83;7.22;7.52;7.75;7.93;8.26;8.69;9.46;10.15;10.59;10.39;9.87;9.31;8.77;8.55;8.65;9.19;9.87;10.45;10.87;10.60;9.49;6.81;3.77;1.17;-0.22;-0.94;-1.99;-3.77;-5.99;-7.64;-8.79;-9.17;-9.10;-8.87;-8.52;-8.25;-8.36;-8.51;-8.60;-8.23;-7.82;-7.30;-7.53;-7.73;-7.78;-7.77;-7.57;-7.71;-8.15;-8.86;-9.24;-9.36;-8.94;-8.20;-6.98;-5.84;-4.77;-4.56;-4.45;-4.60;-4.72;-3.65;
LAS_AC;8.48;12.29;13.14;12.54;12.36;12.81;13.39;14.28;15.08;15.89;16.31;16.64;16.88;17.08;17.44;17.90;18.74;19.49;19.96;19.75;19.18;18.58;18.00;17.76;17.86;18.44;19.19;19.81;20.27;19.97;18.77;15.87;12.56;9.75;8.24;7.46;6.32;4.39;1.98;0.19;-1.06;-1.47;-1.39;-1.14;-0.77;-0.47;-0.59;-0.75;-0.85;-0.45;0.00;0.56;0.31;0.10;0.04;0.05;0.27;0.12;-0.36;-1.13;-1.54;-1.67;-1.22;-0.41;0.91;2.14;3.30;3.53;3.66;3.49;3.36;4.52;

----------------------------------------------------------


