PatientInformation
==========================================================
PatientID;No patientID
Name;,,
Date of Birth;
Sex;
Version;AutoStrainCap2 2.1.0.491925

Results
==========================================================
Global
----------------------------------------------------------
RVFWSL;-20.09;%
RV4CSL;-15.05;%
ED;0.00;ms
ES;308.62;ms

Curves
==========================================================
Longitudinal Strain
Unit [%]
Time [ms];0.00;9.32;18.65;27.97;37.30;46.62;55.94;65.27;74.59;83.92;93.24;102.56;111.89;121.21;130.54;139.86;149.18;158.51;167.83;177.16;186.48;195.80;205.13;214.45;223.78;233.10;242.42;251.75;261.07;270.40;279.72;289.04;298.37;307.69;317.02;326.34;335.66;344.99;354.31;363.64;372.96;382.28;391.61;400.93;410.26;419.58;428.90;438.23;447.55;456.88;466.20;
Basal;0.00;1.07;2.76;3.70;3.78;3.54;2.30;-0.21;-2.22;-2.16;-0.79;0.12;1.07;2.01;2.42;1.70;0.60;-0.59;-1.54;-2.13;-2.68;-3.44;-4.23;-5.01;-5.78;-6.52;-7.13;-7.57;-7.95;-8.17;-8.55;-8.94;-9.48;-10.35;-10.76;-11.19;-10.93;-10.28;-9.45;-8.54;-7.53;-6.58;-5.41;-4.40;-3.18;-1.60;-0.44;-0.35;-0.35;0.84;1.45;
Mid;0.00;1.26;3.29;3.44;2.47;1.44;-0.35;-3.38;-6.06;-7.10;-6.90;-6.29;-5.79;-6.61;-8.22;-9.80;-11.45;-13.10;-14.49;-15.48;-16.33;-17.34;-18.24;-19.15;-20.01;-20.99;-21.95;-22.46;-22.76;-23.17;-23.45;-23.67;-23.70;-23.40;-22.83;-21.93;-20.89;-20.23;-19.35;-18.24;-16.87;-14.67;-12.34;-10.04;-7.77;-5.39;-3.46;-2.24;-0.97;0.91;1.75;
Apical;0.00;1.15;3.11;3.46;2.36;1.00;-0.95;-2.94;-4.41;-5.09;-4.88;-4.77;-4.79;-5.44;-6.62;-8.16;-9.91;-12.16;-14.24;-15.55;-16.66;-18.14;-19.52;-20.75;-21.94;-23.23;-24.49;-25.42;-26.12;-26.68;-27.16;-27.64;-27.84;-27.48;-26.70;-25.87;-24.69;-23.11;-21.18;-19.04;-16.74;-14.53;-12.09;-9.68;-7.28;-5.15;-3.55;-2.50;-1.33;0.77;1.70;

----------------------------------------------------------


