PatientInformation
==========================================================
PatientID;No patientID
Name;,,
Date of Birth;
Sex;
Version;AutoStrainCap2 2.1.0.491925

Results
==========================================================
Global
----------------------------------------------------------
LaSr_ED;49.83;%
LaScd_ED;-31.91;%
LaSct_ED;-17.92;%
LaSr_AC;42.23;%
LaScd_AC;-27.05;%
LaSct_AC;-15.18;%
ED;0.00;ms
ES;310.16;ms
PreA;594.97;ms

Curves
==========================================================
Longitudinal Strain
Unit [%]
Time [ms];0.00;19.51;39.01;58.52;78.03;97.54;117.04;136.55;156.06;175.56;195.07;214.58;234.09;253.59;273.10;292.61;312.12;331.62;351.13;370.64;390.14;409.65;429.16;448.67;468.17;487.68;507.19;526.69;546.20;565.71;585.22;604.72;624.23;643.74;663.24;682.75;702.26;721.77;741.27;760.78;780.29;799.80;819.30;838.81;858.32;
LAS_ED;0.00;2.77;6.66;11.43;17.07;21.28;23.84;25.18;26.85;30.36;34.55;37.85;40.83;44.04;47.02;49.04;49.82;48.81;47.23;46.25;46.46;48.48;47.99;39.64;29.28;21.69;17.10;16.28;16.86;17.36;17.83;17.99;18.35;18.79;19.03;19.06;18.82;18.88;18.74;16.30;12.27;5.13;-1.84;-4.67;-4.65;
LAS_AC;-15.24;-12.90;-9.60;-5.55;-0.78;2.79;4.96;6.10;7.52;10.49;14.04;16.84;19.37;22.08;24.60;26.32;26.98;26.13;24.78;23.96;24.13;25.85;25.43;18.35;9.57;3.14;-0.75;-1.45;-0.95;-0.53;-0.13;0.00;0.31;0.68;0.88;0.91;0.71;0.76;0.64;-1.43;-4.84;-10.89;-16.81;-19.20;-19.19;

----------------------------------------------------------


