PatientInformation
==========================================================
PatientID;No patientID
Name;,,
Date of Birth;
Sex;
Version;AutoStrainCap2 2.1.0.491925

Results
==========================================================
Global
----------------------------------------------------------
RVFWSL;-18.85;%
RV4CSL;-15.90;%
ED;0.00;ms
ES;277.00;ms

Curves
==========================================================
Longitudinal Strain
Unit [%]
Time [ms];0.00;19.51;39.01;58.52;78.03;97.54;117.04;136.55;156.06;175.56;195.07;214.58;234.09;253.59;273.10;292.61;312.12;331.62;351.13;370.64;390.14;409.65;429.16;448.67;468.17;487.68;507.19;526.69;546.20;565.71;585.22;604.72;624.23;643.74;663.24;682.75;702.26;721.77;741.27;760.78;780.29;799.80;819.30;838.81;858.32;
Basal;0.00;-0.47;-0.85;-2.67;-4.95;-7.06;-8.75;-9.90;-11.22;-13.31;-15.27;-16.33;-16.95;-17.65;-17.94;-17.33;-16.27;-14.51;-12.25;-9.77;-7.37;-5.33;-3.64;-2.15;-0.66;0.87;2.17;2.87;2.47;0.46;-1.74;-2.88;-3.50;-3.95;-4.32;-4.62;-4.62;-4.14;-3.41;-2.64;-1.63;-0.32;1.09;2.32;2.29;
Mid;0.00;-0.24;-0.46;-2.39;-4.80;-6.92;-8.59;-9.84;-11.41;-13.85;-16.15;-17.40;-18.10;-18.79;-19.09;-18.63;-17.63;-15.94;-13.76;-11.36;-9.04;-7.01;-5.32;-3.85;-2.39;-0.89;0.34;0.87;0.41;-1.26;-2.97;-3.58;-3.72;-3.90;-4.10;-4.27;-4.21;-3.82;-3.19;-2.43;-1.41;-0.07;1.32;2.42;2.29;
Apical;0.00;-0.55;-1.23;-3.44;-6.01;-8.15;-9.66;-10.67;-11.89;-13.85;-15.77;-16.84;-17.54;-18.42;-18.96;-18.77;-17.74;-15.84;-13.47;-11.11;-8.97;-7.08;-5.53;-4.04;-2.44;-0.76;0.65;1.16;0.71;-0.70;-2.10;-2.56;-2.62;-2.70;-2.86;-3.03;-3.04;-2.78;-2.30;-1.61;-0.73;0.31;1.38;2.23;2.05;

----------------------------------------------------------


