PatientInformation
==========================================================
PatientID;No patientID
Name;,,
Date of Birth;
Sex;
Version;AutoStrainCap2 2.1.0.491925

Results
==========================================================
Global
----------------------------------------------------------
LaSr_ED;5.52;%
LaScd_ED;-7.07;%
LaSct_ED;1.56;%
LaSr_AC;5.59;%
LaScd_AC;-7.16;%
LaSct_AC;1.57;%
ED;0.00;ms
ES;410.62;ms
PreA;563.83;ms

Curves
==========================================================
Longitudinal Strain
Unit [%]
Time [ms];0.00;20.43;40.86;61.29;81.72;102.14;122.57;143.00;163.43;183.86;204.29;224.72;245.15;265.57;286.00;306.43;326.86;347.29;367.72;388.15;408.58;429.00;449.43;469.86;490.29;510.72;531.15;551.58;572.01;592.44;612.86;633.29;653.72;674.15;694.58;
LAS_ED;0.00;-0.09;-0.57;-1.64;-1.52;-1.36;-0.71;-0.03;1.01;1.47;1.85;2.65;3.63;4.28;4.30;4.29;4.14;4.14;4.52;5.07;5.51;5.14;4.07;1.43;0.25;-1.40;-1.45;-1.93;-1.23;-0.80;0.13;-0.04;-0.27;-0.26;-0.44;
LAS_AC;1.24;1.15;0.67;-0.41;-0.29;-0.13;0.53;1.21;2.27;2.73;3.12;3.93;4.91;5.58;5.59;5.58;5.43;5.43;5.82;6.38;6.83;6.45;5.36;2.69;1.49;-0.18;-0.22;-0.71;0.00;0.44;1.38;1.20;0.97;0.98;0.80;

----------------------------------------------------------


