PatientInformation
==========================================================
PatientID;No patientID
Name;,,
Date of Birth;
Sex;
Version;AutoStrainCap2 2.1.0.491925

Results
==========================================================
Global
----------------------------------------------------------
RVFWSL;-15.73;%
RV4CSL;-12.71;%
ED;0.00;ms
ES;420.83;ms

Curves
==========================================================
Longitudinal Strain
Unit [%]
Time [ms];0.00;20.43;40.86;61.29;81.72;102.14;122.57;143.00;163.43;183.86;204.29;224.72;245.15;265.57;286.00;306.43;326.86;347.29;367.72;388.15;408.58;429.00;449.43;469.86;490.29;510.72;531.15;551.58;572.01;592.44;612.86;633.29;653.72;674.15;694.58;
Basal;0.00;-1.21;-2.08;-2.50;-3.56;-5.22;-6.72;-8.50;-9.86;-10.98;-12.09;-13.08;-14.80;-15.76;-16.62;-17.15;-16.89;-16.48;-16.14;-16.11;-15.58;-16.35;-15.48;-13.83;-11.57;-8.81;-5.91;-3.39;-1.20;0.16;0.71;0.67;0.13;0.19;0.05;
Mid;0.00;-1.06;-1.74;-1.99;-2.80;-4.39;-5.86;-7.39;-8.57;-9.48;-10.43;-11.28;-12.86;-13.59;-14.22;-14.59;-14.25;-13.87;-13.47;-13.34;-12.69;-13.33;-12.32;-10.59;-8.40;-5.77;-3.23;-1.17;0.46;1.06;1.10;0.80;0.11;0.11;-0.03;
Apical;0.00;-0.88;-1.83;-2.00;-2.77;-4.15;-5.48;-7.10;-8.27;-9.21;-10.28;-11.19;-12.74;-13.47;-14.00;-14.28;-13.74;-13.06;-12.44;-12.29;-11.88;-12.36;-11.32;-9.69;-7.35;-4.61;-2.29;-0.62;0.63;1.15;1.14;0.77;0.17;0.17;0.04;

----------------------------------------------------------


