PatientInformation
==========================================================
PatientID;No patientID
Name;,,
Date of Birth;
Sex;
Version;AutoStrainCap2 2.1.0.491925

Results
==========================================================
Global
----------------------------------------------------------
RVFWSL;-24.57;%
RV4CSL;-20.19;%
ED;0.00;ms
ES;140.54;ms

Curves
==========================================================
Longitudinal Strain
Unit [%]
Time [ms];0.00;23.04;46.08;69.12;92.16;115.20;138.24;161.28;184.32;207.36;230.40;253.44;276.48;299.52;322.56;345.60;368.64;391.68;414.72;437.76;460.80;483.84;
Basal;0.00;-5.36;-13.22;-17.37;-17.43;-20.82;-21.85;-21.72;-21.41;-21.10;-21.53;-21.70;-21.44;-21.37;-19.63;-15.50;-11.22;-7.05;-4.80;-3.63;-2.66;-1.63;
Mid;0.00;-5.73;-14.23;-18.78;-18.06;-20.02;-20.65;-20.41;-19.85;-19.41;-19.44;-19.36;-18.77;-18.80;-17.66;-14.60;-10.61;-6.31;-3.83;-2.72;-2.30;-1.63;
Apical;0.00;-8.49;-19.03;-26.70;-26.36;-28.85;-29.26;-28.52;-27.45;-26.49;-25.95;-25.40;-24.25;-23.46;-21.58;-17.87;-14.14;-10.60;-8.33;-6.43;-4.50;-2.62;

----------------------------------------------------------


