PatientInformation
==========================================================
PatientID;No patientID
Name;,,
Date of Birth;
Sex;
Version;AutoStrainCap2 2.1.0.491925

Results
==========================================================
Global
----------------------------------------------------------
LaSr_ED;8.96;%
LaScd_ED;-8.84;%
LaSct_ED;-0.12;%
LaSr_AC;8.95;%
LaScd_AC;-8.83;%
LaSct_AC;-0.12;%
ED;0.00;ms
ES;454.77;ms
PreA;766.31;ms

Curves
==========================================================
Longitudinal Strain
Unit [%]
Time [ms];0.00;10.45;20.91;31.36;41.82;52.27;62.73;73.18;83.64;94.09;104.54;115.00;125.45;135.91;146.36;156.82;167.27;177.72;188.18;198.63;209.09;219.54;230.00;240.45;250.91;261.36;271.81;282.27;292.72;303.18;313.63;324.09;334.54;345.00;355.45;365.90;376.36;386.81;397.27;407.72;418.18;428.63;439.08;449.54;459.99;470.45;480.90;491.36;501.81;512.27;522.72;533.17;543.63;554.08;564.54;574.99;585.45;595.90;606.36;616.81;627.26;637.72;648.17;658.63;669.08;679.54;689.99;700.44;710.90;721.35;731.81;742.26;752.72;763.17;773.63;784.08;794.53;804.99;815.44;825.90;836.35;846.81;857.26;867.72;878.17;888.62;899.08;909.53;919.99;930.44;940.90;951.35;961.80;972.26;982.71;993.17;1003.62;1014.08;1024.53;1034.99;1045.44;1055.89;1066.35;
LAS_ED;0.00;-2.92;-3.64;-2.88;-1.46;-0.16;0.32;0.22;-0.12;-0.49;-0.49;-0.30;0.35;1.17;2.07;2.97;3.58;4.10;4.51;4.80;5.02;5.11;5.17;5.22;5.29;5.43;5.63;5.91;6.19;6.52;6.84;7.16;7.46;7.71;7.92;8.01;8.04;7.95;7.86;7.76;8.02;8.36;8.69;8.93;8.94;8.73;8.07;7.19;6.02;4.74;3.17;1.59;-0.16;-1.73;-3.13;-4.06;-4.56;-4.57;-4.28;-3.81;-3.21;-2.76;-2.31;-1.92;-1.58;-1.22;-1.00;-0.75;-0.55;-0.34;-0.20;-0.05;0.02;0.11;0.16;0.24;0.30;0.39;0.49;0.62;0.79;1.02;1.30;1.60;1.90;2.23;2.55;2.84;3.15;3.32;3.54;3.27;3.04;2.55;2.07;1.26;0.76;0.09;-0.27;-0.50;-0.20;-0.06;0.22;
LAS_AC;-0.11;-3.03;-3.74;-2.98;-1.57;-0.27;0.21;0.11;-0.23;-0.60;-0.59;-0.40;0.25;1.06;1.96;2.86;3.47;4.00;4.40;4.69;4.91;5.00;5.06;5.11;5.18;5.32;5.52;5.80;6.08;6.40;6.73;7.04;7.35;7.60;7.81;7.89;7.92;7.84;7.75;7.65;7.91;8.24;8.58;8.82;8.83;8.62;7.95;7.08;5.91;4.63;3.06;1.49;-0.26;-1.84;-3.23;-4.16;-4.66;-4.67;-4.38;-3.91;-3.31;-2.86;-2.42;-2.03;-1.68;-1.32;-1.11;-0.86;-0.65;-0.44;-0.31;-0.16;-0.08;0.00;0.06;0.13;0.20;0.29;0.38;0.52;0.68;0.92;1.19;1.49;1.79;2.12;2.44;2.74;3.04;3.21;3.43;3.16;2.93;2.45;1.96;1.15;0.65;-0.02;-0.37;-0.61;-0.31;-0.17;0.12;

----------------------------------------------------------


