PatientInformation
==========================================================
PatientID;No patientID
Name;,,
Date of Birth;
Sex;
Version;AutoStrainCap2 2.1.0.491925

Results
==========================================================
Global
----------------------------------------------------------
RVFWSL;-29.17;%
RV4CSL;-24.05;%
ED;0.00;ms
ES;430.24;ms

Curves
==========================================================
Longitudinal Strain
Unit [%]
Time [ms];0.00;9.06;18.12;27.17;36.23;45.29;54.35;63.40;72.46;81.52;90.58;99.63;108.69;117.75;126.81;135.86;144.92;153.98;163.04;172.09;181.15;190.21;199.27;208.32;217.38;226.44;235.50;244.56;253.61;262.67;271.73;280.79;289.84;298.90;307.96;317.02;326.07;335.13;344.19;353.25;362.30;371.36;380.42;389.48;398.53;407.59;416.65;425.71;434.76;443.82;452.88;461.94;471.00;480.05;489.11;498.17;507.23;516.28;525.34;534.40;543.46;552.51;561.57;570.63;579.69;588.74;597.80;606.86;615.92;624.97;634.03;643.09;652.15;661.20;670.26;679.32;688.38;697.43;706.49;715.55;724.61;733.67;742.72;751.78;760.84;769.90;778.95;788.01;797.07;806.13;815.18;824.24;833.30;842.36;851.41;860.47;869.53;878.59;887.64;896.70;905.76;914.82;923.87;932.93;941.99;951.05;960.11;969.16;978.22;987.28;996.34;1005.39;1014.45;1023.51;1032.57;1041.62;1050.68;1059.74;1068.80;1077.85;1086.91;1095.97;1105.03;1114.08;1123.14;1132.20;1141.26;1150.31;1159.37;1168.43;1177.49;1186.55;1195.60;1204.66;1213.72;1222.78;1231.83;1240.89;1249.95;
Basal;0.00;-0.26;-0.50;-0.93;-1.39;-1.88;-2.41;-2.81;-3.35;-3.75;-4.18;-4.54;-4.98;-5.42;-6.01;-6.63;-7.42;-8.24;-9.17;-10.12;-11.12;-12.10;-13.12;-14.08;-15.04;-15.94;-16.80;-17.58;-18.28;-18.85;-19.35;-19.78;-20.18;-20.56;-20.95;-21.40;-21.90;-22.46;-23.06;-23.67;-24.29;-24.90;-25.50;-26.01;-26.45;-26.76;-26.92;-26.83;-26.48;-25.68;-24.57;-23.02;-21.21;-19.18;-17.09;-15.00;-13.20;-11.87;-10.93;-10.11;-9.40;-8.74;-8.07;-7.38;-6.60;-5.81;-5.01;-4.26;-3.55;-2.96;-2.41;-2.11;-1.87;-1.75;-1.72;-1.75;-1.84;-1.96;-2.10;-2.24;-2.39;-2.53;-2.67;-2.79;-2.89;-2.97;-3.03;-3.08;-3.12;-3.15;-3.19;-3.24;-3.32;-3.40;-3.50;-3.59;-3.67;-3.74;-3.79;-3.82;-3.83;-3.83;-3.83;-3.83;-3.84;-3.87;-3.90;-3.97;-4.04;-4.11;-4.19;-4.27;-4.33;-4.38;-4.42;-4.47;-4.50;-4.55;-4.61;-4.68;-4.80;-4.91;-5.01;-5.06;-5.05;-4.95;-4.73;-4.32;-3.78;-3.17;-2.46;-1.75;-0.99;-0.37;-0.13;-0.04;0.12;0.14;0.17;
Mid;0.00;-0.12;-0.38;-0.81;-1.30;-1.85;-2.39;-2.90;-3.44;-3.93;-4.39;-4.84;-5.31;-5.83;-6.39;-7.04;-7.76;-8.56;-9.41;-10.31;-11.24;-12.19;-13.19;-14.17;-15.15;-16.10;-17.03;-17.92;-18.80;-19.64;-20.47;-21.26;-22.02;-22.75;-23.46;-24.11;-24.68;-25.21;-25.70;-26.18;-26.63;-27.07;-27.45;-27.89;-28.25;-28.53;-28.71;-28.77;-28.69;-28.53;-28.37;-28.13;-27.71;-27.10;-26.36;-25.48;-24.47;-23.54;-22.58;-21.58;-20.60;-19.60;-18.56;-17.47;-16.17;-14.84;-13.51;-12.23;-11.04;-9.99;-9.09;-8.56;-8.19;-7.98;-7.89;-7.87;-7.91;-7.97;-8.04;-8.09;-8.15;-8.20;-8.25;-8.27;-8.30;-8.31;-8.33;-8.32;-8.32;-8.31;-8.31;-8.32;-8.34;-8.37;-8.41;-8.44;-8.46;-8.46;-8.45;-8.42;-8.37;-8.31;-8.24;-8.18;-8.12;-8.09;-8.05;-8.03;-8.03;-8.03;-8.04;-8.05;-8.05;-8.05;-8.04;-8.02;-8.01;-8.00;-7.99;-7.99;-8.03;-8.06;-8.07;-8.05;-7.98;-7.85;-7.67;-7.44;-7.15;-6.81;-6.38;-5.94;-5.39;-4.78;-3.81;-2.90;-2.01;-1.24;-0.53;
Apical;0.00;-0.22;-0.40;-0.69;-1.03;-1.41;-1.84;-2.27;-2.88;-3.48;-4.10;-4.72;-5.38;-6.08;-6.83;-7.62;-8.49;-9.41;-10.40;-11.42;-12.49;-13.56;-14.65;-15.72;-16.79;-17.82;-18.82;-19.77;-20.64;-21.42;-22.12;-22.77;-23.39;-24.00;-24.60;-25.23;-25.85;-26.50;-27.16;-27.80;-28.43;-29.02;-29.56;-29.95;-30.25;-30.45;-30.55;-30.53;-30.38;-29.84;-29.29;-28.53;-27.59;-26.45;-25.16;-23.73;-22.33;-21.01;-19.78;-18.52;-17.27;-16.01;-14.75;-13.49;-12.26;-11.07;-9.94;-8.91;-7.97;-7.17;-6.45;-6.02;-5.66;-5.42;-5.26;-5.16;-5.11;-5.05;-5.00;-4.93;-4.87;-4.80;-4.74;-4.68;-4.63;-4.57;-4.53;-4.48;-4.44;-4.40;-4.37;-4.34;-4.32;-4.30;-4.29;-4.26;-4.23;-4.18;-4.10;-4.02;-3.91;-3.79;-3.67;-3.55;-3.44;-3.36;-3.28;-3.22;-3.18;-3.15;-3.11;-3.08;-3.04;-3.00;-2.95;-2.90;-2.84;-2.78;-2.71;-2.64;-2.60;-2.55;-2.49;-2.40;-2.29;-2.15;-1.96;-1.68;-1.34;-0.95;-0.50;-0.03;0.48;0.93;0.82;0.66;0.55;0.38;0.23;

----------------------------------------------------------


