PatientInformation
==========================================================
PatientID;No patientID
Name;,,
Date of Birth;
Sex;
Version;AutoStrainCap2 2.1.0.491925

Results
==========================================================
Global
----------------------------------------------------------
LaSr_ED;57.73;%
LaScd_ED;-39.38;%
LaSct_ED;-18.35;%
LaSr_AC;48.58;%
LaScd_AC;-33.14;%
LaSct_AC;-15.44;%
ED;0.00;ms
ES;391.50;ms
PreA;650.28;ms

Curves
==========================================================
Longitudinal Strain
Unit [%]
Time [ms];0.00;22.12;44.24;66.36;88.47;110.59;132.71;154.83;176.95;199.07;221.18;243.30;265.42;287.54;309.66;331.78;353.89;376.01;398.13;420.25;442.37;464.49;486.60;508.72;530.84;552.96;575.08;597.20;619.31;641.43;663.55;685.67;707.79;729.91;752.03;774.14;796.26;818.38;840.50;862.62;884.74;
LAS_ED;0.00;-0.01;0.18;0.95;4.16;8.34;15.92;27.56;38.94;46.07;49.91;51.81;52.48;52.75;52.92;53.36;54.58;56.92;57.44;52.88;45.07;35.10;26.56;22.97;22.07;21.66;21.35;20.82;19.99;18.84;17.70;17.09;17.01;17.64;17.97;17.40;15.65;11.58;7.21;2.76;0.14;
LAS_AC;-15.85;-15.87;-15.70;-15.05;-12.35;-8.83;-2.46;7.34;16.91;22.91;26.15;27.75;28.31;28.53;28.67;29.05;30.08;32.04;32.48;28.65;22.07;13.68;6.49;3.47;2.72;2.37;2.11;1.67;0.97;0.00;-0.96;-1.48;-1.54;-1.01;-0.73;-1.21;-2.68;-6.11;-9.79;-13.53;-15.73;

----------------------------------------------------------


