PatientInformation
==========================================================
PatientID;No patientID
Name;,,
Date of Birth;
Sex;
Version;AutoStrainCap2 2.1.0.491925

Results
==========================================================
Global
----------------------------------------------------------
RVFWSL;-30.32;%
RV4CSL;-26.76;%
ED;0.00;ms
ES;316.29;ms

Curves
==========================================================
Longitudinal Strain
Unit [%]
Time [ms];0.00;22.12;44.24;66.36;88.47;110.59;132.71;154.83;176.95;199.07;221.18;243.30;265.42;287.54;309.66;331.78;353.89;376.01;398.13;420.25;442.37;464.49;486.60;508.72;530.84;552.96;575.08;597.20;619.31;641.43;663.55;685.67;707.79;729.91;752.03;774.14;796.26;818.38;840.50;862.62;884.74;
Basal;0.00;-2.46;-4.87;-7.84;-11.41;-14.68;-17.75;-20.40;-22.80;-25.13;-27.60;-30.90;-34.40;-37.02;-38.21;-37.65;-36.40;-35.44;-34.17;-32.52;-30.88;-29.06;-27.26;-25.52;-23.97;-22.66;-20.96;-18.69;-16.56;-15.55;-15.33;-15.44;-15.07;-13.24;-10.38;-7.43;-4.37;-0.91;1.57;2.07;1.39;
Mid;0.00;-1.80;-3.73;-6.33;-9.39;-12.33;-15.08;-16.85;-18.08;-19.44;-21.15;-23.35;-25.40;-27.74;-29.29;-29.13;-27.79;-25.94;-23.87;-21.92;-20.38;-19.25;-18.23;-16.76;-15.65;-16.10;-16.31;-15.02;-13.45;-12.43;-12.00;-12.28;-12.32;-11.19;-9.17;-6.95;-4.47;-1.68;0.31;0.74;0.37;
Apical;0.00;-3.41;-6.16;-8.01;-9.84;-11.38;-12.89;-13.48;-13.65;-14.24;-15.25;-16.81;-19.52;-22.26;-24.19;-24.34;-23.39;-22.05;-20.51;-19.00;-17.87;-17.21;-16.68;-15.94;-15.29;-15.28;-15.02;-14.24;-13.25;-12.53;-12.15;-11.96;-11.63;-10.63;-8.91;-7.00;-4.93;-2.06;0.29;1.38;1.47;

----------------------------------------------------------


