PatientInformation
==========================================================
PatientID;No patientID
Name;,,
Date of Birth;
Sex;
Version;AutoStrainCap2 2.1.0.491925

Results
==========================================================
Global
----------------------------------------------------------
LaSr_ED;34.96;%
LaScd_ED;-29.11;%
LaSct_ED;-5.85;%
LaSr_AC;33.04;%
LaScd_AC;-27.51;%
LaSct_AC;-5.53;%
ED;0.00;ms
ES;343.33;ms
PreA;1078.75;ms

Curves
==========================================================
Longitudinal Strain
Unit [%]
Time [ms];0.00;19.51;39.01;58.52;78.03;97.54;117.04;136.55;156.06;175.56;195.07;214.58;234.09;253.59;273.10;292.61;312.12;331.62;351.13;370.64;390.14;409.65;429.16;448.67;468.17;487.68;507.19;526.69;546.20;565.71;585.22;604.72;624.23;643.74;663.24;682.75;702.26;721.77;741.27;760.78;780.29;799.79;819.30;838.81;858.32;877.82;897.33;916.84;936.35;955.85;975.36;994.87;1014.37;1033.88;1053.39;1072.90;1092.40;1111.91;1131.42;1150.92;1170.43;1189.94;1209.45;1228.95;1248.46;1267.97;1287.47;1306.98;1326.49;1346.00;1365.50;1385.01;1404.52;1424.03;1443.53;1463.04;1482.55;1502.05;1521.56;1541.07;1560.58;1580.08;1599.59;1619.10;1638.60;1658.11;1677.62;1697.13;1716.63;1736.14;1755.65;1775.15;1794.66;
LAS_ED;0.00;-1.78;-2.48;-0.39;4.28;7.80;10.62;12.94;15.31;17.48;19.94;22.55;25.22;28.10;30.71;32.86;34.27;34.85;34.85;33.65;31.44;27.59;23.50;19.78;17.33;17.25;18.45;20.32;21.95;22.36;22.29;22.29;23.04;24.99;27.74;30.59;32.97;33.98;33.83;32.32;29.16;24.53;18.71;12.67;7.64;3.36;0.78;-0.54;-0.51;-0.39;0.70;2.14;3.66;4.87;5.59;5.81;5.79;5.04;4.27;3.46;2.70;2.24;1.91;1.72;1.61;1.50;1.42;1.38;1.42;1.65;1.92;2.23;2.53;2.90;3.21;3.46;3.69;3.60;3.56;3.57;3.67;4.09;4.51;4.85;4.98;4.52;3.68;2.45;0.51;-1.48;-3.51;-4.47;-3.56;
LAS_AC;-5.49;-7.18;-7.83;-5.86;-1.45;1.87;4.54;6.73;8.97;11.03;13.35;15.82;18.34;21.07;23.53;25.56;26.90;27.44;27.45;26.30;24.22;20.58;16.71;13.20;10.88;10.81;11.95;13.71;15.25;15.64;15.57;15.57;16.28;18.13;20.72;23.42;25.66;26.62;26.48;25.05;22.07;17.69;12.19;6.48;1.72;-2.32;-4.75;-6.00;-5.98;-5.86;-4.84;-3.47;-2.04;-0.90;-0.21;0.00;-0.02;-0.73;-1.45;-2.23;-2.94;-3.38;-3.69;-3.87;-3.97;-4.08;-4.15;-4.19;-4.15;-3.94;-3.68;-3.38;-3.11;-2.76;-2.46;-2.23;-2.00;-2.09;-2.13;-2.12;-2.03;-1.63;-1.23;-0.91;-0.78;-1.22;-2.02;-3.18;-5.01;-6.89;-8.81;-9.72;-8.86;

----------------------------------------------------------


