PatientInformation
==========================================================
PatientID;No patientID
Name;,,
Date of Birth;
Sex;
Version;AutoStrainCap2 2.1.0.491925

Results
==========================================================
Global
----------------------------------------------------------
RVFWSL;-31.55;%
RV4CSL;-25.69;%
ED;0.00;ms
ES;292.33;ms

Curves
==========================================================
Longitudinal Strain
Unit [%]
Time [ms];0.00;18.74;37.48;56.22;74.96;93.70;112.44;131.17;149.91;168.65;187.39;206.13;224.87;243.61;262.35;281.09;299.83;318.57;337.31;356.04;374.78;393.52;412.26;431.00;449.74;468.48;487.22;505.96;524.70;543.44;562.18;580.92;599.65;618.39;637.13;655.87;674.61;693.35;712.09;730.83;749.57;768.31;787.05;805.79;824.52;843.26;862.00;880.74;899.48;918.22;936.96;
Basal;0.00;-2.32;-4.09;-7.02;-10.23;-13.09;-15.97;-19.33;-22.39;-24.57;-26.61;-28.99;-31.10;-32.18;-32.53;-32.58;-31.90;-29.97;-27.18;-23.82;-19.91;-15.72;-11.63;-7.84;-4.56;-1.75;0.43;1.71;2.68;3.76;4.85;5.80;6.58;6.97;7.10;6.99;6.73;6.45;6.12;5.70;5.22;4.70;4.29;4.24;3.83;2.28;0.94;1.27;2.57;4.14;4.09;
Mid;0.00;-2.00;-3.55;-6.13;-8.83;-11.00;-13.19;-16.06;-18.95;-21.41;-23.70;-25.92;-27.78;-28.95;-29.64;-30.32;-30.52;-29.77;-28.17;-25.75;-22.57;-18.91;-15.01;-10.96;-7.25;-4.17;-1.83;-0.44;0.60;1.74;2.88;3.90;4.75;5.37;5.72;5.78;5.70;5.65;5.55;5.34;5.07;4.82;4.67;4.81;4.55;3.08;1.76;2.06;3.15;4.08;3.56;
Apical;0.00;-2.08;-3.65;-6.52;-9.61;-12.14;-14.62;-17.55;-20.41;-22.83;-25.08;-27.29;-29.14;-30.12;-30.62;-30.88;-30.73;-29.42;-27.34;-24.94;-21.87;-18.66;-15.32;-11.68;-8.31;-5.32;-2.81;-1.09;0.34;1.55;2.72;3.74;4.53;4.93;5.00;4.81;4.50;4.26;3.99;3.73;3.44;3.22;3.11;3.30;3.26;2.28;1.55;2.22;3.53;4.61;4.04;

----------------------------------------------------------


