PatientInformation
==========================================================
PatientID;No patientID
Name;,,
Date of Birth;
Sex;
Version;AutoStrainCap2 2.1.0.491925

Results
==========================================================
Global
----------------------------------------------------------
LaSr_ED;41.06;%
LaScd_ED;-20.77;%
LaSct_ED;-20.29;%
LaSr_AC;34.12;%
LaScd_AC;-17.26;%
LaSct_AC;-16.86;%
ED;0.00;ms
ES;328.54;ms
PreA;525.10;ms

Curves
==========================================================
Longitudinal Strain
Unit [%]
Time [ms];0.00;9.36;18.72;28.08;37.44;46.80;56.16;65.52;74.88;84.24;93.60;102.96;112.32;121.68;131.04;140.40;149.76;159.12;168.48;177.84;187.20;196.56;205.92;215.28;224.64;234.00;243.36;252.72;262.08;271.44;280.80;290.16;299.52;308.88;318.24;327.60;336.96;346.32;355.68;365.04;374.40;383.76;393.12;402.48;411.84;421.20;430.56;439.92;449.28;458.64;468.00;477.36;486.72;496.08;505.44;514.80;524.16;533.52;542.88;552.24;561.60;570.96;580.32;589.68;599.04;608.40;617.76;627.12;636.48;645.84;655.20;664.56;673.92;683.28;692.64;702.00;711.36;
LAS_ED;0.00;-0.54;-1.47;-1.66;-0.91;0.83;2.81;4.44;6.01;7.96;10.58;13.29;15.28;15.38;14.97;14.95;16.20;18.32;20.85;23.40;25.88;28.33;30.75;32.97;34.79;36.06;36.75;36.94;36.56;36.20;36.29;37.32;38.72;40.04;40.79;41.06;40.90;40.49;39.87;39.22;38.55;37.83;35.72;33.14;30.61;28.49;27.06;26.11;25.30;24.50;23.66;22.93;22.21;21.64;21.15;20.77;20.33;19.84;19.09;18.35;17.61;17.02;16.41;15.84;15.00;14.02;12.65;10.65;8.21;5.51;2.60;0.00;-1.73;-2.01;-1.32;-0.23;-0.05;
LAS_AC;-16.90;-17.35;-18.12;-18.28;-17.66;-16.21;-14.57;-13.21;-11.91;-10.28;-8.11;-5.86;-4.20;-4.12;-4.46;-4.47;-3.44;-1.67;0.43;2.55;4.61;6.65;8.65;10.50;12.01;13.07;13.64;13.80;13.48;13.19;13.26;14.11;15.28;16.38;17.00;17.23;17.09;16.75;16.24;15.69;15.14;14.54;12.78;10.64;8.54;6.78;5.59;4.80;4.13;3.46;2.76;2.16;1.56;1.09;0.68;0.36;0.00;-0.41;-1.03;-1.65;-2.26;-2.76;-3.26;-3.73;-4.44;-5.25;-6.38;-8.05;-10.08;-12.32;-14.74;-16.90;-18.34;-18.57;-18.00;-17.09;-16.94;

----------------------------------------------------------


