PatientInformation
==========================================================
PatientID;No patientID
Name;,,
Date of Birth;
Sex;
Version;AutoStrainCap2 2.1.0.491925

Results
==========================================================
Global
----------------------------------------------------------
LaSr_ED;24.66;%
LaScd_ED;-12.40;%
LaSct_ED;-12.26;%
LaSr_AC;21.97;%
LaScd_AC;-11.04;%
LaSct_AC;-10.92;%
ED;0.00;ms
ES;347.21;ms
PreA;705.28;ms

Curves
==========================================================
Longitudinal Strain
Unit [%]
Time [ms];0.00;10.85;21.70;32.55;43.40;54.25;65.10;75.95;86.80;97.65;108.50;119.35;130.20;141.06;151.91;162.76;173.61;184.46;195.31;206.16;217.01;227.86;238.71;249.56;260.41;271.26;282.11;292.96;303.81;314.66;325.51;336.36;347.21;358.06;368.91;379.76;390.61;401.46;412.32;423.17;434.02;444.87;455.72;466.57;477.42;488.27;499.12;509.97;520.82;531.67;542.52;553.37;564.22;575.07;585.92;596.77;607.62;618.47;629.32;640.17;651.02;661.87;672.72;683.58;694.43;705.28;716.13;726.98;737.83;748.68;759.53;770.38;781.23;792.08;802.93;813.78;824.63;835.48;846.33;857.18;868.03;878.88;889.73;900.58;911.43;922.28;933.13;943.98;954.84;965.69;976.54;987.39;998.24;1009.09;1019.94;1030.79;1041.64;1052.49;
LAS_ED;0.00;-1.70;-1.87;-1.41;-0.60;-0.07;0.33;0.74;1.28;2.05;2.98;4.02;5.16;6.28;7.47;8.67;9.92;11.25;12.61;13.94;15.32;16.48;17.71;18.83;19.97;20.89;21.80;22.55;23.28;23.79;24.23;24.51;24.66;24.46;24.16;23.77;23.41;23.16;22.93;22.64;22.27;21.86;21.38;20.89;20.31;19.22;18.05;16.89;15.81;14.63;13.60;12.73;12.04;11.74;11.63;11.64;11.78;11.84;11.96;12.01;12.11;12.19;12.30;12.36;12.37;12.26;12.11;11.95;11.84;11.82;11.85;11.91;11.96;12.00;12.03;12.05;12.11;12.17;12.28;12.33;12.38;12.39;12.38;12.24;12.10;11.61;10.95;9.93;8.50;5.98;3.31;0.76;-1.23;-2.91;-3.67;-3.91;-2.89;-1.59;
LAS_AC;-10.92;-12.44;-12.59;-12.18;-11.46;-10.99;-10.63;-10.26;-9.78;-9.10;-8.27;-7.34;-6.33;-5.33;-4.27;-3.20;-2.09;-0.90;0.31;1.49;2.72;3.75;4.85;5.85;6.86;7.68;8.49;9.16;9.81;10.27;10.66;10.91;11.04;10.87;10.60;10.25;9.93;9.70;9.50;9.25;8.91;8.55;8.12;7.68;7.17;6.20;5.15;4.12;3.16;2.11;1.19;0.42;-0.20;-0.47;-0.56;-0.56;-0.43;-0.38;-0.27;-0.22;-0.13;-0.06;0.03;0.09;0.09;0.00;-0.14;-0.28;-0.37;-0.40;-0.37;-0.32;-0.27;-0.23;-0.21;-0.19;-0.13;-0.08;0.01;0.06;0.10;0.11;0.10;-0.02;-0.15;-0.58;-1.17;-2.08;-3.35;-5.59;-7.98;-10.25;-12.02;-13.51;-14.19;-14.40;-13.50;-12.34;

----------------------------------------------------------


