PatientInformation
==========================================================
PatientID;No patientID
Name;,,
Date of Birth;
Sex;
Version;AutoStrainCap2 2.1.0.491925

Results
==========================================================
Global
----------------------------------------------------------
RVFWSL;-18.97;%
RV4CSL;-15.06;%
ED;0.00;ms
ES;477.92;ms

Curves
==========================================================
Longitudinal Strain
Unit [%]
Time [ms];0.00;7.99;15.98;23.98;31.97;39.96;47.95;55.94;63.94;71.93;79.92;87.91;95.90;103.90;111.89;119.88;127.87;135.86;143.86;151.85;159.84;167.83;175.82;183.82;191.81;199.80;207.79;215.78;223.78;231.77;239.76;247.75;255.74;263.74;271.73;279.72;287.71;295.70;303.70;311.69;319.68;327.67;335.66;343.66;351.65;359.64;367.63;375.62;383.62;391.61;399.60;407.59;415.58;423.58;431.57;439.56;447.55;455.54;463.54;471.53;479.52;487.51;495.50;503.50;511.49;519.48;527.47;535.46;543.46;551.45;559.44;567.43;575.42;583.42;591.41;599.40;607.39;615.38;623.38;631.37;639.36;647.35;655.34;663.34;671.33;679.32;687.31;695.30;703.30;711.29;719.28;727.27;735.26;743.26;751.25;759.24;767.23;775.22;783.22;791.21;799.20;807.19;815.18;823.18;831.17;839.16;847.15;855.14;863.14;871.13;879.12;887.11;895.10;903.10;911.09;919.08;927.07;935.06;943.06;951.05;959.04;967.03;975.02;983.02;
Basal;0.00;-0.03;-1.52;-4.35;-7.82;-11.51;-14.89;-17.60;-19.67;-21.18;-22.23;-22.89;-23.22;-23.45;-23.44;-23.24;-22.88;-22.44;-21.96;-21.49;-21.03;-20.57;-20.09;-19.57;-19.06;-18.66;-18.28;-17.89;-17.45;-17.00;-16.45;-16.37;-16.09;-15.66;-15.09;-14.41;-13.90;-12.86;-12.11;-11.40;-10.80;-10.31;-9.99;-10.03;-10.02;-10.53;-10.62;-10.12;-8.94;-6.79;-4.28;-1.81;0.22;1.48;1.62;0.31;-1.98;-4.73;-7.43;-9.59;-10.72;-10.15;-8.45;-6.05;-3.36;-0.85;1.02;1.53;1.21;0.33;-0.83;-2.04;-3.03;-3.57;-3.79;-3.82;-3.74;-3.64;-3.60;-3.64;-3.79;-4.04;-4.34;-4.68;-5.03;-5.41;-5.78;-6.15;-6.50;-6.84;-7.17;-7.50;-7.84;-8.19;-8.57;-9.01;-9.50;-9.91;-10.33;-10.74;-11.09;-11.35;-11.42;-11.75;-11.86;-11.80;-11.56;-11.14;-10.54;-9.96;-9.26;-8.58;-7.97;-7.59;-7.46;-7.75;-8.19;-8.64;-8.85;-8.67;-7.66;-6.11;-3.91;-1.71;
Mid;0.00;-0.47;-1.38;-3.18;-5.52;-8.10;-10.62;-13.07;-15.14;-16.80;-18.04;-18.87;-19.29;-19.40;-19.14;-18.63;-17.96;-17.23;-16.58;-16.04;-15.63;-15.26;-14.88;-14.47;-14.02;-13.51;-12.94;-12.31;-11.63;-10.94;-10.13;-10.00;-9.67;-9.21;-8.64;-8.06;-7.78;-7.25;-7.10;-7.06;-7.01;-6.88;-6.58;-6.00;-5.13;-4.70;-3.89;-2.74;-1.24;-0.15;1.00;1.98;2.57;2.50;1.46;-0.43;-3.09;-6.07;-8.94;-11.29;-12.82;-12.49;-11.25;-9.31;-7.01;-4.66;-2.57;-1.40;-0.72;-0.46;-0.46;-0.60;-0.71;-0.90;-0.95;-0.91;-0.82;-0.74;-0.71;-0.75;-0.88;-1.09;-1.35;-1.66;-2.00;-2.37;-2.75;-3.12;-3.50;-3.86;-4.22;-4.60;-4.98;-5.37;-5.78;-6.24;-6.71;-7.02;-7.32;-7.61;-7.86;-8.04;-8.11;-8.66;-9.05;-9.28;-9.31;-9.08;-8.55;-7.70;-6.61;-5.46;-4.36;-3.48;-2.90;-2.76;-2.85;-3.00;-3.01;-2.75;-2.02;-1.66;-0.96;-0.30;
Apical;0.00;0.42;-0.01;-1.65;-3.85;-6.28;-8.50;-10.55;-12.10;-13.18;-13.80;-14.01;-13.78;-13.39;-12.73;-11.98;-11.29;-10.82;-10.61;-10.53;-10.70;-11.10;-11.59;-12.10;-12.56;-13.05;-13.34;-13.39;-13.18;-12.72;-12.01;-11.94;-11.70;-11.41;-11.16;-11.08;-11.31;-11.32;-11.64;-12.14;-12.64;-13.05;-13.33;-13.56;-13.54;-13.33;-12.75;-11.83;-10.41;-9.20;-7.85;-6.76;-6.17;-6.33;-7.61;-10.06;-13.42;-17.09;-20.62;-23.46;-25.24;-24.09;-21.82;-18.78;-15.45;-12.30;-9.70;-8.92;-8.85;-9.29;-9.96;-10.63;-11.06;-11.36;-11.35;-11.15;-10.84;-10.51;-10.25;-10.05;-9.99;-10.01;-10.12;-10.27;-10.44;-10.68;-10.92;-11.13;-11.33;-11.49;-11.61;-11.74;-11.85;-11.96;-12.09;-12.28;-12.53;-12.66;-12.82;-12.98;-13.11;-13.17;-13.08;-13.23;-13.21;-13.01;-12.62;-12.02;-11.16;-10.12;-8.91;-7.66;-6.48;-5.53;-4.90;-4.63;-4.62;-4.73;-4.75;-4.59;-3.80;-3.40;-2.34;-1.14;

----------------------------------------------------------


