PatientInformation
==========================================================
PatientID;No patientID
Name;,,
Date of Birth;
Sex;
Version;AutoStrainCap2 2.1.0.491925

Results
==========================================================
Global
----------------------------------------------------------
LaSr_ED;16.96;%
LaScd_ED;-21.86;%
LaSct_ED;4.90;%
LaSr_AC;17.79;%
LaScd_AC;-22.92;%
LaSct_AC;5.13;%
ED;0.00;ms
ES;255.36;ms
PreA;588.35;ms

Curves
==========================================================
Longitudinal Strain
Unit [%]
Time [ms];0.00;20.43;40.86;61.29;81.72;102.14;122.57;143.00;163.43;183.86;204.29;224.72;245.15;265.57;286.00;306.43;326.86;347.29;367.72;388.15;408.58;429.00;449.43;469.86;490.29;510.72;531.15;551.58;572.01;592.44;612.86;633.29;653.72;674.15;694.58;715.01;735.44;755.87;776.29;796.72;817.15;837.58;858.01;878.44;898.87;
LAS_ED;0.00;-1.74;-2.50;-0.29;2.69;4.69;6.16;7.60;9.51;11.98;14.45;16.01;16.87;16.91;16.70;16.64;16.28;14.48;10.99;5.56;-0.06;-3.41;-4.98;-6.36;-6.81;-6.76;-6.69;-6.38;-5.75;-4.65;-3.49;-2.99;-3.06;-3.68;-4.16;-4.06;-3.49;-2.58;-1.97;-2.02;-2.05;-1.46;-0.62;0.37;0.60;
LAS_AC;4.88;3.06;2.25;4.58;7.70;9.80;11.34;12.85;14.86;17.45;20.03;21.67;22.58;22.61;22.40;22.33;21.96;20.06;16.41;10.71;4.81;1.30;-0.35;-1.79;-2.26;-2.21;-2.14;-1.81;-1.15;0.00;1.22;1.74;1.67;1.02;0.51;0.62;1.22;2.18;2.81;2.76;2.73;3.35;4.23;5.27;5.51;

----------------------------------------------------------


