PatientInformation
==========================================================
PatientID;No patientID
Name;,,
Date of Birth;
Sex;
Version;AutoStrainCap2 2.1.0.491925

Results
==========================================================
Global
----------------------------------------------------------
RVFWSL;-19.79;%
RV4CSL;-17.62;%
ED;0.00;ms
ES;351.31;ms

Curves
==========================================================
Longitudinal Strain
Unit [%]
Time [ms];0.00;10.36;20.73;31.09;41.45;51.82;62.18;72.54;82.91;93.27;103.63;114.00;124.36;134.72;145.08;155.45;165.81;176.17;186.54;196.90;207.26;217.63;227.99;238.35;248.72;259.08;269.44;279.81;290.17;300.53;310.90;321.26;331.62;341.99;352.35;362.71;373.08;383.44;393.80;404.17;414.53;424.89;435.25;445.62;455.98;466.34;476.71;487.07;497.43;507.80;518.16;528.52;538.89;549.25;559.61;569.98;580.34;590.70;601.07;611.43;621.79;632.16;642.52;652.88;663.25;673.61;683.97;694.33;704.70;715.06;725.42;735.79;746.15;
Basal;0.00;-1.27;-1.09;-0.22;-0.50;-1.31;-2.51;-3.70;-5.02;-6.47;-8.32;-10.22;-12.14;-13.64;-15.08;-16.35;-17.52;-18.50;-19.35;-20.08;-20.68;-21.18;-21.70;-22.18;-22.64;-23.09;-23.44;-23.64;-23.70;-23.60;-23.35;-22.98;-22.32;-21.36;-20.05;-18.68;-17.57;-16.93;-16.33;-15.22;-12.91;-9.98;-6.77;-4.16;-1.93;-0.31;0.64;1.13;1.39;1.60;1.85;2.25;2.80;3.41;3.86;4.03;4.00;3.90;3.89;3.90;3.91;3.94;3.89;3.81;3.42;3.07;2.68;2.56;2.43;2.31;2.04;1.59;0.88;
Mid;0.00;-1.00;-0.44;0.80;0.79;0.21;-0.77;-1.70;-2.71;-3.77;-4.88;-5.97;-7.05;-8.02;-9.03;-9.98;-11.32;-12.56;-13.71;-14.56;-15.28;-15.84;-16.31;-16.70;-17.09;-17.44;-17.73;-17.81;-17.77;-17.56;-17.42;-17.59;-17.67;-17.28;-16.24;-14.87;-13.67;-12.81;-12.04;-10.96;-9.13;-6.88;-4.46;-2.43;-0.73;0.49;1.25;1.66;1.92;2.18;2.48;2.83;3.18;3.53;3.77;3.90;3.90;3.83;3.75;3.67;3.56;3.43;3.25;3.06;2.78;2.53;2.25;2.11;1.95;1.84;1.64;1.34;0.76;
Apical;0.00;-0.97;-0.93;-0.35;-0.53;-1.14;-2.09;-2.94;-3.86;-4.88;-6.13;-7.42;-8.71;-9.79;-10.87;-11.86;-13.06;-14.14;-15.12;-15.77;-16.28;-16.65;-16.97;-17.26;-17.55;-17.87;-18.14;-18.24;-18.14;-17.88;-17.60;-17.27;-16.82;-16.07;-15.23;-14.21;-13.31;-12.54;-11.84;-10.90;-9.42;-7.59;-5.64;-4.01;-2.63;-1.61;-0.82;-0.29;0.09;0.34;0.57;0.84;1.13;1.44;1.67;1.81;1.84;1.81;1.82;1.83;1.83;1.83;1.80;1.74;1.57;1.41;1.23;1.18;1.12;1.06;0.85;0.56;0.20;

----------------------------------------------------------


