PatientInformation
==========================================================
PatientID;No patientID
Name;,,
Date of Birth;
Sex;
Version;AutoStrainCap2 2.1.0.491925

Results
==========================================================
Global
----------------------------------------------------------
RVFWSL;-15.67;%
RV4CSL;-12.52;%
ED;0.00;ms
ES;309.66;ms

Curves
==========================================================
Longitudinal Strain
Unit [%]
Time [ms];0.00;11.06;22.12;33.18;44.24;55.30;66.36;77.41;88.47;99.53;110.59;121.65;132.71;143.77;154.83;165.89;176.95;188.01;199.07;210.13;221.18;232.24;243.30;254.36;265.42;276.48;287.54;298.60;309.66;320.72;331.78;342.84;353.89;364.95;376.01;387.07;398.13;409.19;420.25;431.31;442.37;453.43;464.49;475.55;486.61;497.66;508.72;519.78;530.84;541.90;552.96;564.02;575.08;586.14;597.20;608.26;619.32;630.38;641.43;652.49;663.55;674.61;685.67;696.73;707.79;718.85;729.91;740.97;752.03;763.09;774.14;785.20;796.26;807.32;818.38;829.44;
Basal;0.00;-2.43;-4.82;-6.71;-7.48;-7.67;-8.07;-9.17;-10.73;-12.16;-13.38;-14.31;-15.35;-16.65;-18.04;-19.20;-20.18;-20.93;-21.58;-22.18;-22.68;-23.13;-23.33;-23.41;-23.29;-23.32;-23.18;-22.81;-21.97;-20.91;-19.82;-18.66;-17.52;-16.30;-15.20;-14.20;-13.36;-12.90;-12.52;-12.08;-11.34;-10.54;-9.81;-9.27;-8.90;-8.57;-8.57;-8.53;-8.64;-8.51;-8.34;-7.91;-7.16;-6.22;-5.22;-4.41;-3.66;-2.95;-2.31;-1.72;-1.19;-0.74;-0.35;-0.00;0.24;0.48;0.73;1.21;1.70;2.18;2.38;2.48;2.44;2.26;1.88;1.25;
Mid;0.00;-1.67;-3.46;-4.91;-5.58;-5.74;-5.95;-6.43;-7.26;-8.06;-8.98;-9.73;-10.55;-11.50;-12.42;-13.12;-13.48;-13.65;-13.81;-14.11;-14.44;-14.68;-14.65;-14.43;-14.03;-13.78;-13.49;-13.21;-13.09;-12.89;-12.59;-11.84;-10.88;-9.78;-8.65;-7.61;-6.71;-6.15;-5.69;-5.22;-4.70;-4.18;-3.79;-3.43;-3.27;-3.14;-3.58;-4.00;-4.58;-4.89;-5.15;-5.09;-4.57;-3.76;-2.80;-1.84;-0.93;-0.16;0.27;0.52;0.59;0.32;-0.04;-0.38;-0.58;-0.69;-0.71;-0.30;0.17;0.70;0.97;1.19;1.32;1.33;1.17;0.83;
Apical;0.00;-1.11;-2.58;-3.91;-4.44;-4.43;-4.50;-4.66;-5.15;-5.49;-6.16;-6.56;-7.01;-7.39;-7.76;-7.93;-8.16;-8.26;-8.40;-8.51;-8.70;-8.90;-9.04;-9.04;-8.87;-8.85;-8.83;-8.83;-9.02;-9.15;-9.27;-8.89;-8.32;-7.54;-6.80;-6.10;-5.47;-5.00;-4.56;-4.15;-3.66;-3.20;-2.93;-2.96;-3.12;-3.06;-3.07;-2.87;-3.02;-3.07;-3.34;-3.37;-3.08;-2.48;-1.75;-1.20;-0.75;-0.41;-0.19;-0.10;-0.11;-0.23;-0.36;-0.49;-0.62;-0.70;-0.72;-0.56;-0.35;-0.06;0.15;0.37;0.50;0.42;0.25;0.19;

----------------------------------------------------------


