PatientInformation
==========================================================
PatientID;No patientID
Name;,,
Date of Birth;
Sex;
Version;AutoStrainCap2 2.1.0.491925

Results
==========================================================
Global
----------------------------------------------------------
LaSr_ED;20.37;%
LaScd_ED;-12.28;%
LaSct_ED;-8.10;%
LaSr_AC;18.86;%
LaScd_AC;-11.36;%
LaSct_AC;-7.49;%
ED;0.00;ms
ES;424.87;ms
PreA;565.79;ms

Curves
==========================================================
Longitudinal Strain
Unit [%]
Time [ms];0.00;21.35;42.70;64.05;85.40;106.75;128.10;149.45;170.80;192.15;213.50;234.85;256.20;277.56;298.91;320.26;341.61;362.96;384.31;405.66;427.01;448.36;469.71;491.06;512.41;533.76;555.11;576.46;597.81;619.16;640.51;661.86;683.21;
LAS_ED;0.00;1.28;0.08;1.29;3.47;5.63;7.93;8.79;10.66;10.30;11.12;12.08;14.04;15.24;17.06;17.24;18.14;18.76;18.44;19.28;20.33;17.64;14.23;11.62;9.20;7.62;8.03;8.03;7.67;6.30;3.83;0.22;-0.51;
LAS_AC;-7.43;-6.25;-7.36;-6.24;-4.22;-2.23;-0.09;0.70;2.44;2.10;2.86;3.75;5.56;6.67;8.36;8.52;9.36;9.93;9.64;10.41;11.38;8.90;5.73;3.32;1.08;-0.38;-0.01;0.00;-0.34;-1.61;-3.89;-7.23;-7.91;

----------------------------------------------------------


