PatientInformation
==========================================================
PatientID;No patientID
Name;,,
Date of Birth;
Sex;
Version;AutoStrainCap2 2.1.0.491925

Results
==========================================================
Global
----------------------------------------------------------
RVFWSL;-27.66;%
RV4CSL;-17.39;%
ED;0.00;ms
ES;378.93;ms

Curves
==========================================================
Longitudinal Strain
Unit [%]
Time [ms];0.00;8.53;17.07;25.60;34.14;42.67;51.21;59.74;68.28;76.81;85.34;93.88;102.41;110.95;119.48;128.02;136.55;145.08;153.62;162.15;170.69;179.22;187.76;196.29;204.83;213.36;221.89;230.43;238.96;247.50;256.03;264.57;273.10;281.64;290.17;298.70;307.24;315.77;324.31;332.84;341.38;349.91;358.45;366.98;375.51;384.05;392.58;401.12;409.65;418.19;426.72;435.25;443.79;452.32;460.86;469.39;477.93;486.46;495.00;503.53;512.06;520.60;529.13;537.67;546.20;554.74;563.27;571.81;580.34;588.87;597.41;605.94;614.48;623.01;631.55;640.08;648.61;657.15;665.68;674.22;682.75;691.29;699.82;708.36;716.89;725.42;733.96;742.49;751.03;759.56;768.10;
Basal;0.00;-1.73;-3.35;-4.72;-5.63;-5.99;-5.95;-5.70;-5.52;-5.51;-5.74;-6.11;-6.57;-6.99;-7.48;-8.12;-8.98;-10.08;-11.33;-12.62;-13.78;-14.81;-15.63;-16.33;-17.01;-17.65;-18.37;-19.16;-20.03;-21.06;-22.16;-23.31;-24.48;-25.64;-26.70;-27.61;-28.34;-28.94;-29.37;-29.60;-29.64;-29.46;-29.13;-28.75;-28.38;-28.14;-27.92;-27.79;-27.56;-26.99;-26.27;-25.32;-24.10;-22.71;-21.04;-19.17;-17.20;-15.12;-13.13;-11.30;-9.75;-8.77;-8.04;-7.45;-6.77;-5.73;-4.56;-3.39;-2.33;-1.55;-0.95;-0.50;-0.15;0.06;0.25;0.47;0.79;1.29;1.85;2.39;2.83;3.05;3.15;3.21;3.29;3.39;3.46;3.37;2.99;2.32;1.31;
Mid;0.00;-1.61;-3.15;-4.44;-5.24;-5.45;-5.24;-4.85;-4.55;-4.54;-4.81;-5.24;-5.76;-6.32;-6.94;-7.67;-8.57;-9.60;-10.77;-12.00;-13.22;-14.44;-15.53;-16.49;-17.31;-17.96;-18.51;-19.02;-19.57;-20.18;-20.88;-21.64;-22.42;-23.24;-23.99;-24.62;-25.09;-25.47;-25.69;-25.81;-25.84;-25.94;-25.99;-26.00;-25.96;-25.84;-25.59;-25.23;-24.58;-23.29;-21.73;-19.93;-17.96;-16.10;-14.08;-11.96;-9.81;-7.61;-5.54;-3.72;-2.28;-1.53;-1.15;-0.93;-0.71;-0.33;0.14;0.63;1.08;1.43;1.69;1.86;1.98;2.06;2.16;2.27;2.43;2.62;2.82;3.00;3.12;3.17;3.16;3.12;3.10;3.10;3.07;2.93;2.58;2.00;1.14;
Apical;0.00;-1.62;-3.03;-4.14;-4.78;-5.17;-5.22;-5.10;-5.09;-5.30;-5.79;-6.44;-7.19;-7.91;-8.69;-9.54;-10.52;-11.50;-12.58;-13.70;-14.78;-16.00;-17.08;-18.00;-18.75;-19.08;-19.30;-19.51;-19.81;-20.38;-21.08;-21.86;-22.67;-23.56;-24.39;-25.11;-25.64;-26.16;-26.51;-26.80;-27.07;-27.50;-27.95;-28.36;-28.64;-28.59;-28.33;-27.66;-26.86;-26.14;-25.19;-23.91;-22.26;-20.03;-17.60;-15.14;-12.79;-10.92;-9.34;-8.08;-7.17;-6.58;-6.26;-6.06;-5.86;-5.37;-4.79;-4.14;-3.48;-2.81;-2.17;-1.58;-1.04;-0.60;-0.18;0.24;0.69;1.09;1.49;1.85;2.11;2.24;2.29;2.32;2.39;2.47;2.54;2.49;2.18;1.74;0.99;

----------------------------------------------------------


