PatientInformation
==========================================================
PatientID;No patientID
Name;,,
Date of Birth;
Sex;
Version;AutoStrainCap2 2.1.0.491925

Results
==========================================================
Global
----------------------------------------------------------
LaSr_ED;17.04;%
LaScd_ED;-6.91;%
LaSct_ED;-10.13;%
LaSr_AC;15.47;%
LaScd_AC;-6.27;%
LaSct_AC;-9.20;%
ED;0.00;ms
ES;399.90;ms
PreA;630.08;ms

Curves
==========================================================
Longitudinal Strain
Unit [%]
Time [ms];0.00;19.51;39.01;58.52;78.03;97.54;117.04;136.55;156.06;175.56;195.07;214.58;234.09;253.59;273.10;292.61;312.12;331.62;351.13;370.64;390.14;409.65;429.16;448.67;468.17;487.68;507.19;526.69;546.20;565.71;585.22;604.72;624.23;643.74;663.24;682.75;702.26;721.77;741.27;760.78;780.29;799.80;819.30;838.81;
LAS_ED;0.00;0.30;1.64;3.04;4.54;5.93;6.89;7.29;7.96;9.54;11.51;13.12;14.49;15.49;15.95;15.71;16.20;15.43;14.92;15.77;16.90;16.95;16.46;15.79;14.73;13.19;11.77;11.10;11.06;11.35;11.35;10.67;10.11;10.42;10.90;11.18;11.23;11.38;10.85;8.62;5.73;2.34;-0.10;-1.09;
LAS_AC;-9.18;-8.91;-7.69;-6.42;-5.06;-3.80;-2.93;-2.56;-1.95;-0.52;1.27;2.73;3.97;4.89;5.30;5.08;5.52;4.83;4.36;5.14;6.16;6.20;5.76;5.16;4.19;2.79;1.50;0.90;0.86;1.13;1.13;0.51;0.00;0.28;0.72;0.97;1.01;1.15;0.67;-1.36;-3.98;-7.06;-9.27;-10.17;

----------------------------------------------------------


