PatientInformation
==========================================================
PatientID;No patientID
Name;,,
Date of Birth;
Sex;
Version;AutoStrainCap2 2.1.0.491925

Results
==========================================================
Global
----------------------------------------------------------
RVFWSL;-37.15;%
RV4CSL;-27.30;%
ED;0.00;ms
ES;360.81;ms

Curves
==========================================================
Longitudinal Strain
Unit [%]
Time [ms];0.00;13.36;26.73;40.09;53.45;66.82;80.18;93.54;106.91;120.27;133.63;147.00;160.36;173.72;187.08;200.45;213.81;227.17;240.54;253.90;267.26;280.63;293.99;307.35;320.72;334.08;347.44;360.81;374.17;387.53;400.90;414.26;427.62;440.99;454.35;467.71;481.08;494.44;507.80;521.17;534.53;547.89;561.25;574.62;587.98;601.34;614.71;628.07;641.43;654.80;668.16;681.52;694.89;708.25;721.61;734.98;748.34;761.70;775.07;788.43;801.79;815.16;828.52;841.88;855.25;868.61;881.97;
Basal;0.00;0.34;-0.72;-1.73;-3.38;-4.59;-6.02;-7.06;-8.29;-9.46;-11.93;-14.60;-17.70;-21.07;-24.66;-28.00;-30.54;-32.24;-33.35;-34.07;-34.62;-34.93;-35.16;-35.26;-35.40;-35.74;-35.83;-35.22;-33.78;-31.59;-28.81;-25.82;-22.73;-19.88;-17.84;-16.28;-15.14;-14.39;-13.80;-13.14;-12.93;-12.39;-11.84;-11.48;-11.32;-11.17;-10.97;-10.77;-10.72;-10.72;-10.95;-11.36;-12.13;-13.01;-13.89;-14.75;-15.50;-16.34;-16.91;-16.85;-15.14;-11.72;-7.06;-2.73;0.01;1.21;1.04;
Mid;0.00;0.39;-1.73;-3.93;-5.51;-6.22;-6.96;-7.11;-7.51;-8.05;-10.67;-13.78;-17.30;-20.21;-23.09;-25.61;-27.79;-29.41;-30.65;-31.45;-32.06;-32.40;-32.61;-32.65;-32.72;-33.06;-33.36;-33.32;-33.16;-32.20;-30.42;-27.54;-24.33;-21.19;-19.17;-17.63;-16.90;-16.40;-16.47;-16.18;-16.42;-15.88;-15.27;-14.39;-13.75;-13.14;-12.83;-12.63;-12.66;-12.70;-12.96;-13.31;-13.88;-14.48;-14.98;-15.42;-15.72;-16.24;-16.82;-16.94;-15.45;-11.83;-7.06;-2.80;-0.72;-0.08;-0.26;
Apical;0.00;0.03;-1.67;-3.44;-5.14;-6.20;-7.45;-8.48;-9.91;-11.28;-13.74;-16.25;-19.14;-22.10;-25.18;-27.92;-30.19;-32.05;-33.68;-34.84;-35.87;-36.67;-37.44;-38.04;-38.61;-39.31;-39.93;-40.25;-39.66;-38.48;-36.74;-34.78;-32.45;-29.97;-27.80;-25.87;-24.61;-23.40;-22.58;-21.17;-20.31;-18.76;-17.38;-16.20;-15.45;-14.84;-14.39;-14.06;-13.95;-13.83;-13.92;-14.12;-14.57;-15.03;-15.37;-15.55;-15.56;-15.64;-15.61;-15.11;-13.25;-9.93;-5.70;-1.99;-0.05;0.59;0.36;

----------------------------------------------------------


