PatientInformation
==========================================================
PatientID;No patientID
Name;,,
Date of Birth;
Sex;
Version;AutoStrainCap2 2.1.0.491925

Results
==========================================================
Global
----------------------------------------------------------
LaSr_ED;16.91;%
LaScd_ED;-16.67;%
LaSct_ED;-0.24;%
LaSr_AC;16.87;%
LaScd_AC;-16.63;%
LaSct_AC;-0.24;%
ED;0.00;ms
ES;301.25;ms
PreA;505.85;ms

Curves
==========================================================
Longitudinal Strain
Unit [%]
Time [ms];0.00;10.28;20.56;30.84;41.13;51.41;61.69;71.97;82.25;92.53;102.82;113.10;123.38;133.66;143.94;154.22;164.51;174.79;185.07;195.35;205.63;215.91;226.20;236.48;246.76;257.04;267.32;277.60;287.88;298.17;308.45;318.73;329.01;339.29;349.57;359.86;370.14;380.42;390.70;400.98;411.26;421.55;431.83;442.11;452.39;462.67;472.95;483.23;493.52;503.80;514.08;524.36;534.64;544.92;555.21;565.49;575.77;586.05;596.33;606.61;616.90;627.18;637.46;647.74;658.02;668.30;678.59;688.87;699.15;
LAS_ED;0.00;-2.11;-2.14;-0.04;1.55;2.26;2.81;3.44;4.09;4.63;4.70;4.84;5.01;5.92;7.03;8.34;9.47;10.59;11.95;13.05;14.20;15.04;15.28;15.34;15.29;15.66;16.10;16.53;16.81;16.90;16.86;16.62;16.38;16.14;16.22;16.25;16.28;15.67;14.94;13.89;12.96;11.70;10.23;8.22;6.18;4.25;2.45;1.10;0.35;0.21;0.47;0.80;1.18;1.39;1.46;1.22;0.88;0.44;-0.06;-0.51;-0.69;-0.61;-0.37;-0.23;-0.30;-0.36;-0.10;0.56;0.97;
LAS_AC;-0.21;-2.31;-2.34;-0.25;1.34;2.04;2.60;3.22;3.87;4.41;4.48;4.62;4.79;5.70;6.80;8.11;9.24;10.36;11.72;12.82;13.96;14.80;15.04;15.10;15.05;15.42;15.85;16.29;16.57;16.66;16.62;16.37;16.14;15.89;15.98;16.01;16.04;15.43;14.70;13.66;12.72;11.47;10.00;7.99;5.95;4.03;2.24;0.89;0.14;0.00;0.26;0.59;0.97;1.17;1.25;1.01;0.67;0.23;-0.27;-0.72;-0.89;-0.82;-0.58;-0.44;-0.51;-0.57;-0.31;0.35;0.76;

----------------------------------------------------------


