PatientInformation
==========================================================
PatientID;No patientID
Name;,,
Date of Birth;
Sex;
Version;AutoStrainCap2 2.1.0.491925

Results
==========================================================
Global
----------------------------------------------------------
RVFWSL;-24.01;%
RV4CSL;-19.76;%
ED;0.00;ms
ES;391.99;ms

Curves
==========================================================
Longitudinal Strain
Unit [%]
Time [ms];0.00;11.14;22.27;33.41;44.54;55.68;66.82;77.95;89.09;100.22;111.36;122.50;133.63;144.77;155.90;167.04;178.18;189.31;200.45;211.58;222.72;233.86;244.99;256.13;267.26;278.40;289.54;300.67;311.81;322.94;334.08;345.22;356.35;367.49;378.62;389.76;400.90;412.03;423.17;434.30;445.44;456.58;467.71;478.85;489.98;501.12;512.26;523.39;534.53;545.66;556.80;
Basal;0.00;-1.85;-3.72;-4.30;-4.15;-4.16;-4.46;-5.02;-5.85;-7.07;-8.50;-10.23;-11.97;-13.40;-14.54;-15.62;-16.65;-18.02;-19.49;-20.84;-22.14;-23.41;-24.48;-25.10;-25.48;-25.70;-26.06;-26.92;-27.75;-28.01;-27.93;-27.64;-27.33;-26.99;-26.96;-27.33;-27.43;-26.57;-24.83;-22.13;-19.55;-18.31;-16.63;-13.42;-9.32;-4.97;-1.54;-0.27;-0.13;-0.23;-0.30;
Mid;0.00;-0.90;-1.87;-1.94;-1.50;-1.37;-1.49;-2.18;-3.06;-4.05;-5.13;-6.37;-7.77;-9.14;-10.28;-11.00;-11.54;-12.43;-13.46;-14.49;-15.48;-16.22;-16.84;-17.49;-18.02;-18.44;-18.93;-19.74;-20.51;-20.94;-21.11;-21.15;-21.15;-20.96;-20.84;-21.11;-20.89;-19.51;-17.55;-15.63;-13.91;-12.52;-10.90;-8.63;-5.97;-3.18;-1.05;-0.25;-0.22;-0.37;-0.44;
Apical;0.00;-1.25;-2.47;-3.15;-3.31;-3.16;-3.13;-3.65;-4.43;-5.48;-6.69;-8.10;-9.61;-10.89;-11.94;-12.87;-13.64;-14.59;-15.63;-16.61;-17.61;-18.55;-19.31;-19.79;-20.07;-20.31;-20.56;-21.08;-21.53;-21.63;-21.50;-21.18;-20.98;-20.86;-20.74;-20.42;-19.47;-17.75;-15.64;-13.32;-11.26;-9.83;-8.22;-6.10;-3.77;-1.48;0.20;0.73;0.70;0.50;0.21;

----------------------------------------------------------


