PatientInformation
==========================================================
PatientID;No patientID
Name;,,
Date of Birth;
Sex;
Version;AutoStrainCap2 2.1.0.491925

Results
==========================================================
Global
----------------------------------------------------------
LaSr_ED;20.03;%
LaScd_ED;-17.75;%
LaSct_ED;-2.27;%
LaSr_AC;19.58;%
LaScd_AC;-17.36;%
LaSct_AC;-2.22;%
ED;0.00;ms
ES;350.55;ms
PreA;655.08;ms

Curves
==========================================================
Longitudinal Strain
Unit [%]
Time [ms];0.00;9.79;19.58;29.38;39.17;48.96;58.75;68.54;78.34;88.13;97.92;107.71;117.50;127.30;137.09;146.88;156.67;166.46;176.26;186.05;195.84;205.63;215.42;225.22;235.01;244.80;254.59;264.38;274.18;283.97;293.76;303.55;313.34;323.14;332.93;342.72;352.51;362.30;372.10;381.89;391.68;401.47;411.26;421.06;430.85;440.64;450.43;460.22;470.02;479.81;489.60;499.39;509.18;518.98;528.77;538.56;548.35;558.14;567.94;577.73;587.52;597.31;607.10;616.90;626.69;636.48;646.27;656.06;665.86;675.65;685.44;695.23;705.02;714.82;724.61;734.40;744.19;753.98;763.78;773.57;783.36;793.15;802.94;812.74;822.53;832.32;842.11;851.90;861.70;871.49;881.28;891.07;900.86;910.66;920.45;930.24;940.03;949.82;
LAS_ED;0.00;-3.66;-4.40;-3.42;-1.86;-0.94;-0.53;-0.34;-0.11;0.33;0.97;1.74;2.51;3.29;4.00;4.73;5.51;6.32;7.21;8.13;9.14;9.96;10.85;11.74;12.63;13.53;14.42;15.25;16.11;16.77;17.47;18.09;18.71;19.22;19.66;19.93;20.02;19.78;19.47;19.08;18.70;18.41;18.17;18.00;17.81;17.80;17.73;17.59;17.41;16.82;16.10;15.05;13.76;12.02;10.16;8.33;6.70;5.31;4.21;3.45;2.90;2.67;2.55;2.51;2.54;2.48;2.42;2.26;2.07;1.79;1.52;1.29;1.10;1.01;0.93;0.89;0.81;0.71;0.57;0.43;0.30;0.17;0.03;-0.12;-0.37;-0.62;-0.95;-1.27;-1.52;-1.95;-2.37;-3.00;-3.83;-5.10;-6.10;-6.46;-5.48;-2.75;
LAS_AC;-2.21;-5.78;-6.51;-5.55;-4.02;-3.13;-2.72;-2.53;-2.31;-1.88;-1.26;-0.50;0.25;1.01;1.71;2.42;3.18;3.97;4.85;5.75;6.74;7.54;8.41;9.27;10.14;11.03;11.90;12.70;13.55;14.20;14.88;15.49;16.10;16.59;17.02;17.29;17.37;17.14;16.83;16.45;16.08;15.80;15.56;15.40;15.22;15.20;15.14;15.00;14.82;14.24;13.54;12.52;11.25;9.54;7.73;5.94;4.34;2.99;1.91;1.17;0.63;0.41;0.29;0.25;0.28;0.22;0.16;0.00;-0.18;-0.46;-0.72;-0.94;-1.13;-1.22;-1.29;-1.33;-1.42;-1.51;-1.65;-1.79;-1.91;-2.04;-2.18;-2.32;-2.57;-2.81;-3.14;-3.45;-3.69;-4.11;-4.52;-5.14;-5.95;-7.19;-8.17;-8.53;-7.56;-4.90;

----------------------------------------------------------


