PatientInformation
==========================================================
PatientID;No patientID
Name;,,
Date of Birth;
Sex;
Version;AutoStrainCap2 2.1.0.491925

Results
==========================================================
Global
----------------------------------------------------------
RVFWSL;-33.35;%
RV4CSL;-26.70;%
ED;0.00;ms
ES;365.47;ms

Curves
==========================================================
Longitudinal Strain
Unit [%]
Time [ms];0.00;10.15;20.30;30.46;40.61;50.76;60.91;71.06;81.22;91.37;101.52;111.67;121.82;131.98;142.13;152.28;162.43;172.58;182.74;192.89;203.04;213.19;223.34;233.50;243.65;253.80;263.95;274.10;284.26;294.41;304.56;314.71;324.86;335.02;345.17;355.32;365.47;375.62;385.78;395.93;406.08;416.23;426.38;436.54;446.69;456.84;466.99;477.14;487.30;497.45;507.60;517.75;527.90;538.06;548.21;558.36;568.51;578.66;588.82;598.97;609.12;619.27;629.42;639.58;649.73;659.88;670.03;680.18;690.34;700.49;710.64;720.79;730.94;741.10;751.25;761.40;771.55;781.70;791.86;802.01;812.16;822.31;832.46;842.62;852.77;862.92;873.07;883.22;893.38;903.53;913.68;
Basal;0.00;-0.56;-1.33;-2.04;-2.35;-2.24;-1.73;-1.27;-1.14;-1.65;-2.63;-3.94;-5.22;-6.56;-7.69;-8.72;-9.62;-10.61;-11.60;-12.54;-13.67;-14.44;-15.29;-15.98;-16.41;-16.93;-17.20;-17.45;-17.73;-18.05;-18.50;-19.13;-19.94;-21.42;-23.01;-24.67;-26.17;-27.70;-28.74;-29.20;-29.71;-29.67;-29.98;-30.11;-30.01;-29.10;-27.81;-26.04;-23.98;-22.50;-20.40;-17.96;-15.18;-12.98;-11.04;-9.54;-8.86;-8.34;-8.41;-8.57;-8.57;-8.51;-8.06;-7.45;-6.51;-5.54;-4.49;-3.70;-3.19;-3.41;-3.95;-4.77;-5.66;-6.47;-7.21;-7.80;-8.32;-8.65;-8.77;-8.50;-7.70;-6.33;-4.56;-2.73;-1.18;-0.33;0.08;0.26;0.27;0.37;0.30;
Mid;0.00;-0.58;-1.32;-2.07;-2.71;-3.33;-3.77;-4.14;-4.54;-4.70;-5.03;-5.54;-6.21;-7.34;-8.52;-9.69;-10.75;-11.93;-13.02;-14.13;-15.32;-16.51;-17.71;-18.83;-19.77;-20.48;-20.98;-21.42;-21.93;-22.56;-23.36;-24.30;-25.30;-26.50;-27.55;-28.31;-28.62;-28.28;-27.22;-25.67;-24.28;-23.19;-22.73;-22.52;-22.43;-21.79;-21.12;-20.27;-19.28;-18.34;-16.80;-14.89;-12.82;-11.15;-9.79;-8.78;-8.19;-7.68;-7.43;-7.27;-7.04;-6.88;-6.53;-6.04;-5.39;-4.62;-3.88;-3.32;-3.03;-3.30;-3.86;-4.61;-5.43;-6.17;-6.84;-7.42;-7.92;-8.29;-8.45;-8.24;-7.50;-6.26;-4.59;-2.83;-1.23;-0.25;0.36;0.70;0.78;0.76;0.50;
Apical;0.00;-0.38;-0.87;-1.34;-1.64;-2.00;-2.18;-2.36;-2.71;-3.14;-3.85;-4.77;-5.81;-7.06;-8.34;-9.66;-10.88;-12.50;-14.04;-15.65;-17.46;-19.23;-21.16;-23.02;-24.64;-26.33;-27.83;-29.30;-30.85;-32.49;-34.31;-36.25;-38.25;-40.08;-41.51;-42.24;-41.85;-39.83;-36.35;-32.18;-28.12;-26.71;-26.71;-27.81;-29.76;-33.22;-36.45;-38.50;-38.95;-36.00;-30.96;-25.27;-20.20;-16.59;-13.96;-11.94;-10.16;-8.33;-6.64;-5.33;-4.61;-4.51;-4.81;-5.15;-5.24;-5.17;-4.83;-4.50;-4.32;-4.45;-4.81;-5.35;-5.98;-6.64;-7.27;-7.86;-8.42;-8.99;-9.37;-9.40;-8.89;-7.68;-6.00;-4.13;-2.32;-1.09;-0.18;0.40;0.62;0.72;0.49;

----------------------------------------------------------


