PatientInformation
==========================================================
PatientID;No patientID
Name;,,
Date of Birth;
Sex;
Version;AutoStrainCap2 2.1.0.491925

Results
==========================================================
Global
----------------------------------------------------------
LaSr_ED;27.98;%
LaScd_ED;-13.99;%
LaSct_ED;-13.99;%
LaSr_AC;24.60;%
LaScd_AC;-12.30;%
LaSct_AC;-12.30;%
ED;0.00;ms
ES;230.17;ms
PreA;471.20;ms

Curves
==========================================================
Longitudinal Strain
Unit [%]
Time [ms];0.00;9.88;19.76;29.64;39.51;49.39;59.27;69.15;79.03;88.91;98.78;108.66;118.54;128.42;138.30;148.18;158.05;167.93;177.81;187.69;197.57;207.45;217.32;227.20;237.08;246.96;256.84;266.72;276.59;286.47;296.35;306.23;316.11;325.99;335.87;345.74;355.62;365.50;375.38;385.26;395.14;405.01;414.89;424.77;434.65;444.53;454.41;464.28;474.16;484.04;493.92;503.80;513.68;523.55;533.43;543.31;553.19;563.07;572.95;582.82;592.70;602.58;612.46;622.34;632.22;642.10;651.97;661.85;671.73;681.61;691.49;701.37;
LAS_ED;0.00;2.22;1.87;-0.01;-0.41;0.57;1.31;1.78;2.01;2.96;4.88;7.48;10.09;12.30;14.12;15.84;17.39;19.04;20.78;22.61;24.44;26.09;27.32;27.94;27.77;26.80;25.43;24.21;23.63;23.60;24.02;24.91;25.95;26.98;27.53;27.82;27.77;27.51;26.92;25.95;24.59;22.95;21.27;19.74;18.33;17.09;15.79;14.70;13.74;13.15;12.78;12.65;12.50;12.17;11.56;10.29;8.77;6.83;4.62;2.45;0.85;-0.17;-0.48;-0.52;-0.06;0.24;0.80;0.48;0.26;-0.39;-1.26;-1.59;
LAS_AC;-12.08;-10.13;-10.44;-12.09;-12.44;-11.58;-10.93;-10.52;-10.31;-9.48;-7.79;-5.50;-3.21;-1.26;0.34;1.85;3.21;4.66;6.19;7.80;9.41;10.86;11.94;12.49;12.34;11.48;10.28;9.21;8.69;8.67;9.04;9.82;10.74;11.65;12.12;12.38;12.33;12.11;11.59;10.74;9.54;8.10;6.62;5.28;4.04;2.94;1.80;0.84;0.00;-0.52;-0.84;-0.96;-1.09;-1.37;-1.92;-3.03;-4.37;-6.07;-8.02;-9.93;-11.33;-12.23;-12.50;-12.54;-12.13;-11.86;-11.37;-11.66;-11.85;-12.43;-13.18;-13.47;

----------------------------------------------------------


