PatientInformation
==========================================================
PatientID;No patientID
Name;,,
Date of Birth;
Sex;
Version;AutoStrainCap2 2.1.0.491925

Results
==========================================================
Global
----------------------------------------------------------
RVFWSL;-29.77;%
RV4CSL;-31.63;%
ED;0.00;ms
ES;327.08;ms

Curves
==========================================================
Longitudinal Strain
Unit [%]
Time [ms];0.00;9.68;19.35;29.03;38.71;48.38;58.06;67.74;77.41;87.09;96.77;106.44;116.12;125.80;135.48;145.15;154.83;164.51;174.18;183.86;193.54;203.21;212.89;222.57;232.24;241.92;251.60;261.27;270.95;280.63;290.30;299.98;309.66;319.33;329.01;338.69;348.37;358.04;367.72;377.40;387.07;396.75;406.43;416.10;425.78;435.46;445.13;454.81;464.49;474.16;483.84;493.52;503.19;512.87;522.55;532.22;541.90;551.58;561.25;570.93;580.61;590.29;599.96;609.64;619.32;628.99;638.67;648.35;658.02;667.70;677.38;687.05;696.73;
Basal;0.00;-0.26;-0.26;-0.01;1.23;2.17;2.16;-0.82;-4.62;-8.30;-10.61;-12.09;-12.84;-12.52;-12.06;-12.02;-13.67;-15.85;-18.05;-19.52;-20.63;-21.56;-22.57;-23.55;-24.39;-25.10;-25.53;-25.76;-25.33;-24.79;-24.13;-23.71;-23.25;-22.70;-22.50;-22.21;-21.92;-21.76;-21.75;-21.99;-22.68;-23.09;-22.97;-21.58;-19.99;-18.35;-17.50;-16.93;-16.62;-16.49;-16.18;-15.45;-14.16;-12.17;-9.70;-6.67;-3.69;-1.02;0.65;1.61;2.02;1.89;1.64;1.41;1.86;2.43;2.96;2.64;2.12;1.49;1.04;0.59;0.14;
Mid;0.00;0.06;-0.20;-0.69;-1.15;-2.06;-3.46;-5.93;-8.62;-11.09;-12.55;-13.44;-13.93;-14.23;-14.57;-15.22;-16.92;-18.96;-21.13;-22.91;-24.56;-25.93;-27.03;-27.89;-28.64;-29.38;-30.05;-30.55;-30.75;-30.88;-31.16;-31.62;-32.13;-32.40;-32.74;-32.77;-32.56;-32.05;-31.50;-31.22;-31.31;-31.40;-31.02;-30.00;-28.69;-27.36;-26.24;-25.28;-24.46;-23.80;-22.87;-21.51;-19.41;-16.82;-13.98;-11.34;-8.83;-6.47;-4.39;-2.82;-1.88;-1.83;-2.11;-2.47;-2.41;-2.20;-1.87;-1.80;-1.74;-1.70;-1.40;-1.05;-0.67;
Apical;0.00;-1.06;-1.30;-1.13;-0.99;-1.47;-2.59;-5.01;-7.69;-10.22;-12.02;-13.30;-14.20;-14.74;-15.32;-15.99;-17.23;-18.63;-20.26;-21.92;-23.57;-24.95;-26.17;-27.11;-27.90;-28.57;-29.17;-29.80;-30.36;-31.04;-31.85;-33.16;-34.43;-35.33;-35.20;-34.57;-33.56;-32.28;-31.02;-30.04;-29.31;-28.61;-27.81;-26.88;-25.81;-24.51;-23.26;-21.98;-20.71;-19.18;-17.53;-15.81;-14.00;-11.91;-9.60;-7.26;-4.93;-2.70;-0.79;0.65;1.54;1.77;1.68;1.39;1.24;1.15;1.22;1.09;1.09;1.17;1.59;1.78;1.20;

----------------------------------------------------------


