PatientInformation
==========================================================
PatientID;No patientID
Name;,,
Date of Birth;
Sex;
Version;AutoStrainCap2 2.1.0.491925

Results
==========================================================
Global
----------------------------------------------------------
LaSr_ED;27.50;%
LaScd_ED;-6.57;%
LaSct_ED;-20.93;%
LaSr_AC;22.74;%
LaScd_AC;-5.43;%
LaSct_AC;-17.30;%
ED;0.00;ms
ES;437.94;ms
PreA;672.40;ms

Curves
==========================================================
Longitudinal Strain
Unit [%]
Time [ms];0.00;22.12;44.24;66.36;88.47;110.59;132.71;154.83;176.95;199.07;221.18;243.30;265.42;287.54;309.66;331.78;353.89;376.01;398.13;420.25;442.37;464.49;486.61;508.72;530.84;552.96;575.08;597.20;619.32;641.43;663.55;685.67;707.79;729.91;752.03;774.14;796.26;818.38;840.50;862.62;884.74;
LAS_ED;0.00;-0.73;-0.45;1.98;5.48;8.09;10.52;13.89;17.12;19.96;22.17;23.98;25.08;25.25;25.12;25.28;25.49;25.27;25.63;26.90;27.43;25.57;23.25;22.40;22.08;21.02;20.10;20.47;21.14;21.15;20.96;20.91;20.80;20.48;19.04;15.39;10.62;5.73;1.72;-0.20;-0.30;
LAS_AC;-17.33;-17.93;-17.70;-15.69;-12.80;-10.64;-8.63;-5.84;-3.17;-0.83;1.00;2.50;3.40;3.55;3.44;3.57;3.74;3.56;3.86;4.91;5.35;3.81;1.89;1.19;0.93;0.05;-0.71;-0.41;0.14;0.16;0.00;-0.04;-0.14;-0.39;-1.59;-4.61;-8.55;-12.59;-15.91;-17.49;-17.58;

----------------------------------------------------------


