PatientInformation
==========================================================
PatientID;No patientID
Name;,,
Date of Birth;
Sex;
Version;AutoStrainCap2 2.1.0.491925

Results
==========================================================
Global
----------------------------------------------------------
RVFWSL;-34.81;%
RV4CSL;-28.14;%
ED;0.00;ms
ES;332.60;ms

Curves
==========================================================
Longitudinal Strain
Unit [%]
Time [ms];0.00;13.41;26.82;40.23;53.64;67.06;80.47;93.88;107.29;120.70;134.11;147.52;160.93;174.35;187.76;201.17;214.58;227.99;241.40;254.81;268.22;281.64;295.05;308.46;321.87;335.28;348.69;362.10;375.51;388.92;402.34;415.75;429.16;442.57;455.98;469.39;482.80;496.21;509.63;523.04;536.45;549.86;563.27;576.68;590.09;603.50;616.91;630.33;643.74;657.15;670.56;683.97;697.38;710.79;724.20;737.62;751.03;764.44;777.85;791.26;804.67;818.08;831.49;844.91;858.32;871.73;885.14;898.55;
Basal;0.00;-1.23;-2.49;-3.75;-5.03;-6.55;-8.42;-10.76;-13.28;-15.75;-18.02;-20.06;-21.87;-23.38;-24.70;-25.80;-26.80;-27.71;-28.75;-29.98;-31.36;-32.75;-34.10;-35.12;-36.49;-37.18;-37.26;-36.68;-35.47;-33.83;-32.00;-30.32;-28.75;-27.36;-26.22;-25.28;-24.47;-23.72;-22.92;-21.94;-20.58;-18.98;-17.30;-15.96;-14.82;-13.88;-12.91;-12.12;-11.53;-11.34;-11.32;-11.51;-11.64;-11.96;-12.34;-13.31;-13.67;-13.17;-10.69;-7.66;-4.63;-3.38;-2.53;-1.84;0.10;1.74;2.74;1.72;
Mid;0.00;-0.95;-1.88;-2.94;-4.31;-6.00;-7.96;-10.10;-12.27;-14.28;-16.05;-17.57;-18.94;-20.29;-21.54;-22.60;-23.36;-24.02;-24.71;-25.52;-26.41;-27.36;-28.32;-29.04;-29.96;-30.25;-29.93;-29.02;-27.52;-25.69;-23.80;-22.20;-20.75;-19.45;-18.30;-17.31;-16.52;-15.96;-15.49;-14.93;-14.00;-12.92;-11.84;-11.16;-10.68;-10.35;-9.96;-9.68;-9.52;-9.55;-9.70;-9.97;-10.18;-10.48;-10.72;-11.16;-11.07;-10.29;-8.19;-5.70;-3.18;-1.66;-0.40;0.58;1.85;2.63;2.82;1.65;
Apical;0.00;-1.00;-2.14;-3.35;-4.76;-6.39;-8.30;-10.71;-13.24;-15.65;-17.76;-19.63;-21.32;-22.76;-24.10;-25.35;-26.61;-27.82;-29.06;-30.37;-31.72;-33.10;-34.56;-35.88;-36.67;-36.92;-36.66;-35.85;-34.42;-32.57;-30.53;-28.83;-27.17;-25.60;-24.16;-22.90;-21.89;-21.12;-20.48;-19.81;-18.96;-17.97;-16.92;-15.97;-15.15;-14.52;-13.91;-13.48;-13.18;-13.00;-12.91;-12.94;-12.95;-13.04;-13.11;-13.38;-13.16;-12.29;-10.30;-7.88;-5.39;-3.84;-2.59;-1.65;-0.32;0.62;1.18;0.73;

----------------------------------------------------------


