PatientInformation
==========================================================
PatientID;No patientID
Name;,,
Date of Birth;
Sex;
Version;AutoStrainCap2 2.1.0.491925

Results
==========================================================
Global
----------------------------------------------------------
LaSr_ED;16.57;%
LaScd_ED;-16.95;%
LaSct_ED;0.37;%
LaSr_AC;16.64;%
LaScd_AC;-17.01;%
LaSct_AC;0.37;%
ED;0.00;ms
ES;412.26;ms
PreA;693.35;ms

Curves
==========================================================
Longitudinal Strain
Unit [%]
Time [ms];0.00;18.74;37.48;56.22;74.96;93.70;112.44;131.17;149.91;168.65;187.39;206.13;224.87;243.61;262.35;281.09;299.83;318.57;337.31;356.04;374.78;393.52;412.26;431.00;449.74;468.48;487.22;505.96;524.70;543.44;562.18;580.91;599.65;618.39;637.13;655.87;674.61;693.35;712.09;730.83;749.57;768.31;787.05;805.79;824.52;843.26;862.00;880.74;899.48;918.22;936.96;955.70;
LAS_ED;0.00;-2.26;-2.00;-1.18;0.18;2.67;5.60;8.21;10.39;11.76;12.59;13.01;13.46;14.24;14.98;15.44;15.66;15.73;15.63;16.03;16.26;16.40;16.57;16.27;14.99;11.86;8.20;5.26;3.15;1.50;0.45;-0.06;-0.37;-0.75;-1.01;-0.95;-0.70;-0.37;-0.08;-0.33;-0.51;-0.36;0.07;0.54;0.78;0.79;0.66;0.74;0.81;0.36;-0.09;0.03;
LAS_AC;0.37;-1.90;-1.64;-0.81;0.55;3.05;6.00;8.62;10.80;12.17;13.01;13.44;13.88;14.67;15.41;15.87;16.09;16.16;16.06;16.46;16.69;16.84;17.01;16.70;15.42;12.27;8.60;5.65;3.53;1.87;0.82;0.31;-0.00;-0.38;-0.64;-0.58;-0.33;0.00;0.29;0.04;-0.14;0.02;0.44;0.92;1.16;1.16;1.04;1.12;1.19;0.73;0.28;0.40;

----------------------------------------------------------


