PatientInformation
==========================================================
PatientID;No patientID
Name;,,
Date of Birth;
Sex;
Version;AutoStrainCap2 2.1.0.491925

Results
==========================================================
Global
----------------------------------------------------------
RVFWSL;-26.63;%
RV4CSL;-18.24;%
ED;0.00;ms
ES;375.51;ms

Curves
==========================================================
Longitudinal Strain
Unit [%]
Time [ms];0.00;13.41;26.82;40.23;53.64;67.06;80.47;93.88;107.29;120.70;134.11;147.52;160.93;174.35;187.76;201.17;214.58;227.99;241.40;254.81;268.22;281.64;295.05;308.46;321.87;335.28;348.69;362.10;375.51;388.92;402.34;415.75;429.16;442.57;455.98;469.39;482.80;496.21;509.63;523.04;536.45;549.86;563.27;576.68;590.09;603.50;616.92;630.33;643.74;657.15;670.56;683.97;697.38;710.79;724.20;737.62;751.03;764.44;777.85;791.26;804.67;818.08;831.49;844.91;858.32;871.73;885.14;898.55;911.96;925.37;938.78;952.20;965.61;979.02;992.43;
Basal;0.00;2.10;3.00;-0.95;-1.72;-1.07;-0.22;-0.47;-1.34;-2.35;-3.12;-3.77;-4.63;-5.83;-7.31;-8.79;-10.32;-11.73;-13.09;-14.35;-15.48;-16.25;-16.76;-17.17;-17.94;-19.55;-21.29;-22.71;-23.44;-23.14;-22.36;-20.02;-16.75;-12.72;-8.69;-4.53;-0.74;2.06;4.14;5.78;7.00;7.93;8.47;8.70;8.74;8.82;9.16;9.59;9.98;10.20;10.23;10.12;9.73;9.29;8.80;8.37;7.96;7.55;7.14;6.70;6.24;5.69;5.17;4.74;4.40;4.17;3.96;3.82;3.63;3.42;3.11;2.72;2.22;1.62;0.91;
Mid;0.00;-0.19;-0.54;-3.56;-4.20;-3.82;-3.28;-3.90;-5.11;-6.58;-7.96;-9.35;-10.70;-12.21;-13.72;-15.42;-17.12;-18.91;-20.46;-21.98;-23.19;-24.25;-25.06;-25.80;-26.58;-27.37;-28.04;-28.46;-28.02;-26.86;-25.31;-23.41;-20.63;-17.13;-12.94;-8.53;-4.41;-0.48;2.69;5.32;6.80;7.87;8.54;8.52;8.34;8.08;7.96;7.87;7.77;7.71;7.47;7.19;6.75;6.31;5.85;5.51;5.23;4.95;4.71;4.43;4.16;3.77;3.42;3.12;2.88;2.71;2.57;2.49;2.38;2.24;2.06;1.85;1.74;1.80;1.56;
Apical;0.00;0.39;0.60;-2.57;-3.41;-3.28;-2.97;-3.42;-4.38;-5.56;-6.66;-7.79;-9.03;-10.48;-12.05;-13.66;-15.31;-16.89;-18.42;-19.82;-21.12;-22.16;-23.01;-23.71;-24.46;-25.39;-26.12;-26.35;-25.60;-24.07;-22.08;-19.82;-17.04;-13.78;-10.54;-7.00;-3.63;-0.33;2.28;4.47;5.57;6.30;6.64;6.64;6.55;6.39;6.38;6.37;6.36;6.32;6.19;5.99;5.64;5.29;4.93;4.68;4.47;4.26;4.06;3.81;3.58;3.26;2.98;2.75;2.55;2.40;2.27;2.19;2.10;1.99;1.82;1.62;1.46;1.47;1.24;

----------------------------------------------------------


