PatientInformation
==========================================================
PatientID;No patientID
Name;,,
Date of Birth;
Sex;
Version;AutoStrainCap2 2.1.0.491925

Results
==========================================================
Global
----------------------------------------------------------
RVFWSL;-22.28;%
RV4CSL;-19.86;%
ED;0.00;ms
ES;286.00;ms

Curves
==========================================================
Longitudinal Strain
Unit [%]
Time [ms];0.00;20.43;40.86;61.29;81.72;102.14;122.57;143.00;163.43;183.86;204.29;224.72;245.15;265.57;286.00;306.43;326.86;347.29;367.72;388.15;408.58;429.00;449.43;
Basal;0.00;-2.30;-4.93;-3.93;-4.83;-6.27;-7.62;-9.62;-11.46;-13.11;-14.63;-15.82;-16.98;-17.69;-17.82;-17.55;-17.87;-17.29;-15.50;-12.07;-10.20;-4.61;-1.03;
Mid;0.00;-2.75;-4.41;-3.31;-4.12;-6.11;-8.34;-10.95;-13.49;-15.89;-18.11;-19.97;-21.58;-22.71;-23.24;-23.21;-23.12;-22.20;-19.77;-15.67;-11.28;-5.25;-1.71;
Apical;0.00;-2.56;-5.06;-4.69;-6.03;-7.94;-9.70;-12.40;-15.10;-17.78;-20.40;-22.43;-24.25;-25.72;-26.38;-26.34;-25.94;-24.20;-21.21;-16.59;-12.46;-6.68;-2.44;

----------------------------------------------------------


