PatientInformation
==========================================================
PatientID;No patientID
Name;,,
Date of Birth;
Sex;
Version;AutoStrainCap2 2.1.0.491925

Results
==========================================================
Global
----------------------------------------------------------
LaSr_ED;14.90;%
LaScd_ED;-10.87;%
LaSct_ED;-4.03;%
LaSr_AC;14.35;%
LaScd_AC;-10.47;%
LaSct_AC;-3.89;%
ED;0.00;ms
ES;344.05;ms
PreA;481.05;ms

Curves
==========================================================
Longitudinal Strain
Unit [%]
Time [ms];0.00;10.30;20.60;30.90;41.20;51.50;61.80;72.11;82.41;92.71;103.01;113.31;123.61;133.91;144.21;154.51;164.81;175.11;185.41;195.72;206.02;216.32;226.62;236.92;247.22;257.52;267.82;278.12;288.42;298.72;309.02;319.32;329.63;339.93;350.23;360.53;370.83;381.13;391.43;401.73;412.03;422.33;432.63;442.93;453.24;463.54;473.84;484.14;494.44;504.74;515.04;525.34;535.64;545.94;556.24;566.54;576.84;587.15;597.45;607.75;
LAS_ED;0.00;-1.37;-1.23;0.78;1.33;1.25;1.06;1.43;2.03;2.65;2.96;3.25;3.68;4.37;5.14;5.81;6.12;6.23;6.23;6.22;6.31;6.68;7.38;8.20;8.83;9.01;9.07;9.35;10.13;11.32;12.57;13.63;14.36;14.85;14.83;14.40;13.24;11.73;9.78;7.97;6.30;5.15;4.41;4.43;4.62;4.82;4.49;3.82;3.12;2.76;2.46;2.18;1.81;1.33;0.76;-0.11;-0.74;-0.91;-0.06;0.56;
LAS_AC;-3.68;-5.00;-4.86;-2.92;-2.40;-2.47;-2.66;-2.30;-1.72;-1.12;-0.82;-0.54;-0.13;0.54;1.27;1.92;2.22;2.33;2.32;2.32;2.41;2.76;3.43;4.22;4.83;5.01;5.06;5.33;6.09;7.23;8.43;9.45;10.16;10.63;10.61;10.20;9.08;7.62;5.74;4.00;2.39;1.28;0.57;0.59;0.78;0.97;0.65;0.00;-0.67;-1.02;-1.31;-1.58;-1.93;-2.40;-2.94;-3.78;-4.39;-4.55;-3.74;-3.13;

----------------------------------------------------------


