PatientInformation
==========================================================
PatientID;No patientID
Name;,,
Date of Birth;
Sex;
Version;AutoStrainCap2 2.1.0.491925

Results
==========================================================
Global
----------------------------------------------------------
GLS(3P);-8.00;%
GLS(4Ch);-8.02;%
GLS(2Ch);-8.83;%
GLS(3Ch);-7.16;%
ED;0.00;ms
ES;294.27;ms

Results
==========================================================
Longitudinal Strain
T2P
Minimum
----------------------------------------------------------
Segment 0 [mean];336.53;ms
----------------------------------------------------------
Segment 1 [ant];321.77;ms
Segment 2 [ant/sept];384.90;ms
Segment 3 [inf/sept];448.03;ms
Segment 4 [inf];312.60;ms
Segment 5 [inf/lat];367.59;ms
Segment 6 [ant/lat];467.38;ms
----------------------------------------------------------
Segment 7 [ant];254.56;ms
Segment 8 [ant/sept];404.24;ms
Segment 9 [inf/sept];355.37;ms
Segment 10 [inf];261.69;ms
Segment 11 [inf/lat];236.23;ms
Segment 12 [ant/lat];485.70;ms
----------------------------------------------------------
Segment 13 [ant];260.67;ms
Segment 14 [ant/sept];355.37;ms
Segment 15 [inf/sept];340.09;ms
Segment 16 [inf];327.88;ms
Segment 17 [inf/lat];143.57;ms
Segment 18 [ant/lat];329.91;ms
----------------------------------------------------------


Results
==========================================================
Longitudinal Strain
End-systolic

----------------------------------------------------------
Segment 0 [mean];-6.86;%
----------------------------------------------------------
Segment 1 [ant];-6.65;%
Segment 2 [ant/sept];-3.68;%
Segment 3 [inf/sept];-2.97;%
Segment 4 [inf];-19.55;%
Segment 5 [inf/lat];-0.33;%
Segment 6 [ant/lat];-3.56;%
----------------------------------------------------------
Segment 7 [ant];-2.78;%
Segment 8 [ant/sept];-1.59;%
Segment 9 [inf/sept];-11.96;%
Segment 10 [inf];-10.15;%
Segment 11 [inf/lat];-17.54;%
Segment 12 [ant/lat];-14.38;%
----------------------------------------------------------
Segment 13 [ant];-3.89;%
Segment 14 [ant/sept];-1.23;%
Segment 15 [inf/sept];-5.80;%
Segment 16 [inf];-5.72;%
Segment 17 [inf/lat];-10.75;%
Segment 18 [ant/lat];-0.92;%
----------------------------------------------------------


Results
==========================================================
Longitudinal Strain
Peak-systolic

----------------------------------------------------------
Segment 0 [mean];-8.04;%
----------------------------------------------------------
Segment 1 [ant];-6.65;%
Segment 2 [ant/sept];-3.94;%
Segment 3 [inf/sept];-2.97;%
Segment 4 [inf];-19.55;%
Segment 5 [inf/lat];-0.68;%
Segment 6 [ant/lat];-4.20;%
----------------------------------------------------------
Segment 7 [ant];-3.58;%
Segment 8 [ant/sept];-1.92;%
Segment 9 [inf/sept];-11.96;%
Segment 10 [inf];-15.11;%
Segment 11 [inf/lat];-24.00;%
Segment 12 [ant/lat];-14.38;%
----------------------------------------------------------
Segment 13 [ant];-7.19;%
Segment 14 [ant/sept];-1.78;%
Segment 15 [inf/sept];-5.80;%
Segment 16 [inf];-5.72;%
Segment 17 [inf/lat];-14.34;%
Segment 18 [ant/lat];-0.92;%
----------------------------------------------------------


Curves
==========================================================
Longitudinal Strain
Unit [%]
Time [ms];0.00;10.18;20.36;30.55;40.73;50.91;61.09;71.28;81.46;91.64;101.82;112.01;122.19;132.37;142.55;152.74;162.92;173.10;183.28;193.47;203.65;213.83;224.01;234.20;244.38;254.56;264.74;274.93;285.11;295.29;305.47;315.66;325.84;336.02;346.20;356.39;366.57;376.75;386.93;397.12;407.30;417.48;427.66;437.85;448.03;458.21;468.39;478.58;488.76;498.94;509.12;519.31;529.49;539.67;549.85;560.04;570.22;580.40;590.58;600.77;610.95;621.13;631.31;641.50;651.68;661.86;672.04;682.23;692.41;702.59;712.77;722.96;733.14;743.32;753.50;763.69;773.87;784.05;794.23;804.42;
Total;0.00;-0.12;-0.09;0.03;0.04;-0.12;-0.41;-0.70;-1.00;-1.28;-1.63;-2.02;-2.42;-2.87;-3.35;-3.86;-4.37;-4.85;-5.27;-5.64;-5.97;-6.25;-6.46;-6.62;-6.79;-6.93;-7.03;-7.07;-7.02;-6.91;-6.82;-6.77;-6.78;-6.89;-7.00;-7.01;-6.86;-6.56;-6.11;-5.57;-5.04;-4.51;-4.03;-3.56;-3.12;-2.70;-2.39;-2.19;-2.03;-1.90;-1.68;-1.40;-1.05;-0.72;-0.42;-0.05;0.32;0.69;1.04;1.30;1.50;1.64;1.78;1.90;2.00;2.02;2.03;2.04;2.10;2.17;2.21;2.22;2.17;2.09;2.01;1.98;1.97;1.85;1.46;0.75;
Segment 1;0.00;0.13;1.38;2.89;3.55;3.47;3.01;2.45;1.95;1.48;1.01;0.55;0.00;-0.63;-1.43;-2.21;-2.96;-3.54;-4.03;-4.47;-4.90;-5.34;-5.73;-6.04;-6.29;-6.45;-6.54;-6.59;-6.62;-6.66;-6.77;-6.88;-6.89;-6.64;-6.14;-5.48;-4.78;-4.15;-3.38;-2.45;-1.08;0.33;1.68;2.62;3.27;3.66;3.79;3.74;3.62;3.51;3.50;3.58;3.75;3.97;4.18;4.23;3.98;3.60;3.27;3.26;3.52;3.86;4.11;4.17;4.22;4.26;4.47;4.69;4.93;5.12;5.28;5.36;5.33;5.30;5.41;5.84;6.44;6.54;5.49;2.91;
Segment 2;0.00;0.14;0.06;-0.14;-0.26;-0.41;-0.61;-0.78;-0.90;-0.93;-0.85;-0.70;-0.46;-0.22;-0.03;0.00;-0.28;-0.87;-1.70;-2.53;-3.20;-3.58;-3.73;-3.75;-3.74;-3.82;-3.90;-3.94;-3.83;-3.65;-3.38;-3.15;-3.07;-3.13;-3.37;-3.66;-3.90;-4.03;-4.06;-4.01;-3.94;-3.87;-3.80;-3.74;-3.68;-3.64;-3.60;-3.55;-3.46;-3.32;-3.16;-3.00;-2.86;-2.74;-2.67;-2.63;-2.63;-2.65;-2.70;-2.73;-2.72;-2.66;-2.55;-2.40;-2.24;-2.07;-1.88;-1.69;-1.49;-1.29;-1.08;-0.86;-0.63;-0.39;-0.17;-0.02;0.03;-0.07;-0.19;-0.21;
Segment 3;0.00;-0.02;0.04;0.16;0.23;0.28;0.31;0.31;0.20;-0.07;-0.53;-1.02;-1.33;-1.36;-1.39;-1.54;-1.84;-2.11;-2.18;-2.07;-1.91;-1.94;-2.09;-2.26;-2.30;-2.28;-2.28;-2.45;-2.71;-3.00;-3.24;-3.43;-3.59;-3.69;-3.72;-3.67;-3.49;-3.38;-3.46;-3.92;-4.50;-5.04;-5.36;-5.55;-5.61;-5.56;-5.43;-5.12;-4.60;-3.88;-3.18;-2.53;-1.79;-1.53;-1.44;-0.98;-0.11;1.02;2.28;3.17;3.80;4.19;4.32;4.27;4.10;3.89;3.70;3.58;3.61;3.71;3.92;4.29;4.49;4.14;2.88;1.50;0.58;0.44;0.37;0.25;
Segment 4;0.00;-0.35;-0.61;-1.06;-1.86;-2.88;-3.78;-4.18;-4.10;-3.98;-4.13;-4.66;-5.49;-6.50;-7.78;-9.25;-10.98;-13.31;-15.79;-17.96;-19.22;-19.52;-19.16;-18.29;-17.29;-16.28;-15.86;-16.95;-18.37;-19.65;-20.25;-20.34;-19.89;-18.94;-17.52;-15.90;-14.36;-12.90;-11.45;-9.76;-8.43;-6.86;-5.36;-3.72;-2.26;-1.17;-0.67;-0.68;-0.81;-0.74;-0.37;0.18;0.60;0.85;0.94;1.00;1.02;1.01;0.86;0.49;-0.03;-0.60;-1.08;-1.36;-1.47;-1.30;-0.84;-0.21;0.24;0.66;0.73;0.71;0.24;-0.40;-0.88;-1.04;-0.84;-0.60;-0.55;-0.17;
Segment 5;0.00;-0.10;-0.25;-0.59;-0.60;0.20;1.35;2.77;3.75;4.79;5.34;5.94;6.11;5.61;4.70;3.48;2.29;1.12;0.22;-0.43;-0.62;-0.25;0.43;1.15;1.53;1.39;0.90;0.34;0.10;-0.37;-0.58;-1.20;-2.34;-4.62;-7.31;-9.47;-11.05;-10.04;-8.43;-6.10;-4.14;-2.88;-2.18;-1.90;-1.58;-1.19;-0.52;0.04;0.81;0.93;1.17;1.35;1.49;2.18;2.64;3.06;2.92;2.44;1.57;0.71;0.31;0.17;0.61;1.15;1.69;2.06;2.25;2.30;2.33;2.15;2.01;1.89;1.83;2.07;2.27;2.37;2.17;1.53;0.68;0.21;
Segment 6;0.00;0.32;0.62;0.97;1.64;2.22;2.60;2.68;2.60;2.55;2.70;2.87;2.81;2.38;2.16;1.72;1.00;0.40;-0.09;-0.54;-1.16;-1.66;-2.12;-2.64;-3.22;-3.77;-4.18;-4.10;-3.81;-3.54;-3.51;-3.62;-3.83;-4.15;-4.42;-4.61;-4.62;-4.62;-4.69;-4.91;-5.20;-5.51;-5.80;-6.03;-6.22;-6.36;-6.43;-6.31;-5.93;-5.19;-3.91;-2.18;-0.33;0.95;1.76;2.34;2.74;2.96;3.03;2.84;2.60;2.47;2.80;3.45;4.30;5.02;5.70;6.34;6.85;7.10;7.08;6.79;6.33;5.73;4.99;4.09;2.96;1.58;0.41;-0.13;
Segment 7;0.00;-0.24;0.63;1.76;2.25;2.15;1.76;1.41;1.19;1.03;0.89;0.68;0.43;0.07;-0.35;-0.81;-1.21;-1.59;-1.92;-2.23;-2.54;-2.85;-3.12;-3.35;-3.51;-3.58;-3.51;-3.33;-3.04;-2.75;-2.56;-2.43;-2.29;-2.04;-1.67;-1.22;-0.75;-0.20;0.44;1.36;2.54;3.91;5.24;6.33;7.14;7.68;7.93;7.93;7.79;7.64;7.60;7.66;7.85;8.17;8.49;8.75;8.77;8.68;8.54;8.35;8.16;7.99;7.87;7.80;7.78;7.80;7.86;7.95;8.03;8.10;8.10;8.08;8.00;7.90;7.89;8.05;8.24;7.90;6.39;3.32;
Segment 8;0.00;-0.14;-0.31;-0.27;0.18;0.48;0.69;0.89;1.15;1.41;1.64;1.73;1.53;1.11;0.48;-0.19;-0.72;-1.31;-1.67;-1.88;-1.91;-1.74;-1.51;-1.28;-1.15;-1.23;-1.40;-1.55;-1.62;-1.59;-1.48;-1.37;-1.36;-1.51;-1.77;-2.07;-2.38;-2.59;-2.74;-2.83;-2.84;-2.83;-2.81;-2.79;-2.75;-2.67;-2.53;-2.37;-2.20;-2.05;-1.93;-1.81;-1.70;-1.60;-1.51;-1.44;-1.39;-1.37;-1.37;-1.37;-1.34;-1.32;-1.25;-1.18;-1.09;-0.98;-0.88;-0.77;-0.68;-0.60;-0.53;-0.45;-0.36;-0.25;-0.16;-0.10;-0.08;-0.08;-0.07;-0.04;
Segment 9;0.00;0.16;0.28;0.33;0.25;0.08;-0.19;-0.57;-1.04;-1.55;-2.10;-2.67;-3.29;-3.97;-4.58;-5.05;-5.39;-5.67;-6.07;-6.60;-7.15;-7.67;-8.19;-8.74;-9.41;-10.11;-10.77;-11.26;-11.65;-12.00;-12.34;-12.68;-13.00;-13.37;-13.64;-13.74;-13.55;-13.28;-12.98;-12.72;-12.50;-12.37;-12.37;-12.23;-11.88;-11.31;-10.77;-10.77;-11.37;-11.93;-11.89;-11.24;-10.33;-9.18;-7.80;-6.19;-4.33;-2.45;-0.81;-0.38;-0.55;-0.91;-0.78;-0.48;-0.18;-0.23;-0.34;-0.38;-0.26;-0.15;-0.17;-0.48;-0.76;-0.62;0.35;1.28;1.61;1.07;0.47;0.09;
Segment 10;0.00;-0.11;0.23;0.80;1.01;1.00;0.84;0.52;0.06;-0.46;-0.96;-1.44;-2.08;-2.94;-4.68;-6.30;-7.63;-8.32;-8.66;-8.94;-9.56;-10.49;-11.43;-12.46;-13.79;-14.81;-15.03;-13.79;-11.86;-10.01;-9.35;-9.28;-9.51;-10.14;-11.00;-11.66;-11.81;-11.30;-10.16;-8.64;-6.68;-4.82;-3.24;-2.57;-2.42;-2.38;-2.24;-1.84;-1.35;-0.99;-0.70;-0.60;-0.35;-0.19;0.14;0.38;0.71;0.93;1.08;0.97;0.71;0.44;0.29;0.37;0.52;0.66;0.70;0.67;0.83;1.01;1.38;1.62;1.86;2.07;2.35;2.94;3.74;4.23;3.89;1.99;
Segment 11;0.00;0.20;0.15;0.00;-0.81;-3.03;-6.07;-9.40;-12.48;-14.84;-16.61;-17.96;-18.94;-19.20;-19.26;-19.27;-19.36;-20.15;-21.03;-21.95;-22.75;-23.40;-23.82;-24.00;-23.85;-23.16;-22.18;-20.99;-19.52;-17.30;-14.96;-12.72;-10.71;-9.25;-7.87;-6.42;-4.85;-3.33;-1.57;0.34;2.15;3.04;3.61;3.99;4.23;4.38;4.43;4.45;4.44;4.45;4.47;4.47;4.49;4.41;4.42;4.49;4.86;5.68;6.69;7.67;8.33;8.21;7.73;7.16;6.58;6.25;5.99;5.74;5.51;5.25;5.01;4.80;4.62;4.36;4.06;3.60;2.96;2.08;1.16;0.39;
Segment 12;0.00;-0.13;-0.03;0.06;-0.58;-1.38;-2.13;-2.53;-2.97;-3.69;-4.91;-6.09;-6.89;-7.12;-7.21;-7.36;-7.64;-7.93;-8.27;-8.65;-9.05;-9.53;-10.06;-10.61;-11.20;-11.81;-12.42;-13.12;-13.81;-14.44;-14.86;-15.20;-15.52;-15.91;-16.25;-16.52;-16.62;-16.72;-16.89;-17.25;-17.67;-18.09;-18.47;-18.78;-19.08;-19.38;-19.58;-19.71;-19.74;-19.51;-18.66;-17.28;-15.75;-14.64;-13.77;-12.84;-11.59;-10.09;-8.43;-6.62;-4.72;-2.75;-0.80;0.90;2.10;2.09;1.64;1.08;0.88;0.78;0.67;0.40;0.07;-0.31;-0.71;-0.89;-0.48;0.64;1.58;1.40;
Segment 13;0.00;-0.50;-0.46;-0.09;0.10;0.15;0.07;-0.04;-0.13;-0.28;-0.56;-1.17;-1.74;-2.27;-2.41;-2.63;-3.01;-3.29;-3.65;-4.04;-4.60;-5.26;-5.81;-6.30;-6.81;-7.10;-7.10;-6.22;-5.09;-3.76;-2.66;-1.67;-0.89;-0.60;-0.76;-1.17;-1.64;-2.00;-2.29;-2.40;-2.39;-1.89;-0.85;1.70;4.62;7.22;8.56;8.73;8.37;7.82;7.26;6.92;6.79;6.96;7.25;7.67;8.07;8.43;8.61;8.61;8.43;8.19;7.97;7.78;7.67;7.60;7.47;7.34;7.17;7.10;7.00;6.88;6.72;6.52;6.32;6.18;6.05;5.64;4.55;2.31;
Segment 14;0.00;-0.54;-1.29;-1.76;-1.60;-0.87;0.07;0.98;1.65;2.43;2.88;3.04;2.95;1.91;0.83;-0.12;-0.71;-1.12;-1.16;-0.98;-0.71;-0.37;-0.16;-0.08;-0.28;-0.42;-0.75;-1.02;-1.12;-1.23;-1.20;-1.23;-1.48;-1.75;-2.10;-2.29;-1.98;-2.06;-1.62;-1.00;-0.59;0.00;0.14;0.04;-0.09;-0.11;0.00;0.19;0.37;0.37;0.31;0.25;0.19;0.18;0.19;0.18;0.11;0.01;-0.15;-0.33;-0.47;-0.50;-0.46;-0.41;-0.35;-0.32;-0.31;-0.30;-0.28;-0.23;-0.15;-0.07;0.01;0.05;0.06;0.05;0.01;-0.04;-0.07;-0.07;
Segment 15;0.00;-0.08;-0.22;-0.42;-0.59;-0.80;-1.03;-1.21;-1.41;-1.64;-1.91;-2.20;-2.48;-2.74;-2.95;-3.09;-3.16;-3.26;-3.41;-3.61;-3.83;-4.06;-4.29;-4.48;-4.71;-4.96;-5.23;-5.47;-5.66;-5.82;-6.01;-6.18;-6.31;-6.37;-6.37;-6.32;-6.24;-6.17;-6.14;-6.20;-6.26;-6.22;-5.96;-5.63;-5.12;-4.42;-3.72;-3.23;-3.00;-2.75;-2.46;-2.14;-1.80;-1.72;-1.71;-1.46;-1.26;-1.04;-0.72;-0.09;0.50;0.85;1.14;1.37;1.56;1.68;1.79;1.87;1.83;1.75;1.60;1.37;1.12;0.89;0.72;0.55;0.34;0.04;-0.26;-0.29;
Segment 16;0.00;0.12;0.48;0.98;1.37;1.61;1.74;1.85;1.96;2.00;1.77;1.09;0.36;-0.38;-1.08;-1.70;-2.18;-1.93;-1.46;-1.07;-1.13;-1.64;-2.31;-2.93;-3.39;-3.69;-4.04;-4.66;-5.31;-5.75;-5.88;-5.87;-5.95;-5.92;-5.82;-5.74;-5.65;-5.59;-5.30;-4.96;-4.56;-4.13;-3.60;-3.12;-2.73;-2.57;-2.52;-2.61;-2.80;-3.06;-3.40;-3.61;-3.69;-3.53;-3.22;-2.75;-2.22;-1.68;-1.22;-0.83;-0.52;-0.26;-0.00;0.23;0.46;0.62;0.65;0.64;0.69;0.80;1.00;1.15;1.24;1.24;1.21;1.27;1.36;1.32;0.99;0.43;
Segment 17;0.00;-0.79;-2.03;-2.97;-3.02;-3.83;-5.20;-6.74;-8.43;-10.01;-11.50;-12.72;-13.44;-14.13;-14.34;-14.28;-14.11;-13.62;-13.22;-12.88;-12.64;-12.51;-12.42;-12.28;-11.93;-11.66;-11.18;-10.71;-10.55;-10.79;-11.47;-12.35;-13.18;-13.69;-13.94;-14.00;-13.76;-14.08;-14.03;-13.80;-13.56;-12.93;-12.48;-12.13;-11.81;-11.50;-11.18;-10.87;-10.60;-10.34;-10.10;-9.88;-9.67;-9.68;-9.59;-9.35;-8.89;-8.29;-7.57;-6.86;-6.31;-5.64;-5.19;-4.86;-4.56;-4.30;-3.98;-3.65;-3.29;-2.92;-2.54;-2.12;-1.63;-1.10;-0.57;-0.16;0.02;-0.07;-0.24;-0.25;
Segment 18;0.00;-0.20;-0.14;0.08;0.07;-0.04;-0.18;-0.29;-0.38;-0.48;-0.63;-0.70;-0.64;-0.43;-0.19;0.03;0.18;0.27;0.44;0.67;0.85;0.84;0.70;0.57;0.44;0.29;0.08;-0.25;-0.61;-0.95;-1.15;-1.24;-1.26;-1.26;-1.18;-1.03;-0.78;-0.51;-0.34;-0.42;-0.55;-0.63;-0.56;-0.38;0.06;0.82;1.59;2.61;3.81;4.74;4.85;4.31;3.83;3.61;3.71;4.19;4.54;4.90;5.40;6.25;7.00;7.32;6.86;5.87;4.55;3.30;2.15;1.21;0.66;0.38;0.31;0.32;0.36;0.35;0.22;0.29;0.69;1.42;1.92;1.46;

----------------------------------------------------------


Curves
==========================================================
Longitudinal Strain Rate
Unit [1/s]
Time [ms];0.00;10.18;20.36;30.55;40.73;50.91;61.09;71.28;81.46;91.64;101.82;112.01;122.19;132.37;142.55;152.74;162.92;173.10;183.28;193.47;203.65;213.83;224.01;234.20;244.38;254.56;264.74;274.93;285.11;295.29;305.47;315.66;325.84;336.02;346.20;356.39;366.57;376.75;386.93;397.12;407.30;417.48;427.66;437.85;448.03;458.21;468.39;478.58;488.76;498.94;509.12;519.31;529.49;539.67;549.85;560.04;570.22;580.40;590.58;600.77;610.95;621.13;631.31;641.50;651.68;661.86;672.04;682.23;692.41;702.59;712.77;722.96;733.14;743.32;753.50;763.69;773.87;784.05;794.23;804.42;
Segment 1;-0.05;0.66;1.50;1.13;0.25;-0.31;-0.53;-0.52;-0.47;-0.46;-0.45;-0.49;-0.57;-0.71;-0.79;-0.76;-0.66;-0.52;-0.45;-0.43;-0.43;-0.41;-0.35;-0.28;-0.20;-0.12;-0.07;-0.04;-0.03;-0.08;-0.12;-0.07;0.11;0.38;0.58;0.68;0.64;0.67;0.82;1.14;1.40;1.38;1.14;0.77;0.51;0.25;0.03;-0.10;-0.12;-0.06;0.03;0.12;0.20;0.22;0.15;-0.10;-0.34;-0.38;-0.18;0.14;0.32;0.31;0.15;0.04;0.03;0.13;0.22;0.23;0.22;0.17;0.12;0.02;-0.05;0.01;0.26;0.56;0.43;-0.39;-1.84;-2.80;
Segment 2;0.17;0.03;-0.16;-0.16;-0.12;-0.18;-0.19;-0.15;-0.08;0.02;0.11;0.20;0.24;0.22;0.12;-0.11;-0.43;-0.72;-0.84;-0.76;-0.52;-0.25;-0.07;0.01;-0.03;-0.09;-0.06;0.03;0.14;0.23;0.27;0.15;0.01;-0.15;-0.27;-0.27;-0.19;-0.07;0.01;0.06;0.07;0.07;0.06;0.06;0.05;0.04;0.04;0.07;0.11;0.15;0.16;0.15;0.13;0.09;0.06;0.02;-0.01;-0.04;-0.04;-0.01;0.04;0.09;0.13;0.15;0.17;0.18;0.18;0.19;0.20;0.20;0.21;0.22;0.24;0.23;0.19;0.10;-0.03;-0.12;-0.09;0.10;
Segment 3;-0.03;0.01;0.10;0.10;0.06;0.04;0.02;-0.05;-0.18;-0.37;-0.49;-0.41;-0.16;-0.00;-0.08;-0.23;-0.30;-0.18;0.03;0.16;0.08;-0.10;-0.18;-0.10;0.00;0.03;-0.08;-0.22;-0.28;-0.26;-0.21;-0.18;-0.13;-0.06;0.00;0.12;0.17;0.03;-0.27;-0.54;-0.57;-0.43;-0.24;-0.12;-0.00;0.09;0.21;0.40;0.62;0.71;0.65;0.71;0.52;0.11;0.23;0.66;1.00;1.22;1.08;0.73;0.50;0.26;0.03;-0.12;-0.19;-0.20;-0.17;-0.05;0.07;0.14;0.30;0.33;-0.02;-0.82;-1.39;-1.19;-0.49;-0.04;-0.09;-0.19;
Segment 4;-0.36;-0.29;-0.32;-0.61;-0.92;-1.00;-0.67;-0.13;0.15;0.01;-0.33;-0.68;-0.90;-1.12;-1.35;-1.54;-2.00;-2.42;-2.35;-1.73;-0.74;0.05;0.64;0.95;1.03;0.81;-0.35;-1.34;-1.39;-0.95;-0.32;0.17;0.69;1.18;1.53;1.57;1.47;1.40;1.57;1.48;1.40;1.52;1.55;1.55;1.28;0.80;0.21;-0.12;-0.05;0.22;0.48;0.50;0.33;0.16;0.06;0.04;0.01;-0.07;-0.25;-0.45;-0.55;-0.53;-0.38;-0.19;0.02;0.31;0.57;0.54;0.44;0.25;0.03;-0.23;-0.59;-0.58;-0.33;0.03;0.26;0.11;0.21;0.30;
Segment 5;-0.09;-0.11;-0.27;-0.24;0.39;1.00;1.32;1.18;0.99;0.78;0.55;0.43;-0.16;-0.72;-1.08;-1.20;-1.17;-1.03;-0.77;-0.44;0.10;0.55;0.73;0.58;0.11;-0.34;-0.56;-0.38;-0.35;-0.32;-0.36;-0.82;-1.68;-2.56;-2.43;-1.98;-0.28;1.42;1.98;2.21;1.59;0.94;0.44;0.27;0.33;0.54;0.60;0.69;0.44;0.13;0.23;0.11;0.42;0.61;0.45;0.16;-0.32;-0.69;-0.91;-0.63;-0.27;0.16;0.52;0.55;0.46;0.27;0.11;0.05;-0.08;-0.18;-0.12;-0.11;0.10;0.25;0.16;-0.02;-0.42;-0.79;-0.68;-0.30;
Segment 6;0.32;0.30;0.29;0.51;0.65;0.48;0.23;-0.02;-0.09;0.05;0.19;0.08;-0.27;-0.33;-0.29;-0.60;-0.68;-0.53;-0.44;-0.53;-0.57;-0.46;-0.47;-0.55;-0.56;-0.51;-0.17;0.22;0.30;0.16;-0.05;-0.16;-0.27;-0.30;-0.24;-0.09;0.01;-0.02;-0.14;-0.26;-0.31;-0.30;-0.25;-0.21;-0.16;-0.11;0.01;0.24;0.53;0.98;1.50;1.82;1.58;1.00;0.67;0.48;0.30;0.15;-0.06;-0.23;-0.22;0.08;0.50;0.77;0.78;0.68;0.65;0.58;0.39;0.11;-0.16;-0.38;-0.52;-0.66;-0.79;-0.99;-1.26;-1.31;-0.87;-0.16;
Segment 7;-0.40;0.29;1.11;0.85;0.16;-0.28;-0.39;-0.28;-0.18;-0.14;-0.17;-0.22;-0.29;-0.39;-0.44;-0.43;-0.38;-0.35;-0.31;-0.31;-0.30;-0.29;-0.25;-0.19;-0.11;-0.01;0.13;0.24;0.29;0.24;0.15;0.12;0.18;0.31;0.41;0.45;0.50;0.57;0.75;1.03;1.28;1.36;1.20;0.93;0.66;0.39;0.11;-0.08;-0.16;-0.10;0.01;0.12;0.25;0.33;0.30;0.14;-0.04;-0.12;-0.17;-0.19;-0.18;-0.14;-0.09;-0.04;-0.00;0.04;0.08;0.08;0.07;0.04;-0.01;-0.05;-0.10;-0.06;0.07;0.22;0.00;-0.83;-2.32;-3.25;
Segment 8;-0.13;-0.16;-0.10;0.27;0.40;0.24;0.19;0.22;0.26;0.25;0.17;-0.05;-0.31;-0.52;-0.66;-0.59;-0.55;-0.48;-0.28;-0.12;0.07;0.21;0.24;0.19;0.02;-0.14;-0.17;-0.12;-0.02;0.08;0.12;0.07;-0.07;-0.21;-0.28;-0.31;-0.26;-0.18;-0.12;-0.04;0.00;0.02;0.02;0.02;0.06;0.11;0.15;0.16;0.16;0.13;0.12;0.11;0.11;0.10;0.08;0.06;0.03;0.01;-0.00;0.01;0.02;0.04;0.07;0.08;0.10;0.11;0.10;0.10;0.08;0.07;0.08;0.08;0.10;0.10;0.08;0.04;0.01;-0.00;0.02;0.04;
Segment 9;0.16;0.14;0.09;-0.02;-0.12;-0.21;-0.32;-0.42;-0.49;-0.52;-0.55;-0.59;-0.65;-0.64;-0.54;-0.39;-0.28;-0.32;-0.46;-0.54;-0.53;-0.50;-0.52;-0.60;-0.68;-0.69;-0.57;-0.42;-0.36;-0.34;-0.34;-0.32;-0.34;-0.32;-0.20;0.05;0.25;0.29;0.28;0.24;0.18;0.05;0.04;0.23;0.46;0.60;0.31;-0.34;-0.65;-0.29;0.37;0.79;1.01;1.24;1.46;1.72;1.87;1.82;1.04;0.05;-0.33;-0.13;0.24;0.33;0.12;-0.11;-0.08;0.04;0.13;0.06;-0.17;-0.34;-0.13;0.58;1.03;0.67;-0.14;-0.64;-0.50;-0.22;
Segment 10;-0.17;0.09;0.51;0.41;0.08;-0.08;-0.23;-0.39;-0.49;-0.51;-0.47;-0.54;-0.68;-1.30;-1.73;-1.48;-1.00;-0.47;-0.26;-0.42;-0.79;-0.94;-0.94;-1.18;-1.23;-0.69;0.51;1.66;1.98;1.26;0.29;-0.08;-0.42;-0.77;-0.79;-0.43;0.17;0.83;1.31;1.74;1.91;1.74;1.13;0.34;0.05;0.06;0.27;0.46;0.43;0.33;0.17;0.17;0.20;0.24;0.28;0.28;0.28;0.19;0.03;-0.20;-0.28;-0.22;-0.03;0.13;0.15;0.09;-0.02;0.06;0.17;0.28;0.31;0.22;0.22;0.22;0.42;0.72;0.70;0.17;-1.16;-2.03;
Segment 11;0.23;0.08;-0.08;-0.37;-1.48;-2.66;-3.19;-3.21;-2.69;-2.00;-1.52;-1.17;-0.60;-0.11;-0.03;0.01;-0.43;-0.87;-0.89;-0.86;-0.72;-0.53;-0.30;-0.03;0.41;0.84;1.07;1.26;1.82;2.30;2.26;2.12;1.70;1.35;1.37;1.49;1.51;1.59;1.82;1.90;1.34;0.67;0.46;0.30;0.19;0.10;0.03;-0.00;-0.00;0.02;0.01;0.01;-0.03;-0.04;0.03;0.18;0.59;0.93;1.01;0.85;0.27;-0.34;-0.53;-0.59;-0.45;-0.28;-0.25;-0.23;-0.24;-0.25;-0.22;-0.19;-0.21;-0.27;-0.36;-0.53;-0.76;-0.91;-0.86;-0.56;
Segment 12;-0.16;-0.02;0.16;-0.26;-0.77;-0.79;-0.56;-0.37;-0.53;-0.97;-1.24;-1.01;-0.48;-0.11;-0.10;-0.22;-0.29;-0.31;-0.35;-0.38;-0.43;-0.50;-0.53;-0.56;-0.60;-0.60;-0.64;-0.69;-0.66;-0.52;-0.36;-0.32;-0.35;-0.37;-0.31;-0.18;-0.08;-0.12;-0.26;-0.39;-0.42;-0.40;-0.34;-0.29;-0.30;-0.25;-0.16;-0.09;0.06;0.51;1.13;1.49;1.32;0.94;0.84;1.06;1.36;1.56;1.71;1.83;1.91;1.94;1.82;1.49;0.58;-0.30;-0.55;-0.39;-0.12;-0.08;-0.18;-0.31;-0.35;-0.40;-0.32;0.07;0.80;1.14;0.44;-0.85;
Segment 13;-0.57;-0.25;0.26;0.30;0.11;-0.02;-0.10;-0.10;-0.11;-0.19;-0.45;-0.60;-0.56;-0.32;-0.13;-0.31;-0.34;-0.31;-0.36;-0.46;-0.62;-0.60;-0.50;-0.50;-0.41;-0.19;0.44;1.04;1.23;1.21;1.02;0.90;0.54;0.05;-0.31;-0.45;-0.41;-0.32;-0.20;-0.07;0.23;0.68;1.77;2.82;2.82;1.99;0.68;-0.16;-0.47;-0.57;-0.45;-0.24;0.02;0.24;0.36;0.41;0.39;0.28;0.08;-0.10;-0.22;-0.23;-0.21;-0.15;-0.08;-0.10;-0.13;-0.15;-0.12;-0.07;-0.11;-0.13;-0.18;-0.20;-0.17;-0.12;-0.22;-0.67;-1.68;-2.32;
Segment 14;-0.49;-0.65;-0.66;-0.17;0.47;0.86;0.94;0.76;0.72;0.63;0.29;0.09;-0.57;-1.12;-1.02;-0.75;-0.49;-0.23;0.09;0.23;0.31;0.29;0.15;-0.08;-0.17;-0.22;-0.32;-0.18;-0.10;-0.04;0.03;-0.14;-0.27;-0.31;-0.31;0.11;0.11;0.13;0.58;0.49;0.51;0.40;-0.02;-0.14;-0.08;0.05;0.16;0.20;0.09;-0.04;-0.06;-0.06;-0.03;-0.00;0.00;-0.04;-0.08;-0.13;-0.17;-0.17;-0.08;0.01;0.04;0.06;0.04;0.02;0.01;0.01;0.03;0.06;0.08;0.08;0.06;0.02;-0.00;-0.03;-0.04;-0.04;-0.02;0.04;
Segment 15;-0.07;-0.11;-0.17;-0.18;-0.18;-0.22;-0.20;-0.18;-0.21;-0.25;-0.28;-0.28;-0.27;-0.24;-0.17;-0.09;-0.08;-0.13;-0.18;-0.21;-0.22;-0.23;-0.21;-0.21;-0.24;-0.26;-0.25;-0.21;-0.17;-0.17;-0.18;-0.15;-0.09;-0.02;0.03;0.07;0.08;0.06;-0.02;-0.08;-0.03;0.16;0.30;0.40;0.61;0.72;0.60;0.33;0.22;0.27;0.30;0.35;0.22;0.00;0.13;0.24;0.19;0.24;0.48;0.64;0.46;0.30;0.25;0.21;0.15;0.11;0.10;0.02;-0.07;-0.11;-0.19;-0.25;-0.24;-0.20;-0.16;-0.18;-0.25;-0.32;-0.19;0.15;
Segment 16;0.09;0.22;0.45;0.46;0.31;0.17;0.11;0.11;0.09;-0.06;-0.46;-0.73;-0.72;-0.71;-0.65;-0.59;-0.12;0.41;0.47;0.19;-0.30;-0.62;-0.65;-0.54;-0.36;-0.28;-0.48;-0.66;-0.55;-0.27;-0.03;-0.04;-0.03;0.08;0.09;0.09;0.06;0.16;0.33;0.37;0.40;0.47;0.51;0.44;0.27;0.09;-0.01;-0.14;-0.22;-0.31;-0.28;-0.15;0.04;0.24;0.39;0.50;0.54;0.50;0.42;0.34;0.28;0.25;0.23;0.23;0.20;0.09;-0.01;0.01;0.08;0.16;0.18;0.12;0.05;-0.03;0.01;0.09;0.05;-0.17;-0.47;-0.50;
Segment 17;-0.70;-1.02;-1.18;-0.40;-0.31;-1.12;-1.46;-1.61;-1.62;-1.51;-1.36;-0.93;-0.69;-0.46;-0.04;0.10;0.33;0.46;0.36;0.29;0.18;0.10;0.09;0.25;0.30;0.36;0.51;0.34;-0.03;-0.47;-0.80;-0.87;-0.67;-0.36;-0.17;0.15;-0.04;-0.20;0.17;0.21;0.44;0.56;0.38;0.32;0.31;0.31;0.31;0.28;0.26;0.25;0.22;0.22;0.10;0.01;0.15;0.35;0.53;0.65;0.73;0.60;0.60;0.57;0.37;0.31;0.27;0.28;0.33;0.34;0.36;0.37;0.39;0.45;0.51;0.53;0.47;0.30;0.04;-0.16;-0.11;0.13;
Segment 18;-0.23;-0.08;0.17;0.12;-0.08;-0.13;-0.13;-0.10;-0.09;-0.12;-0.12;-0.01;0.14;0.24;0.23;0.18;0.11;0.12;0.21;0.22;0.09;-0.08;-0.14;-0.13;-0.13;-0.17;-0.27;-0.35;-0.36;-0.27;-0.14;-0.05;-0.01;0.04;0.11;0.20;0.27;0.24;0.04;-0.13;-0.12;-0.01;0.12;0.29;0.61;0.76;0.86;1.12;1.12;0.54;-0.27;-0.56;-0.36;-0.07;0.32;0.44;0.32;0.39;0.68;0.84;0.57;-0.06;-0.74;-1.17;-1.29;-1.18;-1.05;-0.74;-0.39;-0.16;-0.02;0.03;0.02;-0.08;-0.06;0.22;0.59;0.69;0.07;-1.00;

----------------------------------------------------------


Curves
==========================================================
Global Strain A2C
Unit [%]
Time [ms];0.00;10.18;20.36;30.55;40.73;50.91;61.09;71.28;81.46;91.64;101.82;112.01;122.19;132.37;142.55;152.74;162.92;173.10;183.28;193.47;203.65;213.83;224.01;234.20;244.38;254.56;264.74;274.93;285.11;295.29;305.47;315.66;325.84;336.02;346.20;356.39;366.57;376.75;386.93;397.12;407.30;417.48;427.66;437.85;448.03;458.21;468.39;478.58;488.76;498.94;509.12;519.31;529.49;539.67;549.85;560.04;570.22;580.40;590.58;600.77;610.95;621.13;631.31;641.50;651.68;661.86;672.04;682.23;692.41;702.59;712.77;722.96;733.14;743.32;753.50;763.69;773.87;784.05;794.23;804.42;
Total;0.00;-0.16;0.26;0.84;1.02;0.86;0.55;0.29;0.11;-0.08;-0.38;-0.87;-1.47;-2.16;-3.02;-3.89;-4.76;-5.44;-6.05;-6.60;-7.16;-7.68;-8.09;-8.39;-8.66;-8.80;-8.83;-8.74;-8.54;-8.27;-8.09;-7.92;-7.74;-7.55;-7.32;-7.03;-6.67;-6.20;-5.53;-4.66;-3.63;-2.45;-1.24;-0.00;1.08;1.90;2.30;2.37;2.29;2.18;2.13;2.17;2.31;2.52;2.78;3.03;3.22;3.33;3.37;3.33;3.23;3.12;3.04;3.01;3.05;3.13;3.24;3.38;3.51;3.67;3.79;3.84;3.77;3.64;3.58;3.73;4.02;4.03;3.35;1.74;

----------------------------------------------------------


Curves
==========================================================
Global Strain Rate A2C
Unit [1/s]
Time [ms];0.00;10.18;20.36;30.55;40.73;50.91;61.09;71.28;81.46;91.64;101.82;112.01;122.19;132.37;142.55;152.74;162.92;173.10;183.28;193.47;203.65;213.83;224.01;234.20;244.38;254.56;264.74;274.93;285.11;295.29;305.47;315.66;325.84;336.02;346.20;356.39;366.57;376.75;386.93;397.12;407.30;417.48;427.66;437.85;448.03;458.21;468.39;478.58;488.76;498.94;509.12;519.31;529.49;539.67;549.85;560.04;570.22;580.40;590.58;600.77;610.95;621.13;631.31;641.50;651.68;661.86;672.04;682.23;692.41;702.59;712.77;722.96;733.14;743.32;753.50;763.69;773.87;784.05;794.23;804.42;
Total;-0.24;0.12;0.56;0.40;-0.01;-0.25;-0.30;-0.21;-0.17;-0.23;-0.39;-0.54;-0.63;-0.77;-0.86;-0.87;-0.77;-0.63;-0.56;-0.54;-0.54;-0.47;-0.34;-0.28;-0.21;-0.08;0.03;0.14;0.25;0.23;0.16;0.17;0.18;0.21;0.25;0.32;0.40;0.55;0.76;0.94;1.09;1.18;1.22;1.16;0.95;0.61;0.21;-0.03;-0.11;-0.08;-0.00;0.09;0.18;0.24;0.26;0.22;0.15;0.08;-0.00;-0.07;-0.11;-0.09;-0.05;0.00;0.06;0.10;0.12;0.13;0.14;0.14;0.09;-0.01;-0.11;-0.11;0.04;0.24;0.20;-0.28;-1.17;-1.71;

----------------------------------------------------------


Curves
==========================================================
Global Strain A3C
Unit [%]
Time [ms];0.00;10.18;20.36;30.55;40.73;50.91;61.09;71.28;81.46;91.64;101.82;112.01;122.19;132.37;142.55;152.74;162.92;173.10;183.28;193.47;203.65;213.83;224.01;234.20;244.38;254.56;264.74;274.93;285.11;295.29;305.47;315.66;325.84;336.02;346.20;356.39;366.57;376.75;386.93;397.12;407.30;417.48;427.66;437.85;448.03;458.21;468.39;478.58;488.76;498.94;509.12;519.31;529.49;539.67;549.85;560.04;570.22;580.40;590.58;600.77;610.95;621.13;631.31;641.50;651.68;661.86;672.04;682.23;692.41;702.59;712.77;722.96;733.14;743.32;753.50;763.69;773.87;784.05;794.23;804.42;
Total;0.00;-0.20;-0.61;-0.96;-1.07;-1.30;-1.70;-2.13;-2.65;-2.99;-3.34;-3.61;-3.87;-4.32;-4.76;-5.21;-5.62;-6.13;-6.58;-6.93;-7.13;-7.14;-7.03;-6.87;-6.73;-6.64;-6.57;-6.45;-6.23;-5.94;-5.62;-5.44;-5.47;-5.79;-6.22;-6.49;-6.48;-6.16;-5.50;-4.59;-3.80;-3.19;-2.85;-2.68;-2.53;-2.37;-2.14;-1.92;-1.67;-1.55;-1.43;-1.32;-1.22;-1.09;-0.96;-0.82;-0.70;-0.57;-0.46;-0.36;-0.24;-0.16;-0.06;0.04;0.13;0.23;0.32;0.39;0.47;0.50;0.55;0.63;0.73;0.88;1.00;1.04;0.92;0.61;0.24;0.02;

----------------------------------------------------------


Curves
==========================================================
Global Strain Rate A3C
Unit [1/s]
Time [ms];0.00;10.18;20.36;30.55;40.73;50.91;61.09;71.28;81.46;91.64;101.82;112.01;122.19;132.37;142.55;152.74;162.92;173.10;183.28;193.47;203.65;213.83;224.01;234.20;244.38;254.56;264.74;274.93;285.11;295.29;305.47;315.66;325.84;336.02;346.20;356.39;366.57;376.75;386.93;397.12;407.30;417.48;427.66;437.85;448.03;458.21;468.39;478.58;488.76;498.94;509.12;519.31;529.49;539.67;549.85;560.04;570.22;580.40;590.58;600.77;610.95;621.13;631.31;641.50;651.68;661.86;672.04;682.23;692.41;702.59;712.77;722.96;733.14;743.32;753.50;763.69;773.87;784.05;794.23;804.42;
Total;-0.16;-0.31;-0.41;-0.21;-0.14;-0.32;-0.41;-0.48;-0.42;-0.33;-0.31;-0.24;-0.35;-0.45;-0.44;-0.42;-0.45;-0.48;-0.40;-0.28;-0.10;0.06;0.14;0.16;0.11;0.07;0.08;0.17;0.25;0.31;0.26;0.09;-0.17;-0.40;-0.37;-0.14;0.16;0.48;0.80;0.86;0.70;0.47;0.23;0.15;0.15;0.20;0.22;0.24;0.18;0.11;0.12;0.09;0.12;0.13;0.13;0.13;0.12;0.12;0.10;0.11;0.10;0.09;0.10;0.09;0.10;0.09;0.08;0.07;0.05;0.04;0.06;0.08;0.13;0.14;0.09;-0.03;-0.22;-0.36;-0.31;-0.11;

----------------------------------------------------------


Curves
==========================================================
Global Strain A4C
Unit [%]
Time [ms];0.00;10.18;20.36;30.55;40.73;50.91;61.09;71.28;81.46;91.64;101.82;112.01;122.19;132.37;142.55;152.74;162.92;173.10;183.28;193.47;203.65;213.83;224.01;234.20;244.38;254.56;264.74;274.93;285.11;295.29;305.47;315.66;325.84;336.02;346.20;356.39;366.57;376.75;386.93;397.12;407.30;417.48;427.66;437.85;448.03;458.21;468.39;478.58;488.76;498.94;509.12;519.31;529.49;539.67;549.85;560.04;570.22;580.40;590.58;600.77;610.95;621.13;631.31;641.50;651.68;661.86;672.04;682.23;692.41;702.59;712.77;722.96;733.14;743.32;753.50;763.69;773.87;784.05;794.23;804.42;
Total;0.00;0.01;0.09;0.20;0.18;0.07;-0.08;-0.24;-0.47;-0.78;-1.18;-1.58;-1.91;-2.13;-2.28;-2.46;-2.72;-2.97;-3.18;-3.38;-3.62;-3.92;-4.25;-4.60;-4.98;-5.35;-5.71;-6.01;-6.28;-6.52;-6.74;-6.95;-7.14;-7.34;-7.48;-7.53;-7.44;-7.33;-7.31;-7.46;-7.68;-7.88;-7.99;-8.01;-7.89;-7.63;-7.33;-7.03;-6.72;-6.32;-5.76;-5.05;-4.22;-3.61;-3.07;-2.35;-1.55;-0.69;0.19;0.93;1.51;1.95;2.34;2.65;2.82;2.71;2.52;2.36;2.33;2.33;2.30;2.18;1.99;1.75;1.45;1.17;0.98;0.90;0.79;0.49;

----------------------------------------------------------


Curves
==========================================================
Global Strain Rate A4C
Unit [1/s]
Time [ms];0.00;10.18;20.36;30.55;40.73;50.91;61.09;71.28;81.46;91.64;101.82;112.01;122.19;132.37;142.55;152.74;162.92;173.10;183.28;193.47;203.65;213.83;224.01;234.20;244.38;254.56;264.74;274.93;285.11;295.29;305.47;315.66;325.84;336.02;346.20;356.39;366.57;376.75;386.93;397.12;407.30;417.48;427.66;437.85;448.03;458.21;468.39;478.58;488.76;498.94;509.12;519.31;529.49;539.67;549.85;560.04;570.22;580.40;590.58;600.77;610.95;621.13;631.31;641.50;651.68;661.86;672.04;682.23;692.41;702.59;712.77;722.96;733.14;743.32;753.50;763.69;773.87;784.05;794.23;804.42;
Total;-0.00;0.04;0.11;0.05;-0.07;-0.13;-0.16;-0.18;-0.26;-0.36;-0.41;-0.36;-0.27;-0.17;-0.15;-0.22;-0.25;-0.23;-0.20;-0.21;-0.26;-0.31;-0.34;-0.36;-0.37;-0.37;-0.33;-0.27;-0.25;-0.23;-0.21;-0.19;-0.19;-0.17;-0.10;0.03;0.11;0.08;-0.07;-0.20;-0.21;-0.16;-0.07;0.04;0.19;0.29;0.30;0.29;0.34;0.47;0.62;0.78;0.72;0.54;0.61;0.75;0.82;0.87;0.81;0.65;0.49;0.40;0.35;0.25;0.02;-0.17;-0.18;-0.09;-0.00;-0.01;-0.07;-0.15;-0.21;-0.27;-0.29;-0.24;-0.13;-0.07;-0.19;-0.40;

----------------------------------------------------------


