PatientInformation
==========================================================
PatientID;No patientID
Name;,,
Date of Birth;
Sex;
Version;AutoStrainCap2 2.1.0.491925

Results
==========================================================
Global
----------------------------------------------------------
RVFWSL;-9.09;%
RV4CSL;-8.08;%
ED;0.00;ms
ES;272.61;ms

Curves
==========================================================
Longitudinal Strain
Unit [%]
Time [ms];0.00;10.02;20.04;30.07;40.09;50.11;60.13;70.16;80.18;90.20;100.22;110.25;120.27;130.29;140.31;150.34;160.36;170.38;180.40;190.43;200.45;210.47;220.49;230.52;240.54;250.56;260.58;270.60;280.63;290.65;300.67;310.69;320.72;330.74;340.76;350.78;360.81;370.83;380.85;390.87;400.90;410.92;420.94;430.96;440.99;451.01;461.03;471.05;481.08;491.10;501.12;511.14;521.16;531.19;541.21;551.23;561.25;571.28;581.30;591.32;601.34;611.37;621.39;631.41;641.43;
Basal;0.00;1.16;3.28;4.62;4.07;2.55;0.90;0.13;-0.18;0.02;0.08;0.16;0.03;-0.45;-1.10;-1.81;-2.47;-3.10;-3.72;-4.37;-4.99;-5.60;-6.28;-6.88;-7.31;-7.42;-7.50;-7.57;-7.91;-8.24;-8.63;-8.81;-8.86;-8.57;-8.09;-7.51;-7.26;-7.42;-7.79;-7.81;-7.31;-6.26;-5.10;-3.77;-2.82;-2.44;-3.21;-4.44;-5.64;-6.34;-6.76;-6.92;-7.24;-7.11;-6.36;-4.60;-2.41;-0.29;1.29;2.45;3.33;3.92;4.14;3.49;1.85;
Mid;0.00;0.62;1.86;2.33;1.25;-0.64;-2.31;-3.05;-3.10;-2.77;-2.60;-2.43;-2.33;-2.07;-1.93;-1.95;-2.43;-3.11;-3.95;-4.98;-5.96;-6.82;-7.30;-7.61;-7.75;-7.88;-7.97;-8.07;-8.25;-8.42;-8.59;-8.67;-8.60;-8.28;-7.71;-7.07;-6.75;-6.92;-7.28;-7.30;-6.73;-5.70;-4.62;-3.75;-3.24;-3.10;-3.62;-4.39;-5.17;-5.53;-5.65;-5.50;-5.09;-4.36;-3.33;-2.07;-0.72;0.55;1.50;2.21;2.81;3.30;3.53;3.05;1.62;
Apical;0.00;0.42;1.22;1.19;-0.30;-2.47;-4.33;-5.26;-5.44;-5.19;-5.03;-4.91;-4.88;-4.82;-4.83;-4.93;-5.28;-5.76;-6.32;-6.95;-7.52;-8.06;-8.53;-8.95;-9.25;-9.42;-9.54;-9.62;-9.61;-9.51;-9.33;-9.08;-8.68;-8.17;-7.57;-6.96;-6.59;-6.53;-6.59;-6.42;-5.90;-5.06;-4.21;-3.32;-2.73;-2.56;-3.37;-4.45;-5.37;-5.45;-5.18;-4.68;-4.27;-3.62;-2.70;-1.39;0.02;1.31;2.26;2.95;3.46;3.75;3.79;3.22;1.72;

----------------------------------------------------------


