PatientInformation
==========================================================
PatientID;No patientID
Name;,,
Date of Birth;
Sex;
Version;AutoStrainCap2 2.1.0.491925

Results
==========================================================
Global
----------------------------------------------------------
LaSr_ED;52.64;%
LaScd_ED;-28.58;%
LaSct_ED;-24.06;%
LaSr_AC;42.66;%
LaScd_AC;-23.16;%
LaSct_AC;-19.50;%
ED;0.00;ms
ES;396.14;ms
PreA;532.59;ms

Curves
==========================================================
Longitudinal Strain
Unit [%]
Time [ms];0.00;8.80;17.61;26.41;35.21;44.02;52.82;61.62;70.43;79.23;88.03;96.84;105.64;114.44;123.24;132.05;140.85;149.65;158.46;167.26;176.06;184.87;193.67;202.47;211.28;220.08;228.88;237.69;246.49;255.29;264.10;272.90;281.70;290.51;299.31;308.11;316.92;325.72;334.52;343.32;352.13;360.93;369.73;378.54;387.34;396.14;404.95;413.75;422.55;431.36;440.16;448.96;457.77;466.57;475.37;484.18;492.98;501.78;510.59;519.39;528.19;537.00;545.80;554.60;563.40;572.21;581.01;589.81;598.62;607.42;616.22;625.03;633.83;642.63;651.44;660.24;
LAS_ED;0.00;0.32;2.18;4.90;6.11;7.39;8.29;9.91;11.55;13.65;15.27;17.33;19.57;22.92;26.18;29.30;30.70;31.91;32.96;34.90;36.94;38.96;40.50;41.82;43.13;44.09;45.06;45.93;46.43;46.84;47.16;47.62;48.04;48.44;48.69;48.92;49.14;49.56;49.96;50.32;50.33;50.39;50.61;51.37;52.14;52.64;52.11;50.96;49.24;47.28;44.94;42.66;39.98;37.52;34.71;32.08;29.39;27.47;26.12;25.40;24.61;23.40;21.68;19.28;16.51;13.11;9.46;5.93;2.66;0.22;-2.69;-4.49;-4.87;-4.45;-2.76;-0.89;
LAS_AC;-18.96;-18.71;-17.19;-14.99;-14.01;-12.97;-12.24;-10.93;-9.60;-7.90;-6.58;-4.92;-3.11;-0.39;2.26;4.78;5.91;6.89;7.75;9.32;10.98;12.61;13.85;14.93;15.99;16.77;17.55;18.26;18.66;19.00;19.25;19.63;19.97;20.30;20.50;20.68;20.86;21.20;21.53;21.82;21.82;21.87;22.05;22.67;23.29;23.70;23.27;22.34;20.94;19.35;17.45;15.61;13.43;11.44;9.16;7.03;4.85;3.30;2.21;1.62;0.98;0.00;-1.39;-3.34;-5.58;-8.34;-11.29;-14.15;-16.81;-18.78;-21.14;-22.60;-22.91;-22.57;-21.20;-19.69;

----------------------------------------------------------


