PatientInformation
==========================================================
PatientID;No patientID
Name;,,
Date of Birth;
Sex;
Version;AutoStrainCap2 2.1.0.491925

Results
==========================================================
Global
----------------------------------------------------------
RVFWSL;-30.44;%
RV4CSL;-23.27;%
ED;0.00;ms
ES;355.88;ms

Curves
==========================================================
Longitudinal Strain
Unit [%]
Time [ms];0.00;8.53;17.07;25.60;34.14;42.67;51.21;59.74;68.28;76.81;85.34;93.88;102.41;110.95;119.48;128.02;136.55;145.08;153.62;162.15;170.69;179.22;187.76;196.29;204.83;213.36;221.89;230.43;238.96;247.50;256.03;264.57;273.10;281.64;290.17;298.70;307.24;315.77;324.31;332.84;341.38;349.91;358.45;366.98;375.51;384.05;392.58;401.12;409.65;418.19;426.72;435.25;443.79;452.32;460.86;469.39;477.93;486.46;495.00;503.53;512.06;520.60;529.13;537.67;546.20;554.74;563.27;571.81;580.34;588.87;597.41;605.94;614.48;623.01;631.55;640.08;
Basal;0.00;-0.77;-2.12;-3.38;-4.03;-4.18;-4.17;-4.37;-4.66;-5.02;-5.47;-6.21;-7.38;-9.11;-11.04;-12.92;-14.71;-16.38;-17.94;-19.42;-20.81;-22.09;-23.21;-24.22;-25.18;-26.06;-26.91;-27.71;-28.51;-29.25;-29.89;-30.47;-31.00;-31.58;-32.30;-33.09;-33.92;-34.67;-35.36;-35.92;-36.32;-36.54;-36.67;-36.66;-36.41;-35.62;-34.13;-31.82;-28.93;-25.90;-23.01;-20.55;-18.92;-17.77;-16.89;-15.93;-14.98;-13.97;-12.92;-11.86;-10.86;-9.89;-8.97;-8.11;-7.29;-6.49;-5.46;-4.38;-3.00;-1.47;0.36;1.95;2.91;2.53;1.58;0.53;
Mid;0.00;-0.90;-1.82;-2.75;-3.37;-3.76;-3.97;-4.18;-4.41;-4.71;-5.16;-5.89;-7.02;-8.60;-10.34;-11.96;-13.43;-14.71;-15.88;-17.04;-18.17;-19.23;-20.12;-20.91;-21.68;-22.42;-23.15;-23.83;-24.53;-25.14;-25.64;-26.05;-26.36;-26.61;-26.82;-27.07;-27.37;-27.74;-28.09;-28.35;-28.41;-28.36;-28.22;-28.08;-27.75;-27.15;-26.32;-24.98;-23.19;-21.19;-19.26;-17.69;-16.76;-16.22;-15.80;-15.05;-14.20;-13.31;-12.48;-11.72;-11.08;-10.64;-10.18;-9.58;-8.52;-7.25;-5.81;-4.38;-2.98;-1.71;-0.89;-0.34;0.01;0.39;0.60;0.55;
Apical;0.00;-0.52;-1.46;-2.45;-2.96;-3.18;-3.25;-3.38;-3.54;-3.80;-4.23;-4.95;-6.06;-7.57;-9.19;-10.62;-11.87;-12.87;-13.78;-14.72;-15.71;-16.69;-17.55;-18.35;-19.13;-19.80;-20.45;-21.02;-21.64;-22.18;-22.60;-22.94;-23.16;-23.31;-23.45;-23.63;-23.84;-24.03;-24.22;-24.42;-24.55;-24.64;-24.70;-24.80;-24.81;-24.62;-24.32;-23.61;-22.51;-21.22;-19.89;-18.75;-18.02;-17.53;-17.14;-16.45;-15.69;-14.85;-13.91;-12.97;-12.04;-11.11;-10.14;-9.06;-7.84;-6.49;-5.02;-3.69;-2.42;-1.36;-0.49;0.12;0.51;0.45;0.26;0.03;

----------------------------------------------------------


