PatientInformation
==========================================================
PatientID;No patientID
Name;,,
Date of Birth;
Sex;
Version;AutoStrainCap2 2.1.0.491925

Results
==========================================================
Global
----------------------------------------------------------
LaSr_ED;19.71;%
LaScd_ED;-19.69;%
LaSct_ED;-0.02;%
LaSr_AC;19.60;%
LaScd_AC;-19.58;%
LaSct_AC;-0.02;%
ED;0.00;ms
ES;309.70;ms
PreA;480.21;ms

Curves
==========================================================
Longitudinal Strain
Unit [%]
Time [ms];0.00;8.24;16.47;24.71;32.95;41.18;49.42;57.66;65.89;74.13;82.37;90.60;98.84;107.08;115.32;123.55;131.79;140.03;148.26;156.50;164.74;172.97;181.21;189.45;197.68;205.92;214.16;222.39;230.63;238.87;247.10;255.34;263.58;271.81;280.05;288.29;296.53;304.76;313.00;321.24;329.47;337.71;345.95;354.18;362.42;370.66;378.89;387.13;395.37;403.60;411.84;420.08;428.31;436.55;444.79;453.02;461.26;469.50;477.73;485.97;494.21;502.45;510.68;518.92;527.16;535.39;543.63;551.87;560.10;568.34;576.58;584.81;593.05;601.29;609.52;617.76;626.00;634.23;642.47;
LAS_ED;0.00;0.79;2.06;3.30;4.24;4.63;4.62;4.51;4.51;4.53;4.84;5.20;5.62;6.01;6.46;6.81;7.36;7.80;8.43;9.09;9.87;10.69;11.58;12.46;13.34;13.95;14.52;15.09;15.61;16.24;16.82;17.42;18.00;18.51;18.98;19.34;19.58;19.69;19.70;19.58;19.51;19.15;18.89;18.65;18.51;18.54;18.53;18.41;18.01;17.12;15.90;14.38;12.61;10.75;8.74;6.68;4.62;2.54;0.58;-1.24;-2.83;-4.23;-5.28;-6.01;-6.27;-6.06;-5.44;-4.59;-3.44;-2.53;-1.50;-0.61;0.04;0.37;0.37;0.32;0.00;-0.02;-0.12;
LAS_AC;-0.58;0.20;1.47;2.70;3.63;4.02;4.02;3.91;3.91;3.93;4.23;4.59;5.01;5.40;5.84;6.19;6.74;7.18;7.81;8.46;9.24;10.05;10.93;11.81;12.68;13.29;13.86;14.43;14.94;15.57;16.15;16.74;17.32;17.82;18.29;18.65;18.89;18.99;19.01;18.89;18.82;18.46;18.21;17.97;17.82;17.85;17.85;17.72;17.32;16.44;15.23;13.72;11.96;10.11;8.11;6.06;4.02;1.95;0.00;-1.81;-3.39;-4.79;-5.83;-6.56;-6.82;-6.60;-5.98;-5.14;-3.99;-3.09;-2.07;-1.18;-0.54;-0.21;-0.21;-0.27;-0.57;-0.60;-0.70;

----------------------------------------------------------


