PatientInformation
==========================================================
PatientID;No patientID
Name;,,
Date of Birth;
Sex;
Version;AutoStrainCap2 2.1.0.491925

Results
==========================================================
Global
----------------------------------------------------------
RVFWSL;-12.93;%
RV4CSL;-12.57;%
ED;0.00;ms
ES;314.88;ms

Curves
==========================================================
Longitudinal Strain
Unit [%]
Time [ms];0.00;7.68;15.36;23.04;30.72;38.40;46.08;53.76;61.44;69.12;76.80;84.48;92.16;99.84;107.52;115.20;122.88;130.56;138.24;145.92;153.60;161.28;168.96;176.64;184.32;192.00;199.68;207.36;215.04;222.72;230.40;238.08;245.76;253.44;261.12;268.80;276.48;284.16;291.84;299.52;307.20;314.88;322.56;330.24;337.92;345.60;353.28;360.96;368.64;376.32;384.00;391.68;399.36;407.04;414.72;422.40;430.08;437.76;445.44;453.12;460.80;468.48;476.16;483.84;491.52;499.20;506.88;514.56;522.24;529.92;537.60;545.28;
Basal;0.00;2.80;3.81;1.80;1.46;1.74;2.08;1.99;1.68;1.59;1.86;2.43;3.00;2.97;2.65;2.06;1.39;0.66;-0.01;-0.55;-0.98;-1.32;-1.56;-1.82;-2.14;-2.64;-3.20;-3.76;-4.34;-4.87;-5.28;-5.54;-5.66;-5.67;-5.60;-5.49;-5.42;-5.39;-5.37;-5.25;-4.90;-4.43;-3.86;-3.39;-2.92;-2.49;-2.05;-1.68;-1.33;-1.06;-1.87;-2.43;-2.49;-2.30;-1.99;-1.87;-1.77;-1.65;-1.75;-1.70;-1.40;-0.84;-0.10;0.59;0.92;1.11;1.36;1.76;2.00;1.64;0.55;-0.33;
Mid;0.00;2.62;3.39;1.47;1.36;1.97;2.61;2.51;2.11;1.87;1.99;2.35;2.58;2.26;1.59;0.71;-0.27;-1.21;-2.08;-2.76;-3.39;-3.97;-4.53;-5.11;-5.75;-6.43;-7.13;-7.76;-8.40;-8.97;-9.46;-10.02;-10.47;-10.84;-11.06;-11.26;-11.50;-11.84;-12.24;-12.54;-12.62;-12.53;-12.34;-12.24;-12.09;-11.89;-11.57;-11.22;-10.87;-10.29;-10.54;-10.65;-10.49;-10.11;-9.44;-9.15;-8.66;-8.17;-7.54;-6.92;-6.14;-5.03;-3.75;-2.45;-1.51;-0.65;0.19;0.97;1.45;1.29;0.32;-0.47;
Apical;0.00;1.82;2.04;-0.12;-0.92;-1.12;-1.18;-1.51;-1.98;-2.25;-2.17;-1.89;-1.76;-2.20;-3.01;-4.08;-5.20;-6.31;-7.39;-8.46;-9.49;-10.48;-11.29;-12.10;-12.93;-13.78;-14.57;-15.25;-15.97;-16.60;-17.14;-17.65;-18.07;-18.43;-18.73;-19.01;-19.29;-19.53;-19.76;-19.89;-19.87;-19.66;-19.29;-18.94;-18.49;-18.00;-17.47;-16.98;-16.46;-15.85;-15.38;-14.86;-14.22;-13.44;-12.40;-11.33;-10.12;-8.95;-8.39;-7.92;-7.37;-6.60;-5.63;-4.57;-3.70;-2.84;-1.93;-1.03;-0.33;-0.19;-0.56;-0.78;

----------------------------------------------------------


