PatientInformation
==========================================================
PatientID;No patientID
Name;,,
Date of Birth;
Sex;
Version;AutoStrainCap2 2.1.0.491925

Results
==========================================================
Global
----------------------------------------------------------
LaSr_ED;10.58;%
LaScd_ED;-15.08;%
LaSct_ED;4.50;%
LaSr_AC;11.08;%
LaScd_AC;-15.79;%
LaSct_AC;4.71;%
ED;0.00;ms
ES;331.38;ms
PreA;673.44;ms

Curves
==========================================================
Longitudinal Strain
Unit [%]
Time [ms];0.00;10.69;21.38;32.07;42.76;53.45;64.14;74.83;85.52;96.21;106.90;117.59;128.28;138.96;149.65;160.34;171.03;181.72;192.41;203.10;213.79;224.48;235.17;245.86;256.55;267.24;277.93;288.62;299.31;310.00;320.69;331.38;342.07;352.76;363.45;374.14;384.83;395.52;406.20;416.89;427.58;438.27;448.96;459.65;470.34;481.03;491.72;502.41;513.10;523.79;534.48;545.17;555.86;566.55;577.24;587.93;598.62;609.31;620.00;630.69;641.38;652.07;662.76;673.44;684.13;694.82;705.51;716.20;726.89;737.58;748.27;758.96;769.65;780.34;791.03;801.72;812.41;823.10;833.79;844.48;855.17;865.86;876.55;887.24;897.93;908.62;919.31;930.00;940.68;951.37;962.06;972.75;983.44;994.13;1004.82;
LAS_ED;0.00;-0.12;-0.77;-1.50;-1.90;-1.85;-1.26;-0.38;0.58;1.44;2.19;2.78;3.34;3.66;4.07;4.45;4.98;5.61;6.33;7.03;7.70;8.07;8.42;8.73;9.08;9.52;9.95;10.27;10.40;10.22;10.50;10.58;10.53;10.40;10.19;9.94;9.66;9.44;9.14;8.60;7.85;6.45;4.90;3.22;1.63;0.16;-1.11;-2.18;-3.05;-3.72;-4.24;-4.67;-4.99;-5.40;-5.69;-5.91;-5.98;-5.81;-5.53;-5.21;-4.91;-4.75;-4.63;-4.50;-4.38;-4.14;-3.92;-3.70;-3.52;-3.46;-3.41;-3.33;-3.23;-2.85;-2.44;-2.04;-1.65;-1.69;-1.79;-2.06;-2.44;-3.08;-3.77;-4.44;-5.07;-5.40;-5.68;-5.95;-6.11;-6.45;-6.46;-6.19;-5.20;-3.69;-1.78;
LAS_AC;4.71;4.58;3.91;3.14;2.72;2.78;3.40;4.31;5.32;6.23;7.00;7.62;8.21;8.55;8.97;9.37;9.93;10.58;11.34;12.07;12.78;13.16;13.53;13.85;14.22;14.68;15.13;15.46;15.61;15.41;15.71;15.79;15.74;15.60;15.38;15.12;14.83;14.60;14.28;13.72;12.93;11.46;9.84;8.09;6.42;4.88;3.55;2.43;1.52;0.82;0.27;-0.18;-0.51;-0.94;-1.24;-1.48;-1.54;-1.37;-1.08;-0.74;-0.43;-0.26;-0.14;0.00;0.13;0.38;0.61;0.83;1.03;1.09;1.14;1.22;1.34;1.73;2.16;2.58;2.99;2.95;2.83;2.56;2.16;1.49;0.77;0.06;-0.60;-0.95;-1.24;-1.52;-1.69;-2.04;-2.05;-1.77;-0.73;0.85;2.84;

----------------------------------------------------------


