PatientInformation
==========================================================
PatientID;No patientID
Name;,,
Date of Birth;
Sex;
Version;AutoStrainCap2 2.1.0.491925

Results
==========================================================
Global
----------------------------------------------------------
RVFWSL;-29.21;%
RV4CSL;-24.87;%
ED;0.00;ms
ES;390.27;ms

Curves
==========================================================
Longitudinal Strain
Unit [%]
Time [ms];0.00;10.06;20.12;30.18;40.23;50.29;60.35;70.41;80.47;90.53;100.58;110.64;120.70;130.76;140.82;150.88;160.93;170.99;181.05;191.11;201.17;211.23;221.28;231.34;241.40;251.46;261.52;271.58;281.64;291.69;301.75;311.81;321.87;331.93;341.99;352.04;362.10;372.16;382.22;392.28;402.34;412.39;422.45;432.51;442.57;452.63;462.69;472.74;482.80;492.86;502.92;512.98;523.04;533.10;543.15;553.21;563.27;573.33;583.39;593.45;603.50;613.56;623.62;633.68;643.74;653.80;663.85;673.91;683.97;694.03;704.09;714.15;724.20;734.26;744.32;754.38;764.44;774.50;784.56;794.61;804.67;814.73;824.79;834.85;844.91;854.96;865.02;875.08;885.14;895.20;905.26;915.31;925.37;935.43;945.49;955.55;965.61;
Basal;0.00;-0.24;-0.81;-1.54;-2.20;-2.81;-3.55;-4.32;-5.06;-5.77;-6.46;-7.26;-8.42;-10.19;-12.23;-14.26;-16.00;-17.58;-18.89;-20.11;-21.34;-22.70;-24.15;-25.62;-27.06;-28.37;-29.57;-30.63;-31.52;-32.22;-32.71;-32.99;-33.02;-32.66;-32.21;-31.92;-31.94;-32.58;-33.32;-33.72;-33.26;-31.66;-29.16;-26.24;-23.34;-21.00;-18.95;-17.10;-15.28;-13.58;-11.87;-10.28;-8.88;-7.56;-6.42;-5.29;-4.23;-2.99;-1.82;-0.66;0.35;1.17;1.81;2.30;2.70;2.95;3.12;3.18;3.08;2.82;2.48;2.17;2.06;2.15;2.47;2.88;3.31;3.75;4.33;5.14;6.48;7.95;9.52;10.56;10.39;8.87;6.36;3.81;1.91;1.26;1.43;1.88;2.10;1.53;0.61;-0.29;-0.73;
Mid;0.00;0.08;-0.14;-0.70;-1.28;-1.88;-2.68;-3.54;-4.29;-4.92;-5.44;-6.03;-6.91;-8.25;-9.84;-11.44;-12.82;-14.24;-15.43;-16.51;-17.52;-18.43;-19.34;-20.30;-21.28;-22.32;-23.35;-24.29;-25.13;-25.83;-26.38;-26.72;-26.93;-26.75;-26.55;-26.39;-26.36;-26.60;-26.80;-26.75;-26.15;-25.13;-23.56;-21.76;-20.03;-19.03;-18.31;-17.71;-17.09;-16.30;-15.45;-14.59;-13.81;-13.03;-12.31;-11.53;-10.62;-9.16;-7.60;-6.10;-4.81;-4.02;-3.50;-3.16;-2.90;-2.74;-2.62;-2.58;-2.66;-2.82;-3.06;-3.30;-3.52;-3.81;-4.03;-4.18;-4.22;-4.02;-3.53;-2.72;-1.30;0.56;2.63;4.24;4.80;4.12;2.55;0.86;-0.35;-0.70;-0.40;0.11;0.45;0.17;-0.38;-0.91;-1.01;
Apical;0.00;0.01;-0.10;-0.49;-0.93;-1.62;-2.57;-3.57;-4.43;-5.19;-5.82;-6.53;-7.54;-8.83;-10.37;-11.92;-13.24;-14.48;-15.42;-16.22;-16.95;-17.82;-18.73;-19.70;-20.71;-21.62;-22.52;-23.34;-24.06;-24.67;-25.11;-25.37;-25.51;-25.37;-25.20;-25.07;-25.07;-25.31;-25.61;-25.75;-25.51;-24.82;-23.69;-22.30;-20.83;-19.57;-18.35;-17.15;-15.93;-14.90;-13.86;-12.87;-11.91;-10.77;-9.64;-8.49;-7.41;-6.34;-5.37;-4.49;-3.77;-3.20;-2.78;-2.49;-2.24;-2.08;-1.95;-1.86;-1.85;-1.91;-2.02;-2.13;-2.20;-2.25;-2.24;-2.20;-2.14;-2.08;-1.84;-1.30;-0.19;1.23;2.89;4.22;4.69;4.28;3.09;1.75;0.78;0.46;0.67;1.05;1.26;1.01;0.50;-0.08;-0.46;

----------------------------------------------------------


