PatientInformation
==========================================================
PatientID;No patientID
Name;,,
Date of Birth;
Sex;
Version;AutoStrainCap2 2.1.0.491925

Results
==========================================================
Global
----------------------------------------------------------
LaSr_ED;38.70;%
LaScd_ED;-24.24;%
LaSct_ED;-14.47;%
LaSr_AC;33.85;%
LaScd_AC;-21.19;%
LaSct_AC;-12.65;%
ED;0.00;ms
ES;356.98;ms
PreA;735.42;ms

Curves
==========================================================
Longitudinal Strain
Unit [%]
Time [ms];0.00;19.51;39.01;58.52;78.03;97.54;117.04;136.55;156.06;175.56;195.07;214.58;234.09;253.59;273.10;292.61;312.12;331.62;351.13;370.64;390.14;409.65;429.16;448.67;468.17;487.68;507.19;526.69;546.20;565.71;585.22;604.72;624.23;643.74;663.25;682.75;702.26;721.77;741.27;760.78;780.29;799.80;819.30;838.81;858.32;877.82;897.33;916.84;936.35;955.85;975.36;994.87;1014.37;1033.88;1053.39;1072.90;1092.40;
LAS_ED;0.00;0.89;1.32;3.14;5.99;9.68;12.85;14.31;15.90;19.20;22.96;25.63;28.13;31.24;33.92;35.01;35.77;37.34;38.63;38.50;38.28;37.65;37.23;37.44;37.57;36.86;34.09;28.70;22.38;17.01;13.44;12.51;13.03;12.81;13.33;14.16;14.76;14.75;14.35;14.17;14.10;14.08;13.99;12.97;12.26;12.28;12.71;13.46;14.09;14.61;14.90;14.74;13.05;8.42;2.95;-1.18;-2.63;
LAS_AC;-12.55;-11.77;-11.40;-9.81;-7.31;-4.09;-1.31;-0.03;1.36;4.25;7.53;9.87;12.05;14.77;17.12;18.07;18.73;20.10;21.24;21.12;20.93;20.38;20.01;20.20;20.30;19.69;17.27;12.55;7.02;2.32;-0.80;-1.61;-1.16;-1.34;-0.89;-0.16;0.36;0.35;0.00;-0.16;-0.22;-0.24;-0.32;-1.21;-1.83;-1.81;-1.43;-0.78;-0.23;0.23;0.48;0.34;-1.14;-5.19;-9.97;-13.58;-14.85;

----------------------------------------------------------


