PatientInformation
==========================================================
PatientID;No patientID
Name;,,
Date of Birth;
Sex;
Version;AutoStrainCap2 2.1.0.491925

Results
==========================================================
Global
----------------------------------------------------------
RVFWSL;-29.25;%
RV4CSL;-22.57;%
ED;0.00;ms
ES;455.10;ms

Curves
==========================================================
Longitudinal Strain
Unit [%]
Time [ms];0.00;19.20;38.40;57.61;76.81;96.01;115.21;134.42;153.62;172.82;192.02;211.23;230.43;249.63;268.83;288.04;307.24;326.44;345.64;364.85;384.05;403.25;422.45;441.66;460.86;480.06;499.26;518.46;537.67;556.87;576.07;595.27;614.48;633.68;652.88;672.08;691.29;710.49;729.69;748.89;768.10;787.30;806.50;825.70;844.91;864.11;883.31;902.51;921.72;940.92;960.12;979.32;998.52;1017.73;1036.93;1056.13;1075.33;
Basal;0.00;-1.76;-3.45;-4.94;-6.62;-8.76;-11.39;-14.49;-17.64;-21.43;-24.45;-26.83;-28.66;-30.01;-31.29;-32.77;-34.17;-35.34;-35.91;-35.78;-35.39;-35.27;-35.17;-35.06;-34.34;-32.57;-30.20;-27.50;-25.08;-22.79;-20.78;-19.38;-17.77;-15.95;-14.21;-12.87;-12.06;-12.14;-12.71;-13.51;-14.31;-14.97;-15.46;-15.60;-15.69;-15.77;-15.96;-16.28;-16.57;-16.61;-16.13;-15.08;-12.81;-8.98;-4.52;-1.26;0.30;
Mid;0.00;-1.93;-3.68;-4.95;-6.32;-8.08;-10.26;-12.33;-14.35;-16.99;-19.12;-20.49;-21.46;-22.64;-23.64;-24.33;-24.88;-25.55;-25.87;-25.74;-25.46;-25.35;-25.36;-25.29;-25.01;-24.07;-22.86;-21.06;-19.37;-17.58;-16.07;-15.37;-14.53;-13.52;-12.50;-11.58;-11.01;-11.05;-11.45;-11.90;-12.40;-12.91;-13.34;-13.45;-13.49;-13.48;-13.52;-13.62;-13.72;-13.70;-13.27;-12.31;-10.21;-6.91;-3.15;-0.61;0.34;
Apical;0.00;-1.48;-2.66;-3.91;-5.39;-6.87;-8.75;-10.73;-12.43;-14.74;-16.55;-18.34;-19.72;-20.77;-21.55;-22.16;-22.59;-23.09;-23.24;-22.92;-22.52;-22.28;-22.26;-22.20;-22.13;-21.40;-20.59;-18.87;-17.32;-15.32;-13.62;-13.42;-13.11;-12.69;-12.24;-11.78;-11.46;-11.45;-11.66;-11.80;-12.00;-12.30;-12.64;-12.63;-12.69;-12.76;-12.93;-13.10;-13.25;-13.28;-12.98;-12.47;-10.78;-7.74;-3.90;-1.04;0.14;

----------------------------------------------------------


