PatientInformation
==========================================================
PatientID;No patientID
Name;,,
Date of Birth;
Sex;
Version;AutoStrainCap2 2.1.0.491925

Results
==========================================================
Global
----------------------------------------------------------
LaSr_ED;31.05;%
LaScd_ED;-23.96;%
LaSct_ED;-7.09;%
LaSr_AC;29.00;%
LaScd_AC;-22.38;%
LaSct_AC;-6.62;%
ED;0.00;ms
ES;415.47;ms
PreA;678.25;ms

Curves
==========================================================
Longitudinal Strain
Unit [%]
Time [ms];0.00;8.88;17.76;26.63;35.51;44.39;53.27;62.14;71.02;79.90;88.78;97.65;106.53;115.41;124.29;133.16;142.04;150.92;159.80;168.67;177.55;186.43;195.31;204.18;213.06;221.94;230.82;239.70;248.57;257.45;266.33;275.21;284.08;292.96;301.84;310.72;319.59;328.47;337.35;346.23;355.10;363.98;372.86;381.74;390.61;399.49;408.37;417.25;426.12;435.00;443.88;452.76;461.64;470.51;479.39;488.27;497.15;506.02;514.90;523.78;532.66;541.53;550.41;559.29;568.17;577.04;585.92;594.80;603.68;612.55;621.43;630.31;639.19;648.07;656.94;665.82;674.70;683.58;692.45;701.33;710.21;719.09;727.96;736.84;745.72;754.60;763.47;772.35;781.23;790.11;798.98;807.86;816.74;825.62;834.49;843.37;852.25;861.13;870.01;878.88;887.76;896.64;905.52;914.39;923.27;932.15;
LAS_ED;0.00;-3.83;-9.65;-12.45;-8.43;-1.57;2.24;4.16;4.70;4.66;4.96;5.63;7.09;8.82;10.73;12.55;14.07;15.36;16.44;17.40;18.20;19.18;20.07;21.03;22.01;23.14;24.29;25.55;26.79;27.90;28.89;29.23;29.43;29.45;29.43;29.40;29.57;29.77;30.03;30.29;30.56;30.61;30.67;30.71;30.75;30.87;30.99;31.04;30.81;30.15;29.02;27.08;24.60;21.80;18.79;15.95;12.98;10.46;8.21;6.50;5.18;4.48;4.11;4.16;4.33;4.87;5.13;5.59;5.99;6.33;6.68;6.79;6.92;6.91;6.98;6.94;7.07;7.11;7.23;7.26;7.37;7.29;7.27;7.23;7.22;7.24;7.25;7.25;7.15;6.92;6.44;5.70;4.72;3.73;2.55;1.66;0.22;-0.94;-2.30;-3.70;-5.16;-7.09;-8.56;-9.12;-8.38;-5.48;
LAS_AC;-6.60;-10.18;-15.61;-18.22;-14.47;-8.07;-4.51;-2.72;-2.21;-2.24;-1.97;-1.34;0.02;1.64;3.42;5.12;6.55;7.75;8.75;9.66;10.40;11.32;12.14;13.04;13.96;15.02;16.09;17.26;18.42;19.46;20.39;20.70;20.89;20.91;20.89;20.86;21.02;21.21;21.45;21.69;21.95;21.99;22.05;22.09;22.12;22.23;22.34;22.40;22.18;21.56;20.50;18.69;16.38;13.76;10.95;8.30;5.52;3.17;1.07;-0.52;-1.76;-2.41;-2.76;-2.71;-2.55;-2.05;-1.81;-1.38;-1.00;-0.68;-0.36;-0.26;-0.13;-0.14;-0.08;-0.12;0.00;0.04;0.16;0.18;0.28;0.21;0.20;0.16;0.14;0.16;0.17;0.18;0.08;-0.14;-0.59;-1.28;-2.19;-3.11;-4.22;-5.05;-6.39;-7.48;-8.75;-10.06;-11.42;-13.22;-14.59;-15.11;-14.42;-11.72;

----------------------------------------------------------


