PatientInformation
==========================================================
PatientID;No patientID
Name;,,
Date of Birth;
Sex;
Version;AutoStrainCap2 2.1.0.491925

Results
==========================================================
Global
----------------------------------------------------------
RVFWSL;-26.47;%
RV4CSL;-22.39;%
ED;0.00;ms
ES;349.47;ms

Curves
==========================================================
Longitudinal Strain
Unit [%]
Time [ms];0.00;22.12;44.24;66.36;88.47;110.59;132.71;154.83;176.95;199.07;221.18;243.30;265.42;287.54;309.66;331.78;353.89;376.01;398.13;420.25;442.37;464.49;486.61;508.72;530.84;552.96;575.08;597.20;619.32;641.43;663.55;685.67;707.79;729.91;752.03;774.14;796.26;818.38;840.50;862.62;884.74;
Basal;0.00;-0.95;-3.00;-6.21;-9.94;-13.69;-16.66;-18.25;-19.28;-20.31;-21.12;-21.85;-22.55;-23.74;-25.08;-26.40;-27.11;-26.67;-25.70;-24.69;-22.88;-19.07;-15.03;-12.49;-11.20;-11.26;-12.09;-13.48;-14.80;-15.43;-15.75;-16.01;-17.30;-20.57;-23.28;-22.90;-19.96;-15.15;-9.56;-4.77;-1.37;
Mid;0.00;-0.15;-1.49;-4.33;-7.71;-10.73;-13.18;-15.31;-17.50;-20.43;-22.99;-24.42;-25.35;-26.56;-27.51;-27.69;-27.13;-25.87;-24.29;-22.73;-20.81;-17.85;-14.82;-12.74;-11.61;-11.58;-12.12;-13.19;-14.23;-14.60;-14.73;-14.73;-15.56;-17.88;-19.51;-18.12;-14.62;-10.58;-6.39;-3.28;-1.15;
Apical;0.00;0.02;-1.22;-3.97;-7.18;-9.77;-11.62;-13.20;-14.80;-16.57;-18.15;-19.60;-20.74;-22.19;-23.46;-24.28;-24.46;-23.75;-22.67;-21.54;-20.09;-17.27;-14.47;-12.80;-11.94;-12.11;-12.64;-13.24;-13.85;-14.21;-14.38;-14.31;-14.92;-16.73;-17.88;-16.33;-13.08;-9.47;-5.84;-2.98;-0.94;

----------------------------------------------------------


