PatientInformation
==========================================================
PatientID;No patientID
Name;,,
Date of Birth;
Sex;
Version;AutoStrainCap2 2.1.0.491925

Results
==========================================================
Global
----------------------------------------------------------
LaSr_ED;27.33;%
LaScd_ED;-16.61;%
LaSct_ED;-10.71;%
LaSr_AC;24.74;%
LaScd_AC;-15.04;%
LaSct_AC;-9.70;%
ED;0.00;ms
ES;380.10;ms
PreA;545.84;ms

Curves
==========================================================
Longitudinal Strain
Unit [%]
Time [ms];0.00;9.01;18.01;27.02;36.03;45.04;54.04;63.05;72.06;81.06;90.07;99.08;108.09;117.09;126.10;135.11;144.12;153.12;162.13;171.14;180.14;189.15;198.16;207.17;216.17;225.18;234.19;243.19;252.20;261.21;270.22;279.22;288.23;297.24;306.24;315.25;324.26;333.27;342.27;351.28;360.29;369.30;378.30;387.31;396.32;405.32;414.33;423.34;432.35;441.35;450.36;459.37;468.37;477.38;486.39;495.40;504.40;513.41;522.42;531.42;540.43;549.44;558.45;567.45;576.46;585.47;594.48;603.48;612.49;621.50;630.50;639.51;648.52;657.53;666.53;675.54;684.55;693.55;702.56;
LAS_ED;0.00;1.76;3.12;4.34;5.60;6.67;7.91;9.19;10.47;11.47;12.42;13.34;14.38;15.45;16.68;18.00;19.34;20.43;21.43;22.28;22.91;23.21;23.30;23.24;23.10;22.96;22.81;22.63;22.40;22.79;23.12;23.38;23.58;23.73;23.85;24.04;24.22;24.80;25.44;26.16;26.97;27.19;27.32;27.24;26.87;26.35;25.53;24.48;23.16;21.61;19.96;18.42;17.17;15.83;14.89;13.91;13.35;12.44;11.97;11.30;11.11;10.45;10.08;9.17;8.07;6.02;3.66;0.76;-2.18;-5.63;-8.75;-11.24;-12.91;-13.83;-13.74;-12.58;-10.34;-7.01;-3.43;
LAS_AC;-9.46;-7.86;-6.63;-5.53;-4.39;-3.42;-2.30;-1.14;0.02;0.92;1.79;2.62;3.57;4.53;5.65;6.84;8.05;9.04;9.95;10.71;11.28;11.56;11.64;11.58;11.45;11.33;11.19;11.03;10.82;11.18;11.47;11.71;11.90;12.03;12.14;12.30;12.47;13.00;13.58;14.23;14.96;15.16;15.28;15.21;14.87;14.40;13.66;12.70;11.51;10.11;8.61;7.22;6.08;4.88;4.02;3.14;2.63;1.80;1.38;0.77;0.60;0.00;-0.33;-1.15;-2.15;-4.01;-6.15;-8.77;-11.43;-14.56;-17.38;-19.63;-21.15;-21.98;-21.90;-20.85;-18.82;-15.81;-12.57;

----------------------------------------------------------


