PatientInformation
==========================================================
PatientID;No patientID
Name;,,
Date of Birth;
Sex;
Version;AutoStrainCap2 2.1.0.491925

Results
==========================================================
Global
----------------------------------------------------------
RVFWSL;-31.51;%
RV4CSL;-25.60;%
ED;0.00;ms
ES;280.42;ms

Curves
==========================================================
Longitudinal Strain
Unit [%]
Time [ms];0.00;15.24;30.48;45.72;60.96;76.20;91.44;106.68;121.92;137.16;152.40;167.64;182.88;198.12;213.36;228.60;243.84;259.08;274.32;289.56;304.80;320.04;335.28;350.52;365.76;381.00;396.24;411.48;426.72;441.96;457.20;472.44;487.68;502.92;518.16;533.40;548.64;563.88;579.12;594.36;609.60;624.84;640.08;655.32;670.56;
Basal;0.00;-0.62;-2.78;-5.14;-7.31;-9.13;-10.78;-12.81;-14.87;-16.85;-19.19;-22.15;-24.89;-26.47;-27.33;-28.09;-28.66;-29.03;-29.13;-28.76;-27.87;-25.97;-23.69;-21.45;-19.27;-17.46;-15.79;-14.41;-13.27;-12.62;-12.29;-12.22;-12.45;-12.62;-12.43;-11.79;-10.27;-7.51;-4.58;-2.80;-1.75;-1.49;-1.80;-2.28;-2.01;
Mid;0.00;-0.75;-3.16;-5.87;-8.35;-10.25;-12.03;-14.55;-17.16;-19.46;-21.87;-24.58;-27.03;-28.60;-29.60;-30.55;-31.29;-31.78;-32.02;-31.84;-31.25;-29.85;-28.14;-26.46;-24.69;-22.84;-20.90;-19.11;-17.47;-16.31;-15.43;-14.83;-14.53;-14.26;-13.73;-12.93;-11.35;-8.59;-5.67;-3.79;-2.53;-1.86;-1.80;-2.36;-2.21;
Apical;0.00;-0.86;-3.18;-5.84;-8.31;-10.54;-12.57;-15.10;-17.59;-19.81;-22.23;-25.08;-27.88;-29.89;-31.28;-32.21;-32.77;-33.10;-33.23;-33.06;-32.58;-31.47;-30.03;-28.37;-26.60;-24.81;-22.85;-20.87;-18.91;-17.25;-16.00;-15.17;-14.77;-14.48;-13.86;-12.95;-11.40;-8.90;-6.12;-4.18;-2.70;-1.97;-1.90;-2.07;-1.71;

----------------------------------------------------------


