PatientInformation
==========================================================
PatientID;No patientID
Name;,,
Date of Birth;
Sex;
Version;AutoStrainCap2 2.1.0.491925

Results
==========================================================
Global
----------------------------------------------------------
LaSr_ED;41.22;%
LaScd_ED;-23.29;%
LaSct_ED;-17.93;%
LaSr_AC;35.04;%
LaScd_AC;-19.80;%
LaSct_AC;-15.24;%
ED;0.00;ms
ES;364.95;ms
PreA;625.95;ms

Curves
==========================================================
Longitudinal Strain
Unit [%]
Time [ms];0.00;22.12;44.24;66.36;88.47;110.59;132.71;154.83;176.95;199.07;221.18;243.30;265.42;287.54;309.66;331.78;353.89;376.01;398.13;420.25;442.37;464.49;486.60;508.72;530.84;552.96;575.08;597.20;619.32;641.43;663.55;685.67;707.79;729.91;752.03;774.14;796.26;818.38;840.50;862.62;
LAS_ED;0.00;0.68;4.43;7.61;11.37;15.45;19.91;24.74;29.25;33.23;36.15;38.21;39.22;38.89;38.63;39.70;41.02;41.09;39.83;35.92;30.59;25.43;21.00;17.47;15.53;15.59;16.13;16.66;17.63;18.60;19.40;18.67;16.77;15.13;12.37;6.54;0.92;-1.07;-1.33;-1.66;
LAS_AC;-14.99;-14.41;-11.22;-8.52;-5.32;-1.85;1.94;6.05;9.88;13.26;15.75;17.50;18.36;18.08;17.86;18.77;19.88;19.95;18.88;15.55;11.02;6.63;2.86;-0.14;-1.79;-1.73;-1.27;-0.82;0.00;0.83;1.51;0.89;-0.73;-2.12;-4.47;-9.42;-14.21;-15.89;-16.11;-16.40;

----------------------------------------------------------


