PatientInformation
==========================================================
PatientID;No patientID
Name;,,
Date of Birth;
Sex;
Version;AutoStrainCap2 2.1.0.491925

Results
==========================================================
Global
----------------------------------------------------------
RVFWSL;-6.10;%
RV4CSL;-6.13;%
ED;0.00;ms
ES;23.02;ms

Curves
==========================================================
Longitudinal Strain
Unit [%]
Time [ms];0.00;10.01;20.02;30.02;40.03;50.04;60.05;70.06;80.06;90.07;100.08;110.09;120.10;130.10;140.11;150.12;160.13;170.14;180.14;190.15;200.16;210.17;220.18;230.18;240.19;250.20;260.21;270.22;280.22;290.23;300.24;310.25;320.26;330.26;340.27;350.28;360.29;370.30;380.30;390.31;400.32;410.33;420.34;430.34;440.35;450.36;460.37;470.38;480.38;490.39;500.40;510.41;520.42;530.42;540.43;550.44;560.45;570.46;580.46;590.47;600.48;610.49;620.50;630.50;640.51;650.52;660.53;670.54;680.54;690.55;700.56;710.57;720.58;730.58;740.59;750.60;760.61;770.62;780.62;790.63;800.64;810.65;820.66;830.66;840.67;850.68;860.69;870.70;880.70;890.71;900.72;910.73;920.74;930.74;940.75;950.76;960.77;970.78;980.78;990.79;1000.80;1010.81;1020.82;1030.82;1040.83;1050.84;
Basal;0.00;-4.77;-5.84;-4.70;-2.34;0.30;2.67;4.35;5.69;6.56;7.20;7.07;6.76;6.32;5.73;5.15;4.69;4.27;3.80;3.32;2.89;2.05;1.35;0.65;0.15;-0.44;-0.64;-0.93;-1.01;-1.08;-0.96;-0.91;-0.70;-0.42;0.02;0.60;1.48;2.47;3.58;4.61;5.70;6.08;6.49;6.72;6.97;7.17;7.37;7.50;7.68;7.62;7.68;7.18;6.86;6.30;5.99;5.54;5.89;6.10;6.44;6.60;6.64;6.28;5.76;5.19;4.58;4.10;3.58;3.23;2.88;2.63;2.33;2.04;1.70;1.40;1.06;0.80;0.47;0.21;-0.04;-0.22;-0.40;-0.41;-0.46;-0.50;-0.62;-0.81;-1.22;-1.58;-1.75;-1.62;-0.96;0.36;2.19;4.13;6.20;7.91;9.16;10.04;11.06;12.17;13.80;15.95;17.79;18.22;16.16;10.68;
Mid;0.00;-5.22;-7.02;-5.93;-3.89;-0.99;1.12;2.38;3.00;3.22;3.25;3.11;2.92;2.68;2.27;1.84;0.98;0.13;-0.86;-1.83;-2.79;-3.71;-4.56;-5.30;-5.97;-6.52;-6.89;-7.16;-7.39;-7.52;-7.62;-7.86;-8.04;-8.11;-8.08;-7.93;-7.63;-7.23;-6.74;-6.23;-5.66;-4.77;-3.86;-2.99;-2.11;-1.29;-0.81;-0.39;-0.02;0.32;0.62;1.12;1.59;2.07;2.52;2.96;3.25;3.51;3.71;3.84;3.83;3.51;3.07;2.60;2.09;1.66;1.42;1.27;1.14;1.07;1.00;0.87;0.75;0.64;0.54;0.49;0.51;0.57;0.66;0.80;0.96;1.03;1.09;1.14;1.12;1.03;0.94;0.89;0.96;1.31;1.98;3.02;4.31;5.78;7.15;8.32;8.70;8.93;9.18;9.78;11.02;13.27;15.33;16.10;14.38;9.18;
Apical;0.00;-4.31;-5.53;-4.39;-2.23;0.62;2.39;3.37;3.84;3.99;3.97;4.04;4.03;3.98;3.80;3.64;3.33;3.05;2.68;2.32;1.93;1.50;1.13;0.89;0.77;0.77;0.42;0.17;0.01;-0.07;-0.07;0.01;0.11;0.19;0.26;0.32;0.47;0.63;0.84;1.01;1.25;1.05;0.95;0.87;0.94;1.10;1.74;2.39;3.08;3.66;4.16;4.39;4.54;4.58;4.61;4.58;4.87;5.14;5.43;5.68;5.91;6.04;6.14;6.21;6.23;6.22;5.94;5.63;5.32;5.05;4.85;4.70;4.63;4.59;4.55;4.50;4.37;4.24;4.12;4.07;4.07;4.26;4.48;4.71;4.86;4.92;4.79;4.63;4.56;4.67;5.09;5.87;6.92;8.06;9.15;9.99;10.03;9.89;9.85;10.14;11.07;13.09;15.01;15.79;14.35;9.66;

----------------------------------------------------------


