PatientInformation
==========================================================
PatientID;No patientID
Name;,,
Date of Birth;
Sex;
Version;AutoStrainCap2 2.1.0.491925

Results
==========================================================
Global
----------------------------------------------------------
LaSr_ED;24.89;%
LaScd_ED;-20.16;%
LaSct_ED;-4.73;%
LaSr_AC;23.75;%
LaScd_AC;-19.24;%
LaSct_AC;-4.51;%
ED;0.00;ms
ES;308.74;ms
PreA;661.25;ms

Curves
==========================================================
Longitudinal Strain
Unit [%]
Time [ms];0.00;23.04;46.08;69.12;92.16;115.20;138.24;161.28;184.32;207.36;230.40;253.44;276.48;299.52;322.56;345.60;368.64;391.68;414.72;437.76;460.80;483.84;506.88;529.92;552.96;576.00;599.04;622.08;645.12;668.16;691.20;714.24;737.28;760.32;783.36;806.40;829.44;852.48;875.52;898.56;921.60;944.64;967.68;990.72;
LAS_ED;0.00;1.05;1.40;3.75;7.11;10.65;13.91;16.66;18.93;20.91;22.46;23.54;24.34;24.84;24.75;23.88;22.81;22.69;21.31;17.19;13.01;11.43;10.79;9.19;7.54;6.62;6.01;5.26;4.67;4.80;4.89;4.24;3.58;3.51;3.72;3.98;4.42;5.40;5.79;4.51;2.07;-1.21;-3.32;-2.44;
LAS_AC;-4.58;-3.58;-3.25;-1.01;2.21;5.58;8.69;11.32;13.48;15.37;16.85;17.88;18.64;19.12;19.03;18.21;17.18;17.07;15.76;11.82;7.83;6.33;5.72;4.19;2.62;1.73;1.16;0.44;-0.12;0.00;0.08;-0.54;-1.17;-1.23;-1.03;-0.78;-0.37;0.57;0.94;-0.28;-2.61;-5.73;-7.75;-6.91;

----------------------------------------------------------


