PatientInformation
==========================================================
PatientID;No patientID
Name;,,
Date of Birth;
Sex;
Version;AutoStrainCap2 2.1.0.491925

Results
==========================================================
Global
----------------------------------------------------------
RVFWSL;-27.70;%
RV4CSL;-23.81;%
ED;0.00;ms
ES;347.90;ms

Curves
==========================================================
Longitudinal Strain
Unit [%]
Time [ms];0.00;23.04;46.08;69.12;92.16;115.20;138.24;161.28;184.32;207.36;230.40;253.44;276.48;299.52;322.56;345.60;368.64;391.68;414.72;437.76;460.80;483.84;506.88;529.92;552.96;576.00;599.04;622.08;645.12;668.16;691.20;714.24;737.28;760.32;783.36;806.40;829.44;852.48;875.52;898.56;921.60;944.64;967.68;990.72;
Basal;0.00;-0.72;-0.32;-1.49;-3.69;-6.35;-9.27;-12.32;-15.01;-16.77;-18.17;-19.96;-21.64;-23.16;-23.90;-24.22;-23.92;-23.54;-22.63;-21.24;-18.77;-15.09;-11.18;-7.59;-4.94;-3.72;-3.26;-3.27;-4.00;-5.71;-7.38;-7.97;-8.16;-8.70;-9.18;-9.27;-9.70;-11.29;-11.65;-8.46;-3.90;-0.27;1.88;1.95;
Mid;0.00;-1.03;-2.19;-3.90;-6.51;-9.39;-12.45;-15.11;-17.43;-19.88;-22.10;-23.99;-25.58;-27.51;-28.78;-29.68;-29.83;-28.92;-26.82;-23.19;-18.57;-14.23;-10.35;-7.95;-6.48;-4.86;-3.71;-3.19;-3.37;-4.35;-5.36;-5.81;-5.98;-6.28;-6.50;-6.34;-6.53;-7.98;-8.42;-5.59;-1.89;0.17;1.00;1.20;
Apical;0.00;-1.78;-2.47;-4.24;-6.99;-9.97;-13.06;-15.92;-18.42;-20.59;-22.53;-24.42;-26.11;-27.76;-28.82;-29.06;-28.82;-28.53;-27.40;-25.21;-21.87;-17.45;-13.42;-10.41;-8.25;-7.11;-6.50;-6.24;-6.50;-7.33;-8.16;-8.39;-8.40;-8.55;-8.59;-8.23;-8.02;-8.53;-8.13;-5.30;-1.83;0.43;1.51;1.58;

----------------------------------------------------------


