PatientInformation
==========================================================
PatientID;No patientID
Name;,,
Date of Birth;
Sex;
Version;AutoStrainCap2 2.1.0.491925

Results
==========================================================
Global
----------------------------------------------------------
LaSr_ED;6.92;%
LaScd_ED;-9.16;%
LaSct_ED;2.24;%
LaSr_AC;7.08;%
LaScd_AC;-9.37;%
LaSct_AC;2.29;%
ED;0.00;ms
ES;231.34;ms
PreA;660.96;ms

Curves
==========================================================
Longitudinal Strain
Unit [%]
Time [ms];0.00;19.44;38.88;58.32;77.76;97.20;116.64;136.08;155.52;174.96;194.40;213.84;233.28;252.72;272.16;291.60;311.04;330.48;349.92;369.36;388.80;408.24;427.68;447.12;466.56;486.00;505.44;524.88;544.32;563.76;583.20;602.64;622.08;641.52;660.96;680.40;699.84;719.28;738.72;758.16;777.60;797.04;816.48;835.92;855.36;874.80;894.24;913.68;933.12;952.56;972.00;991.44;1010.88;1030.32;1049.76;1069.20;
LAS_ED;0.00;1.04;0.34;1.16;2.53;3.55;4.33;4.99;5.48;5.74;6.07;6.64;6.92;6.50;5.71;5.16;4.61;4.07;3.36;2.28;1.00;-0.56;-2.00;-2.85;-3.11;-3.08;-2.68;-2.19;-2.04;-2.58;-3.05;-2.77;-2.25;-2.16;-2.24;-2.27;-2.17;-1.83;-1.52;-1.48;-1.68;-2.11;-2.34;-1.96;-1.42;-1.21;-1.28;-1.59;-1.80;-1.64;-1.14;-0.49;-0.06;-0.08;-0.42;-0.74;
LAS_AC;2.29;3.35;2.64;3.48;4.88;5.92;6.72;7.40;7.90;8.16;8.50;9.09;9.37;8.94;8.14;7.57;7.00;6.46;5.73;4.63;3.32;1.72;0.25;-0.63;-0.89;-0.86;-0.45;0.05;0.20;-0.35;-0.83;-0.55;-0.01;0.08;0.00;-0.03;0.07;0.42;0.74;0.78;0.57;0.14;-0.10;0.29;0.84;1.06;0.99;0.67;0.45;0.62;1.12;1.79;2.23;2.21;1.86;1.54;

----------------------------------------------------------


