PatientInformation
==========================================================
PatientID;No patientID
Name;,,
Date of Birth;
Sex;
Version;AutoStrainCap2 2.1.0.491925

Results
==========================================================
Global
----------------------------------------------------------
GLS(3P);-3.94;%
GLS(4Ch);-0.88;%
GLS(2Ch);-5.98;%
GLS(3Ch);-4.95;%
ED;0.00;ms
ES;278.35;ms

Results
==========================================================
Longitudinal Strain
T2P
Minimum
----------------------------------------------------------
Segment 0 [mean];362.96;ms
----------------------------------------------------------
Segment 1 [ant];541.99;ms
Segment 2 [ant/sept];651.23;ms
Segment 3 [inf/sept];0.00;ms
Segment 4 [inf];400.19;ms
Segment 5 [inf/lat];288.85;ms
Segment 6 [ant/lat];214.28;ms
----------------------------------------------------------
Segment 7 [ant];547.25;ms
Segment 8 [ant/sept];650.18;ms
Segment 9 [inf/sept];305.66;ms
Segment 10 [inf];415.95;ms
Segment 11 [inf/lat];204.82;ms
Segment 12 [ant/lat];217.43;ms
----------------------------------------------------------
Segment 13 [ant];511.53;ms
Segment 14 [ant/sept];311.96;ms
Segment 15 [inf/sept];247.89;ms
Segment 16 [inf];510.48;ms
Segment 17 [inf/lat];232.13;ms
Segment 18 [ant/lat];281.50;ms
----------------------------------------------------------


Results
==========================================================
Longitudinal Strain
End-systolic

----------------------------------------------------------
Segment 0 [mean];-2.00;%
----------------------------------------------------------
Segment 1 [ant];-4.37;%
Segment 2 [ant/sept];7.19;%
Segment 3 [inf/sept];17.34;%
Segment 4 [inf];-3.39;%
Segment 5 [inf/lat];-9.28;%
Segment 6 [ant/lat];-0.20;%
----------------------------------------------------------
Segment 7 [ant];-2.00;%
Segment 8 [ant/sept];6.21;%
Segment 9 [inf/sept];-1.62;%
Segment 10 [inf];-4.93;%
Segment 11 [inf/lat];-11.05;%
Segment 12 [ant/lat];-5.91;%
----------------------------------------------------------
Segment 13 [ant];-0.86;%
Segment 14 [ant/sept];-0.49;%
Segment 15 [inf/sept];-8.51;%
Segment 16 [inf];-4.60;%
Segment 17 [inf/lat];-3.79;%
Segment 18 [ant/lat];-5.73;%
----------------------------------------------------------


Results
==========================================================
Longitudinal Strain
Peak-systolic

----------------------------------------------------------
Segment 0 [mean];-4.91;%
----------------------------------------------------------
Segment 1 [ant];-4.37;%
Segment 2 [ant/sept];0.00;%
Segment 3 [inf/sept];0.00;%
Segment 4 [inf];-3.39;%
Segment 5 [inf/lat];-9.28;%
Segment 6 [ant/lat];-3.64;%
----------------------------------------------------------
Segment 7 [ant];-2.00;%
Segment 8 [ant/sept];0.00;%
Segment 9 [inf/sept];-1.74;%
Segment 10 [inf];-4.93;%
Segment 11 [inf/lat];-20.24;%
Segment 12 [ant/lat];-6.20;%
----------------------------------------------------------
Segment 13 [ant];-0.86;%
Segment 14 [ant/sept];-2.42;%
Segment 15 [inf/sept];-9.87;%
Segment 16 [inf];-4.60;%
Segment 17 [inf/lat];-9.07;%
Segment 18 [ant/lat];-5.73;%
----------------------------------------------------------


Curves
==========================================================
Longitudinal Strain
Unit [%]
Time [ms];0.00;10.50;21.01;31.51;42.02;52.52;63.02;73.53;84.03;94.53;105.04;115.54;126.05;136.55;147.05;157.56;168.06;178.56;189.07;199.57;210.08;220.58;231.08;241.59;252.09;262.59;273.10;283.60;294.11;304.61;315.11;325.62;336.12;346.62;357.13;367.63;378.14;388.64;399.14;409.65;420.15;430.65;441.16;451.66;462.17;472.67;483.17;493.68;504.18;514.68;525.19;535.69;546.20;556.70;567.20;577.71;588.21;598.72;609.22;619.72;630.23;640.73;651.23;
Total;0.00;0.41;0.59;0.86;0.85;0.77;0.61;0.45;0.22;-0.07;-0.40;-0.75;-1.06;-1.16;-1.20;-1.16;-1.31;-1.41;-1.53;-1.65;-1.74;-1.93;-2.20;-2.41;-2.56;-2.59;-2.52;-2.37;-2.19;-1.91;-1.65;-1.40;-1.24;-1.11;-1.11;-1.06;-0.91;-0.54;-0.16;0.10;0.07;-0.06;-0.18;-0.26;-0.26;-0.23;-0.22;-0.28;-0.34;-0.46;-0.63;-0.80;-0.93;-0.96;-0.89;-0.77;-0.60;-0.43;-0.20;0.05;0.17;0.12;-0.00;
Segment 1;0.00;0.53;1.00;1.40;1.73;1.99;2.18;2.24;1.99;1.65;1.35;0.88;0.24;-0.40;-1.03;-1.63;-2.15;-2.55;-2.87;-3.12;-3.29;-3.43;-3.69;-3.96;-4.21;-4.34;-4.34;-4.41;-4.47;-4.42;-4.34;-4.25;-4.24;-4.30;-4.35;-4.39;-4.37;-4.36;-4.41;-4.38;-4.27;-4.13;-3.97;-3.87;-3.85;-3.93;-4.05;-4.20;-4.27;-4.30;-4.40;-4.46;-4.46;-4.26;-3.86;-3.40;-2.91;-2.43;-1.91;-1.29;-0.78;-0.38;-0.14;
Segment 2;0.00;1.45;1.70;1.08;1.13;1.58;2.20;2.70;3.11;3.44;3.73;4.04;4.43;4.98;5.63;6.29;6.85;7.38;7.88;7.72;7.52;7.30;7.08;6.89;6.78;6.81;7.02;7.39;7.77;8.06;8.01;7.57;6.76;5.87;5.13;4.60;4.39;4.54;4.85;5.02;4.86;4.51;4.23;4.17;4.22;4.24;4.12;3.92;3.68;3.46;3.24;2.98;2.62;2.23;1.84;1.50;1.24;1.08;1.06;0.98;0.66;-0.08;-0.53;
Segment 3;0.00;2.85;5.89;8.13;9.13;9.48;9.77;10.43;11.35;12.46;13.72;15.04;16.40;17.75;19.08;20.35;21.58;22.75;23.82;24.85;25.68;25.06;23.88;22.61;21.00;19.51;18.00;16.74;15.74;14.91;14.21;13.61;13.08;12.66;12.23;11.86;11.47;11.11;10.76;10.52;10.44;10.59;10.96;11.76;12.67;13.60;14.20;14.48;14.23;13.26;11.85;10.31;8.74;7.35;6.16;5.46;4.90;4.32;3.54;2.62;1.76;0.82;0.25;
Segment 4;0.00;1.78;2.85;2.63;2.31;1.99;1.50;1.11;1.55;1.94;1.89;1.50;0.85;0.84;1.12;1.29;1.13;0.38;-0.40;-1.12;-1.31;-1.31;-1.77;-2.24;-2.56;-2.84;-3.13;-3.70;-4.36;-4.77;-5.03;-5.13;-5.45;-6.01;-6.41;-6.68;-6.75;-6.77;-6.80;-6.77;-6.68;-6.39;-6.06;-6.04;-5.97;-5.62;-5.64;-6.02;-6.07;-6.04;-6.39;-6.62;-6.51;-5.96;-4.99;-4.04;-3.09;-2.26;-1.29;0.06;1.02;1.48;1.00;
Segment 5;0.00;0.25;0.71;3.49;2.38;0.84;-1.02;-1.95;-2.81;-4.05;-4.88;-5.79;-6.27;-5.64;-5.20;-3.76;-4.61;-4.33;-4.83;-3.79;-3.31;-2.74;-3.43;-4.41;-5.86;-7.32;-8.84;-9.51;-9.43;-8.04;-6.72;-3.23;-0.29;2.97;4.23;5.57;6.73;8.40;9.86;10.67;10.34;9.24;8.08;6.86;6.09;5.36;5.29;5.18;5.27;5.38;5.51;5.55;5.38;5.17;5.10;5.13;5.35;5.62;5.80;5.66;4.84;3.30;1.40;
Segment 6;0.00;0.57;1.10;1.46;1.74;1.86;1.67;0.88;-0.05;-0.69;-0.57;-0.18;0.10;-0.08;-0.51;-1.01;-1.51;-1.99;-2.50;-3.05;-3.58;-3.58;-3.30;-2.70;-1.97;-1.14;-0.45;-0.04;-0.05;-0.35;-0.78;-1.28;-1.72;-2.02;-2.06;-2.00;-1.92;-1.89;-1.90;-1.96;-2.06;-2.16;-2.20;-2.12;-1.96;-1.74;-1.50;-1.31;-1.27;-1.47;-1.75;-2.01;-2.11;-2.10;-2.03;-1.94;-1.85;-1.75;-1.66;-1.54;-1.40;-1.11;-0.68;
Segment 7;0.00;0.35;0.71;1.09;1.45;1.79;2.07;2.25;2.22;2.12;2.02;1.80;1.46;1.11;0.74;0.35;0.00;-0.24;-0.46;-0.68;-0.85;-1.03;-1.30;-1.56;-1.80;-1.94;-1.99;-2.02;-2.01;-1.91;-1.80;-1.70;-1.68;-1.72;-1.77;-1.84;-1.87;-1.93;-2.05;-2.12;-2.14;-2.14;-2.16;-2.21;-2.33;-2.53;-2.71;-2.86;-2.95;-3.00;-3.10;-3.19;-3.27;-3.19;-2.95;-2.66;-2.34;-2.02;-1.63;-1.12;-0.66;-0.28;-0.09;
Segment 8;0.00;1.27;1.20;0.34;0.24;0.64;1.15;1.58;1.87;2.03;2.23;2.41;2.63;2.80;3.05;3.37;3.71;4.17;4.89;5.18;5.65;5.93;5.90;5.68;5.55;5.75;6.04;6.33;6.34;6.39;6.32;6.12;5.72;5.33;5.04;4.84;4.70;4.53;4.39;4.23;4.11;3.93;3.75;3.53;3.36;3.17;2.98;2.77;2.56;2.32;2.07;1.85;1.66;1.47;1.28;1.10;0.94;0.84;0.78;0.68;0.36;-0.25;-0.61;
Segment 9;0.00;0.75;0.98;0.75;0.14;-0.58;-1.24;-1.48;-1.53;-1.52;-1.62;-1.71;-1.73;-1.52;-1.20;-0.77;-0.16;0.46;1.05;1.29;1.54;0.79;0.32;-0.32;-0.82;-1.26;-1.52;-1.73;-1.99;-2.11;-2.06;-1.98;-1.83;-1.66;-1.45;-1.25;-0.95;-0.48;0.06;0.49;0.68;0.78;1.00;1.28;1.70;2.04;2.31;2.33;2.20;1.90;1.54;1.12;0.92;0.76;0.74;0.59;0.47;0.29;0.10;-0.09;-0.29;-0.32;-0.30;
Segment 10;0.00;0.34;0.64;0.87;1.15;1.49;1.93;2.31;2.29;2.07;1.72;1.35;0.94;0.47;-0.10;-0.87;-1.57;-2.02;-2.42;-2.79;-3.09;-3.37;-3.71;-4.03;-4.26;-4.51;-4.79;-5.08;-5.34;-5.46;-5.55;-5.63;-5.76;-5.94;-6.09;-6.25;-6.51;-6.72;-6.77;-6.80;-6.79;-6.41;-5.90;-5.69;-5.53;-5.32;-5.23;-5.26;-5.28;-5.31;-5.38;-5.48;-5.67;-5.57;-5.15;-4.59;-3.92;-3.26;-2.37;-1.05;-0.25;-0.01;0.06;
Segment 11;0.00;0.57;-0.67;-2.55;-4.10;-5.64;-7.11;-8.47;-9.84;-11.09;-12.53;-13.76;-14.87;-15.92;-16.78;-17.66;-18.43;-19.29;-19.92;-20.20;-20.21;-19.94;-19.25;-18.21;-16.75;-14.79;-12.33;-9.75;-7.17;-5.23;-4.34;-6.15;-8.82;-11.54;-12.90;-13.42;-12.94;-11.66;-9.95;-8.54;-7.83;-7.69;-7.66;-7.67;-7.48;-7.26;-6.87;-6.46;-5.96;-5.38;-4.79;-4.30;-3.91;-3.56;-3.21;-2.76;-2.24;-1.48;-0.47;0.45;0.72;0.07;-0.58;
Segment 12;0.00;0.17;0.23;0.19;0.36;0.63;0.82;0.89;0.79;0.49;-0.40;-1.34;-2.14;-2.36;-2.48;-2.71;-3.48;-4.39;-5.26;-5.80;-6.14;-6.20;-6.07;-5.83;-5.71;-5.78;-5.91;-5.82;-5.36;-4.62;-3.78;-2.88;-2.06;-1.38;-1.08;-0.88;-0.73;-0.60;-0.49;-0.45;-0.50;-0.59;-0.65;-0.63;-0.54;-0.39;-0.20;-0.05;-0.02;-0.16;-0.38;-0.56;-0.58;-0.50;-0.40;-0.32;-0.27;-0.23;-0.19;-0.18;-0.17;-0.21;-0.17;
Segment 13;0.00;0.08;0.36;1.02;1.65;2.20;2.62;2.92;3.07;3.19;3.37;3.49;3.51;3.37;3.12;2.87;2.57;2.21;1.90;1.65;1.50;1.34;1.00;0.56;0.05;-0.38;-0.71;-1.00;-1.26;-1.47;-1.68;-1.93;-2.19;-2.49;-2.91;-3.35;-3.58;-3.77;-3.97;-4.28;-4.68;-4.99;-5.25;-5.55;-5.83;-6.05;-6.31;-6.61;-6.76;-6.79;-6.70;-6.61;-6.57;-6.50;-6.39;-6.09;-5.69;-5.30;-4.85;-4.33;-3.54;-2.47;-1.28;
Segment 14;0.00;-0.61;-0.09;1.15;2.09;2.25;2.01;1.81;1.52;0.99;-0.02;-1.11;-1.99;-2.35;-2.42;-2.36;-2.21;-2.01;-1.72;-1.83;-1.84;-1.82;-2.14;-2.32;-2.18;-1.44;-0.71;-0.55;-1.86;-3.18;-3.49;-2.41;-0.22;1.95;3.32;3.99;4.31;4.99;5.46;5.59;5.29;4.76;4.17;3.93;3.73;3.55;3.36;3.19;3.09;2.79;2.54;2.32;2.12;1.94;1.78;1.57;1.34;1.06;0.80;0.59;0.54;0.80;0.82;
Segment 15;0.00;-1.74;-3.73;-5.10;-5.53;-5.53;-5.55;-6.14;-6.93;-7.73;-8.34;-8.81;-9.15;-9.41;-9.52;-9.44;-9.19;-8.84;-8.64;-8.55;-8.63;-9.16;-9.57;-9.81;-9.84;-9.50;-8.91;-8.07;-7.15;-6.01;-4.77;-3.60;-2.54;-1.64;-1.05;-0.58;-0.04;0.77;1.63;2.31;2.54;2.53;2.41;2.20;2.01;1.83;1.71;1.59;1.42;1.25;1.11;1.09;1.25;1.49;1.70;1.75;1.72;1.64;1.54;1.44;1.29;1.12;0.72;
Segment 16;0.00;0.66;1.17;1.38;1.71;2.19;2.84;3.47;3.66;3.67;3.57;3.29;2.84;2.38;1.89;1.36;0.77;0.10;-0.43;-0.83;-1.30;-1.79;-2.23;-2.69;-3.21;-3.78;-4.38;-4.77;-5.06;-5.45;-5.85;-6.26;-6.63;-6.98;-7.40;-7.79;-7.90;-7.95;-8.01;-8.19;-8.45;-8.57;-8.64;-8.81;-8.96;-9.02;-9.19;-9.47;-9.59;-9.60;-9.53;-9.41;-9.29;-9.03;-8.63;-7.99;-7.23;-6.57;-5.81;-4.90;-3.83;-2.62;-1.33;
Segment 17;0.00;0.71;1.61;3.41;3.61;2.91;1.93;0.98;0.04;-0.95;-2.34;-3.70;-4.88;-5.44;-5.68;-5.80;-5.87;-6.03;-6.32;-7.24;-8.12;-8.79;-9.07;-8.80;-7.84;-6.39;-4.61;-3.05;-1.79;-1.07;-0.60;-0.23;0.14;0.54;0.72;1.01;1.52;2.84;4.14;5.21;4.99;4.50;3.90;3.94;4.05;4.27;4.09;3.90;3.57;3.25;2.85;2.52;2.24;2.02;1.78;1.57;1.38;1.28;1.24;1.17;0.98;0.65;0.34;
Segment 18;0.00;-2.04;-4.06;-5.15;-5.19;-4.73;-4.19;-4.02;-4.08;-4.34;-4.57;-4.76;-4.73;-4.42;-3.93;-3.40;-2.95;-2.61;-2.29;-2.21;-2.10;-2.57;-2.82;-3.16;-3.58;-4.62;-5.45;-5.78;-4.99;-3.71;-2.25;-1.16;-0.33;0.19;0.53;0.72;0.89;1.27;1.66;1.98;2.04;1.96;1.81;1.57;1.35;1.23;1.27;1.35;1.36;1.30;1.19;1.13;1.16;1.25;1.32;1.28;1.18;1.07;1.04;1.01;0.98;0.95;0.73;

----------------------------------------------------------


Curves
==========================================================
Longitudinal Strain Rate
Unit [1/s]
Time [ms];0.00;10.50;21.01;31.51;42.02;52.52;63.02;73.53;84.03;94.53;105.04;115.54;126.05;136.55;147.05;157.56;168.06;178.56;189.07;199.57;210.08;220.58;231.08;241.59;252.09;262.59;273.10;283.60;294.11;304.61;315.11;325.62;336.12;346.62;357.13;367.63;378.14;388.64;399.14;409.65;420.15;430.65;441.16;451.66;462.17;472.67;483.17;493.68;504.18;514.68;525.19;535.69;546.20;556.70;567.20;577.71;588.21;598.72;609.22;619.72;630.23;640.73;651.23;
Segment 1;0.51;0.48;0.42;0.34;0.28;0.22;0.14;-0.09;-0.31;-0.30;-0.35;-0.54;-0.62;-0.61;-0.59;-0.54;-0.44;-0.34;-0.27;-0.19;-0.13;-0.19;-0.27;-0.26;-0.19;-0.05;-0.03;-0.08;-0.01;0.07;0.09;0.05;-0.03;-0.06;-0.04;-0.00;0.02;-0.03;-0.02;0.07;0.13;0.15;0.13;0.06;-0.03;-0.10;-0.14;-0.11;-0.04;-0.06;-0.08;-0.04;0.08;0.30;0.42;0.45;0.46;0.47;0.55;0.55;0.44;0.30;0.17;
Segment 2;1.55;0.87;-0.31;-0.36;0.28;0.54;0.55;0.43;0.35;0.29;0.28;0.32;0.45;0.58;0.63;0.58;0.51;0.54;0.16;-0.22;-0.20;-0.21;-0.20;-0.15;-0.05;0.11;0.29;0.37;0.34;0.13;-0.23;-0.61;-0.84;-0.79;-0.62;-0.36;-0.02;0.25;0.26;0.00;-0.27;-0.32;-0.17;0.01;0.05;-0.04;-0.16;-0.22;-0.22;-0.21;-0.22;-0.29;-0.36;-0.38;-0.35;-0.29;-0.21;-0.08;-0.03;-0.16;-0.53;-0.66;0.06;
Segment 3;2.68;2.85;2.61;1.53;0.57;0.24;0.43;0.77;0.97;1.13;1.23;1.28;1.29;1.28;1.24;1.19;1.14;1.06;1.00;0.99;0.13;-0.96;-1.17;-1.38;-1.50;-1.43;-1.34;-1.07;-0.86;-0.72;-0.62;-0.54;-0.45;-0.40;-0.38;-0.36;-0.36;-0.34;-0.29;-0.16;0.03;0.23;0.56;0.84;0.90;0.75;0.43;0.04;-0.59;-1.17;-1.43;-1.50;-1.42;-1.24;-0.90;-0.57;-0.52;-0.64;-0.83;-0.84;-0.88;-0.75;-0.37;
Segment 4;1.77;1.45;0.36;-0.35;-0.28;-0.39;-0.49;0.03;0.49;0.17;-0.22;-0.56;-0.35;0.18;0.25;0.03;-0.46;-0.76;-0.75;-0.45;-0.02;-0.21;-0.49;-0.37;-0.28;-0.25;-0.40;-0.63;-0.52;-0.31;-0.15;-0.17;-0.45;-0.48;-0.32;-0.16;-0.03;-0.02;-0.01;0.05;0.18;0.33;0.17;-0.00;0.23;0.20;-0.24;-0.24;0.05;-0.16;-0.32;-0.07;0.31;0.75;0.94;0.91;0.84;0.82;1.15;1.16;0.71;-0.00;-0.77;
Segment 5;0.25;0.14;1.84;0.99;-1.54;-1.69;-1.36;-0.74;-1.04;-1.01;-0.81;-0.76;0.13;0.49;1.05;0.27;-0.38;-0.12;0.23;0.82;0.54;-0.03;-0.85;-1.17;-1.41;-1.47;-1.09;-0.31;0.78;1.21;2.32;3.18;3.04;2.17;1.10;1.18;1.35;1.57;1.13;0.24;-0.76;-1.12;-1.16;-0.95;-0.73;-0.38;-0.05;-0.02;0.11;0.12;0.10;-0.07;-0.21;-0.14;-0.02;0.12;0.25;0.24;0.06;-0.43;-1.14;-1.72;-1.60;
Segment 6;0.55;0.53;0.43;0.30;0.20;0.00;-0.47;-0.87;-0.81;-0.25;0.30;0.37;0.05;-0.32;-0.45;-0.49;-0.46;-0.46;-0.50;-0.56;-0.27;0.15;0.43;0.64;0.75;0.75;0.54;0.19;-0.17;-0.36;-0.45;-0.46;-0.37;-0.16;0.02;0.08;0.06;0.01;-0.03;-0.08;-0.10;-0.08;0.02;0.12;0.19;0.23;0.21;0.12;-0.08;-0.25;-0.28;-0.17;-0.03;0.04;0.08;0.08;0.09;0.09;0.10;0.11;0.20;0.34;0.54;
Segment 7;0.33;0.34;0.35;0.35;0.33;0.30;0.23;0.07;-0.08;-0.09;-0.14;-0.28;-0.34;-0.34;-0.36;-0.36;-0.28;-0.22;-0.21;-0.18;-0.16;-0.21;-0.26;-0.25;-0.18;-0.08;-0.03;-0.02;0.05;0.11;0.10;0.06;-0.01;-0.05;-0.06;-0.05;-0.04;-0.09;-0.10;-0.04;-0.01;-0.01;-0.03;-0.08;-0.15;-0.19;-0.16;-0.12;-0.06;-0.07;-0.09;-0.09;-0.01;0.16;0.26;0.30;0.31;0.33;0.43;0.47;0.41;0.28;0.12;
Segment 8;1.39;0.62;-0.59;-0.54;0.20;0.47;0.46;0.34;0.21;0.17;0.18;0.19;0.18;0.19;0.27;0.32;0.36;0.60;0.49;0.34;0.40;0.12;-0.14;-0.20;0.03;0.26;0.30;0.14;0.01;0.00;-0.12;-0.30;-0.40;-0.33;-0.23;-0.15;-0.15;-0.15;-0.15;-0.13;-0.14;-0.17;-0.19;-0.19;-0.17;-0.18;-0.19;-0.20;-0.21;-0.24;-0.22;-0.20;-0.17;-0.18;-0.18;-0.16;-0.12;-0.07;-0.07;-0.18;-0.46;-0.56;0.13;
Segment 9;0.78;0.49;-0.01;-0.42;-0.66;-0.69;-0.44;-0.12;0.00;-0.04;-0.10;-0.06;0.09;0.26;0.35;0.50;0.60;0.60;0.38;0.28;-0.25;-0.64;-0.51;-0.56;-0.45;-0.33;-0.21;-0.23;-0.20;-0.02;0.07;0.11;0.15;0.18;0.20;0.22;0.37;0.50;0.48;0.30;0.11;0.14;0.23;0.34;0.37;0.30;0.15;-0.05;-0.21;-0.32;-0.39;-0.30;-0.16;-0.07;-0.08;-0.14;-0.14;-0.18;-0.18;-0.20;-0.11;-0.01;0.15;
Segment 10;0.33;0.31;0.25;0.23;0.29;0.38;0.43;0.18;-0.14;-0.28;-0.35;-0.37;-0.42;-0.48;-0.65;-0.73;-0.54;-0.39;-0.37;-0.32;-0.27;-0.30;-0.32;-0.26;-0.22;-0.25;-0.27;-0.27;-0.19;-0.10;-0.07;-0.09;-0.15;-0.16;-0.14;-0.20;-0.24;-0.12;-0.03;-0.03;0.18;0.47;0.35;0.14;0.18;0.16;0.02;-0.03;-0.02;-0.04;-0.08;-0.16;-0.07;0.26;0.48;0.59;0.63;0.70;1.10;1.08;0.47;0.12;-0.00;
Segment 11;0.80;-0.28;-1.64;-1.67;-1.44;-1.44;-1.34;-1.31;-1.23;-1.29;-1.30;-1.10;-1.04;-0.90;-0.82;-0.78;-0.78;-0.74;-0.44;-0.13;0.11;0.45;0.83;1.18;1.62;2.13;2.43;2.50;2.21;1.50;-0.45;-2.32;-2.70;-1.99;-0.86;-0.02;0.87;1.49;1.56;1.02;0.36;0.05;-0.01;0.08;0.20;0.29;0.39;0.43;0.52;0.57;0.52;0.41;0.34;0.33;0.38;0.45;0.60;0.86;0.97;0.63;-0.22;-0.78;-0.03;
Segment 12;0.18;0.12;-0.01;0.05;0.23;0.23;0.13;-0.01;-0.16;-0.58;-0.92;-0.87;-0.48;-0.12;-0.12;-0.48;-0.84;-0.87;-0.68;-0.41;-0.19;0.04;0.20;0.19;0.02;-0.12;-0.05;0.26;0.59;0.76;0.84;0.83;0.73;0.47;0.22;0.16;0.13;0.12;0.08;-0.01;-0.08;-0.08;-0.02;0.06;0.11;0.17;0.17;0.10;-0.05;-0.19;-0.21;-0.10;0.04;0.10;0.09;0.06;0.04;0.04;0.02;0.01;-0.02;-0.01;0.11;
Segment 13;0.05;0.14;0.46;0.64;0.57;0.47;0.35;0.20;0.11;0.15;0.15;0.07;-0.05;-0.20;-0.24;-0.26;-0.32;-0.33;-0.27;-0.19;-0.13;-0.23;-0.38;-0.46;-0.46;-0.36;-0.29;-0.26;-0.22;-0.20;-0.22;-0.24;-0.26;-0.34;-0.43;-0.32;-0.19;-0.18;-0.23;-0.35;-0.35;-0.26;-0.27;-0.29;-0.23;-0.22;-0.28;-0.22;-0.08;0.03;0.10;0.06;0.05;0.08;0.19;0.35;0.38;0.39;0.45;0.61;0.90;1.09;1.18;
Segment 14;-0.73;-0.09;0.93;1.14;0.53;-0.09;-0.23;-0.22;-0.37;-0.74;-1.04;-0.98;-0.59;-0.18;0.00;0.11;0.16;0.27;0.08;-0.09;0.05;-0.15;-0.29;-0.05;0.44;0.77;0.52;-0.58;-1.42;-0.86;0.36;1.65;2.20;1.72;0.94;0.40;0.47;0.60;0.29;-0.09;-0.41;-0.57;-0.40;-0.18;-0.18;-0.18;-0.18;-0.11;-0.19;-0.28;-0.22;-0.20;-0.18;-0.16;-0.17;-0.21;-0.25;-0.26;-0.23;-0.15;0.13;0.22;-0.40;
Segment 15;-1.61;-1.81;-1.68;-0.85;-0.15;0.06;-0.28;-0.70;-0.78;-0.68;-0.50;-0.38;-0.29;-0.19;-0.02;0.16;0.31;0.28;0.13;0.03;-0.31;-0.49;-0.31;-0.15;0.15;0.45;0.69;0.84;0.98;1.16;1.16;1.07;0.95;0.70;0.47;0.46;0.64;0.82;0.77;0.44;0.09;-0.07;-0.16;-0.20;-0.18;-0.14;-0.11;-0.14;-0.17;-0.15;-0.09;0.07;0.20;0.23;0.13;0.00;-0.06;-0.09;-0.09;-0.11;-0.14;-0.25;-0.55;
Segment 16;0.65;0.58;0.32;0.23;0.38;0.55;0.65;0.40;0.07;-0.04;-0.17;-0.36;-0.44;-0.45;-0.49;-0.53;-0.61;-0.59;-0.43;-0.40;-0.47;-0.44;-0.42;-0.47;-0.52;-0.58;-0.48;-0.30;-0.32;-0.39;-0.39;-0.37;-0.34;-0.36;-0.41;-0.24;-0.06;-0.05;-0.11;-0.23;-0.19;-0.07;-0.11;-0.17;-0.09;-0.10;-0.24;-0.20;-0.05;0.03;0.09;0.11;0.17;0.31;0.49;0.69;0.68;0.66;0.79;0.95;1.09;1.19;1.25;
Segment 17;0.66;0.69;1.41;1.09;-0.35;-0.86;-0.93;-0.89;-0.89;-1.14;-1.35;-1.25;-0.83;-0.35;-0.16;-0.07;-0.10;-0.18;-0.58;-0.91;-0.76;-0.47;-0.03;0.58;1.17;1.59;1.63;1.36;0.94;0.53;0.39;0.34;0.39;0.27;0.20;0.33;0.88;1.32;1.21;0.41;-0.42;-0.58;-0.27;0.11;0.18;0.02;-0.20;-0.24;-0.31;-0.35;-0.35;-0.29;-0.24;-0.22;-0.22;-0.20;-0.14;-0.06;-0.04;-0.11;-0.26;-0.32;-0.30;
Segment 18;-1.92;-2.00;-1.56;-0.50;0.27;0.53;0.35;0.04;-0.17;-0.25;-0.21;-0.09;0.16;0.40;0.50;0.47;0.37;0.33;0.18;0.12;-0.19;-0.38;-0.26;-0.32;-0.71;-0.96;-0.61;0.21;1.05;1.36;1.24;0.91;0.63;0.40;0.25;0.15;0.26;0.39;0.36;0.18;-0.02;-0.11;-0.19;-0.23;-0.17;-0.04;0.07;0.05;-0.02;-0.09;-0.09;-0.01;0.07;0.09;0.01;-0.07;-0.11;-0.07;-0.03;-0.03;-0.02;-0.08;-0.46;

----------------------------------------------------------


Curves
==========================================================
Global Strain A2C
Unit [%]
Time [ms];0.00;10.50;21.01;31.51;42.02;52.52;63.02;73.53;84.03;94.53;105.04;115.54;126.05;136.55;147.05;157.56;168.06;178.56;189.07;199.57;210.08;220.58;231.08;241.59;252.09;262.59;273.10;283.60;294.11;304.61;315.11;325.62;336.12;346.62;357.13;367.63;378.14;388.64;399.14;409.65;420.15;430.65;441.16;451.66;462.17;472.67;483.17;493.68;504.18;514.68;525.19;535.69;546.20;556.70;567.20;577.71;588.21;598.72;609.22;619.72;630.23;640.73;651.23;
Total;0.00;0.61;1.10;1.39;1.66;1.94;2.19;2.38;2.46;2.43;2.32;2.05;1.65;1.30;0.96;0.56;0.13;-0.34;-0.77;-1.13;-1.37;-1.57;-1.92;-2.30;-2.64;-2.95;-3.20;-3.47;-3.72;-3.88;-4.01;-4.12;-4.29;-4.54;-4.79;-5.01;-5.13;-5.21;-5.30;-5.39;-5.47;-5.42;-5.31;-5.36;-5.41;-5.42;-5.53;-5.75;-5.83;-5.86;-5.93;-5.97;-5.97;-5.76;-5.34;-4.82;-4.22;-3.67;-3.01;-2.16;-1.39;-0.75;-0.32;

----------------------------------------------------------


Curves
==========================================================
Global Strain Rate A2C
Unit [1/s]
Time [ms];0.00;10.50;21.01;31.51;42.02;52.52;63.02;73.53;84.03;94.53;105.04;115.54;126.05;136.55;147.05;157.56;168.06;178.56;189.07;199.57;210.08;220.58;231.08;241.59;252.09;262.59;273.10;283.60;294.11;304.61;315.11;325.62;336.12;346.62;357.13;367.63;378.14;388.64;399.14;409.65;420.15;430.65;441.16;451.66;462.17;472.67;483.17;493.68;504.18;514.68;525.19;535.69;546.20;556.70;567.20;577.71;588.21;598.72;609.22;619.72;630.23;640.73;651.23;
Total;0.59;0.54;0.36;0.25;0.27;0.26;0.22;0.13;0.02;-0.06;-0.18;-0.33;-0.37;-0.32;-0.35;-0.40;-0.44;-0.43;-0.38;-0.29;-0.19;-0.26;-0.36;-0.35;-0.31;-0.26;-0.25;-0.26;-0.20;-0.13;-0.10;-0.13;-0.21;-0.24;-0.23;-0.16;-0.09;-0.08;-0.08;-0.09;-0.02;0.10;0.03;-0.06;-0.02;-0.05;-0.18;-0.15;-0.03;-0.04;-0.06;-0.03;0.09;0.31;0.46;0.54;0.55;0.56;0.73;0.79;0.68;0.51;0.34;

----------------------------------------------------------


Curves
==========================================================
Global Strain A3C
Unit [%]
Time [ms];0.00;10.50;21.01;31.51;42.02;52.52;63.02;73.53;84.03;94.53;105.04;115.54;126.05;136.55;147.05;157.56;168.06;178.56;189.07;199.57;210.08;220.58;231.08;241.59;252.09;262.59;273.10;283.60;294.11;304.61;315.11;325.62;336.12;346.62;357.13;367.63;378.14;388.64;399.14;409.65;420.15;430.65;441.16;451.66;462.17;472.67;483.17;493.68;504.18;514.68;525.19;535.69;546.20;556.70;567.20;577.71;588.21;598.72;609.22;619.72;630.23;640.73;651.23;
Total;0.00;0.55;0.67;1.23;0.87;0.25;-0.50;-1.05;-1.64;-2.34;-3.15;-3.93;-4.53;-4.66;-4.69;-4.45;-4.64;-4.63;-4.71;-4.75;-4.81;-4.78;-4.92;-4.94;-4.77;-4.25;-3.56;-2.77;-2.13;-1.48;-0.99;-0.48;-0.15;0.23;0.32;0.56;0.99;1.95;2.93;3.61;3.55;3.11;2.62;2.31;2.16;2.05;2.01;1.95;1.92;1.89;1.85;1.79;1.67;1.55;1.46;1.41;1.42;1.53;1.70;1.79;1.54;0.90;0.21;

----------------------------------------------------------


Curves
==========================================================
Global Strain Rate A3C
Unit [1/s]
Time [ms];0.00;10.50;21.01;31.51;42.02;52.52;63.02;73.53;84.03;94.53;105.04;115.54;126.05;136.55;147.05;157.56;168.06;178.56;189.07;199.57;210.08;220.58;231.08;241.59;252.09;262.59;273.10;283.60;294.11;304.61;315.11;325.62;336.12;346.62;357.13;367.63;378.14;388.64;399.14;409.65;420.15;430.65;441.16;451.66;462.17;472.67;483.17;493.68;504.18;514.68;525.19;535.69;546.20;556.70;567.20;577.71;588.21;598.72;609.22;619.72;630.23;640.73;651.23;
Total;0.60;0.27;0.36;0.15;-0.52;-0.68;-0.63;-0.52;-0.61;-0.73;-0.77;-0.69;-0.34;-0.06;0.14;0.02;-0.11;-0.02;-0.06;-0.05;-0.00;-0.05;-0.10;0.06;0.33;0.59;0.73;0.68;0.62;0.54;0.48;0.40;0.34;0.22;0.13;0.30;0.67;0.98;0.84;0.30;-0.28;-0.48;-0.40;-0.20;-0.11;-0.07;-0.05;-0.04;-0.03;-0.03;-0.04;-0.09;-0.12;-0.10;-0.07;-0.02;0.06;0.14;0.15;-0.05;-0.44;-0.69;-0.43;

----------------------------------------------------------


Curves
==========================================================
Global Strain A4C
Unit [%]
Time [ms];0.00;10.50;21.01;31.51;42.02;52.52;63.02;73.53;84.03;94.53;105.04;115.54;126.05;136.55;147.05;157.56;168.06;178.56;189.07;199.57;210.08;220.58;231.08;241.59;252.09;262.59;273.10;283.60;294.11;304.61;315.11;325.62;336.12;346.62;357.13;367.63;378.14;388.64;399.14;409.65;420.15;430.65;441.16;451.66;462.17;472.67;483.17;493.68;504.18;514.68;525.19;535.69;546.20;556.70;567.20;577.71;588.21;598.72;609.22;619.72;630.23;640.73;651.23;
Total;0.00;0.06;-0.00;-0.04;0.03;0.12;0.15;0.03;-0.15;-0.30;-0.38;-0.38;-0.30;-0.10;0.14;0.39;0.59;0.76;0.88;0.92;0.95;0.56;0.25;-0.01;-0.28;-0.58;-0.81;-0.88;-0.72;-0.39;0.04;0.40;0.72;0.98;1.14;1.27;1.41;1.65;1.91;2.10;2.14;2.13;2.16;2.27;2.46;2.67;2.87;2.97;2.90;2.60;2.18;1.78;1.50;1.33;1.21;1.10;0.99;0.86;0.70;0.52;0.35;0.21;0.09;

----------------------------------------------------------


Curves
==========================================================
Global Strain Rate A4C
Unit [1/s]
Time [ms];0.00;10.50;21.01;31.51;42.02;52.52;63.02;73.53;84.03;94.53;105.04;115.54;126.05;136.55;147.05;157.56;168.06;178.56;189.07;199.57;210.08;220.58;231.08;241.59;252.09;262.59;273.10;283.60;294.11;304.61;315.11;325.62;336.12;346.62;357.13;367.63;378.14;388.64;399.14;409.65;420.15;430.65;441.16;451.66;462.17;472.67;483.17;493.68;504.18;514.68;525.19;535.69;546.20;556.70;567.20;577.71;588.21;598.72;609.22;619.72;630.23;640.73;651.23;
Total;0.07;-0.00;-0.06;0.01;0.09;0.07;-0.04;-0.15;-0.17;-0.12;-0.04;0.04;0.13;0.21;0.24;0.22;0.17;0.14;0.07;0.06;-0.18;-0.37;-0.26;-0.25;-0.28;-0.26;-0.15;0.04;0.24;0.37;0.38;0.33;0.28;0.20;0.13;0.12;0.18;0.25;0.22;0.11;0.00;0.00;0.07;0.15;0.19;0.20;0.15;0.02;-0.18;-0.36;-0.40;-0.33;-0.21;-0.14;-0.11;-0.10;-0.11;-0.14;-0.16;-0.17;-0.15;-0.12;-0.10;

----------------------------------------------------------


