PatientInformation
==========================================================
PatientID;No patientID
Name;,,
Date of Birth;
Sex;
Version;AutoStrainCap2 2.1.0.491925

Results
==========================================================
Global
----------------------------------------------------------
RVFWSL;-28.95;%
RV4CSL;-25.75;%
ED;0.00;ms
ES;291.60;ms

Curves
==========================================================
Longitudinal Strain
Unit [%]
Time [ms];0.00;19.44;38.88;58.32;77.76;97.20;116.64;136.08;155.52;174.96;194.40;213.84;233.28;252.72;272.16;291.60;311.04;330.48;349.92;369.36;388.80;408.24;427.68;447.12;466.56;486.00;505.44;524.88;544.32;563.76;583.20;602.64;622.08;641.52;660.96;680.40;699.84;719.28;738.72;758.16;777.60;797.04;816.48;835.92;855.36;874.80;894.24;913.68;933.12;952.56;972.00;991.44;1010.88;1030.32;1049.76;1069.20;
Basal;0.00;-0.05;-2.19;-5.43;-9.37;-11.94;-14.30;-17.26;-20.19;-22.91;-25.28;-27.56;-29.61;-31.38;-33.07;-35.28;-35.08;-31.61;-27.27;-23.98;-21.02;-18.27;-15.85;-13.45;-10.91;-8.40;-6.38;-5.82;-5.87;-5.85;-5.93;-5.97;-5.99;-5.85;-5.51;-4.97;-4.41;-4.00;-3.80;-3.94;-4.13;-4.14;-3.83;-2.98;-2.21;-2.24;-2.41;-2.08;-1.53;-0.85;-0.20;0.05;0.19;0.41;0.34;0.09;
Mid;0.00;-0.19;-1.04;-2.91;-5.95;-9.51;-12.93;-15.85;-18.52;-21.01;-23.07;-24.59;-25.91;-27.57;-28.98;-30.04;-29.16;-26.50;-22.90;-19.06;-15.44;-11.70;-8.41;-6.32;-4.49;-2.76;-1.60;-1.04;-0.98;-0.96;-1.06;-1.49;-1.85;-1.99;-1.90;-1.66;-1.38;-1.21;-1.20;-1.39;-1.60;-1.57;-1.31;-0.93;-0.65;-0.77;-0.98;-0.89;-0.61;-0.20;0.16;0.26;0.26;0.35;0.30;0.22;
Apical;0.00;0.89;0.45;-1.60;-4.99;-7.90;-10.63;-13.13;-15.45;-17.90;-19.90;-21.16;-22.01;-22.88;-23.14;-22.01;-19.84;-15.27;-9.91;-5.29;-1.15;2.81;6.17;8.60;10.52;11.75;12.42;12.09;11.37;10.77;9.97;9.07;8.13;7.29;6.73;6.51;6.36;6.09;5.71;5.14;4.55;4.08;3.74;3.63;3.45;2.88;2.24;1.91;1.74;1.73;1.69;1.27;0.80;0.50;0.12;0.19;

----------------------------------------------------------


