PatientInformation
==========================================================
PatientID;No patientID
Name;,,
Date of Birth;
Sex;
Version;AutoStrainCap2 2.1.0.491925

Results
==========================================================
Global
----------------------------------------------------------
LaSr_ED;25.48;%
LaScd_ED;-15.99;%
LaSct_ED;-9.49;%
LaSr_AC;23.23;%
LaScd_AC;-14.57;%
LaSct_AC;-8.65;%
ED;0.00;ms
ES;403.55;ms
PreA;612.46;ms

Curves
==========================================================
Longitudinal Strain
Unit [%]
Time [ms];0.00;8.93;17.86;26.78;35.71;44.64;53.57;62.50;71.42;80.35;89.28;98.21;107.14;116.06;124.99;133.92;142.85;151.78;160.70;169.63;178.56;187.49;196.42;205.34;214.27;223.20;232.13;241.06;249.98;258.91;267.84;276.77;285.70;294.62;303.55;312.48;321.41;330.34;339.26;348.19;357.12;366.05;374.98;383.90;392.83;401.76;410.69;419.62;428.54;437.47;446.40;455.33;464.26;473.18;482.11;491.04;499.97;508.90;517.82;526.75;535.68;544.61;553.54;562.46;571.39;580.32;589.25;598.18;607.10;616.03;624.96;633.89;642.82;651.74;660.67;669.60;678.53;687.46;696.38;705.31;714.24;723.17;732.10;741.02;749.95;758.88;767.81;776.74;785.66;794.59;803.52;812.45;
LAS_ED;0.00;-1.84;-3.06;-3.05;-0.67;0.74;1.49;2.21;2.98;4.00;5.24;6.40;7.63;7.96;8.38;8.69;9.24;9.98;10.98;11.96;13.02;13.58;14.11;14.58;14.99;15.82;16.56;17.42;18.18;19.07;19.87;20.62;21.31;21.78;22.20;22.44;22.70;22.67;22.75;22.89;23.13;23.71;24.27;24.87;25.22;25.47;25.34;24.85;23.84;22.40;20.63;18.76;17.15;15.66;14.60;13.57;12.73;11.30;10.03;8.87;7.92;7.55;7.36;7.44;7.64;7.95;8.31;8.76;9.18;9.69;10.03;10.22;10.08;9.73;9.10;8.43;7.78;7.26;6.76;6.08;5.14;3.68;2.16;0.57;-0.34;-1.69;-2.20;-2.18;-1.82;-0.85;-0.13;0.43;
LAS_AC;-8.83;-10.51;-11.62;-11.61;-9.44;-8.16;-7.47;-6.82;-6.12;-5.18;-4.06;-2.99;-1.87;-1.58;-1.19;-0.91;-0.41;0.26;1.18;2.07;3.04;3.55;4.04;4.46;4.83;5.59;6.27;7.05;7.74;8.56;9.28;9.97;10.59;11.03;11.41;11.62;11.86;11.84;11.91;12.04;12.25;12.78;13.30;13.84;14.16;14.39;14.27;13.82;12.90;11.59;9.98;8.27;6.80;5.45;4.48;3.54;2.77;1.47;0.31;-0.74;-1.61;-1.95;-2.12;-2.05;-1.87;-1.59;-1.26;-0.85;-0.46;0.00;0.31;0.49;0.36;0.04;-0.53;-1.15;-1.74;-2.22;-2.67;-3.29;-4.15;-5.48;-6.86;-8.31;-9.14;-10.37;-10.84;-10.82;-10.49;-9.61;-8.95;-8.44;

----------------------------------------------------------


