PatientInformation
==========================================================
PatientID;No patientID
Name;,,
Date of Birth;
Sex;
Version;AutoStrainCap2 2.1.0.491925

Results
==========================================================
Global
----------------------------------------------------------
RVFWSL;-22.73;%
RV4CSL;-20.06;%
ED;0.00;ms
ES;327.40;ms

Curves
==========================================================
Longitudinal Strain
Unit [%]
Time [ms];0.00;22.27;44.54;66.82;89.09;111.36;133.63;155.91;178.18;200.45;222.72;244.99;267.27;289.54;311.81;334.08;356.36;378.63;400.90;423.17;445.44;467.72;489.99;512.26;534.53;556.81;579.08;601.35;623.62;645.89;668.17;690.44;712.71;734.98;757.26;779.53;
Basal;0.00;0.66;0.84;0.91;0.33;-2.13;-4.85;-8.24;-11.99;-15.04;-18.58;-21.60;-24.62;-26.43;-28.17;-28.49;-27.65;-25.60;-22.80;-20.34;-18.04;-15.73;-14.16;-14.13;-13.69;-13.20;-12.62;-11.90;-11.30;-10.71;-10.02;-9.12;-8.00;-6.68;-4.83;-2.40;
Mid;0.00;0.18;-0.03;-0.52;-1.27;-3.43;-5.67;-8.54;-11.40;-13.45;-15.83;-17.88;-19.94;-20.99;-22.14;-22.34;-21.65;-19.74;-17.07;-15.57;-13.99;-12.35;-11.44;-11.61;-11.27;-10.75;-10.20;-9.51;-8.65;-8.05;-7.47;-6.84;-6.04;-5.04;-3.66;-1.86;
Apical;0.00;-0.03;-0.13;-0.41;-1.00;-2.83;-4.61;-6.75;-8.99;-10.65;-12.45;-13.88;-15.39;-16.09;-16.88;-16.92;-16.47;-15.03;-12.96;-11.79;-10.52;-8.96;-7.91;-8.08;-7.80;-7.40;-7.02;-6.54;-6.02;-5.65;-5.33;-4.98;-4.52;-3.94;-2.86;-1.25;

----------------------------------------------------------


