PatientInformation
==========================================================
PatientID;No patientID
Name;,,
Date of Birth;
Sex;
Version;AutoStrainCap2 2.1.0.491925

Results
==========================================================
Global
----------------------------------------------------------
LaSr_ED;22.01;%
LaScd_ED;-20.65;%
LaSct_ED;-1.36;%
LaSr_AC;21.65;%
LaScd_AC;-20.32;%
LaSct_AC;-1.33;%
ED;0.00;ms
ES;316.29;ms
PreA;590.56;ms

Curves
==========================================================
Longitudinal Strain
Unit [%]
Time [ms];0.00;22.12;44.24;66.36;88.47;110.59;132.71;154.83;176.95;199.07;221.18;243.30;265.42;287.54;309.66;331.78;353.89;376.01;398.13;420.25;442.37;464.49;486.61;508.72;530.84;552.96;575.08;597.20;619.32;641.43;663.55;685.67;707.79;729.91;752.03;774.14;796.26;818.38;840.50;
LAS_ED;0.00;-1.84;-2.89;-2.85;-1.22;1.67;5.24;8.29;10.79;13.29;15.40;16.77;18.18;20.36;21.93;21.63;20.95;21.25;20.59;18.78;15.23;10.87;6.46;2.09;-0.83;-0.69;0.62;1.64;2.66;3.87;5.03;6.22;7.32;8.24;8.01;5.80;2.99;0.75;-0.29;
LAS_AC;-1.62;-3.42;-4.46;-4.42;-2.82;0.03;3.54;6.54;9.00;11.46;13.53;14.88;16.27;18.41;19.96;19.66;18.99;19.29;18.64;16.86;13.37;9.08;4.74;0.44;-2.43;-2.29;-1.01;0.00;1.00;2.19;3.34;4.51;5.58;6.49;6.27;4.09;1.33;-0.88;-1.90;

----------------------------------------------------------


