PatientInformation
==========================================================
PatientID;No patientID
Name;,,
Date of Birth;
Sex;
Version;AutoStrainCap2 2.1.0.491925

Results
==========================================================
Global
----------------------------------------------------------
RVFWSL;-24.48;%
RV4CSL;-22.70;%
ED;0.00;ms
ES;379.98;ms

Curves
==========================================================
Longitudinal Strain
Unit [%]
Time [ms];0.00;10.21;20.43;30.64;40.86;51.07;61.29;71.50;81.72;91.93;102.14;112.36;122.57;132.79;143.00;153.22;163.43;173.64;183.86;194.07;204.29;214.50;224.72;234.93;245.15;255.36;265.57;275.79;286.00;296.22;306.43;316.65;326.86;337.08;347.29;357.50;367.72;377.93;388.15;398.36;408.58;418.79;429.00;439.22;449.43;459.65;469.86;480.08;490.29;500.51;510.72;520.93;531.15;541.36;551.58;561.79;572.01;582.22;592.44;602.65;612.86;623.08;633.29;643.51;653.72;663.94;674.15;684.36;694.58;704.79;715.01;725.22;735.44;745.65;755.87;766.08;776.29;786.51;796.72;806.94;817.15;827.37;837.58;847.80;858.01;868.22;878.44;888.65;
Basal;0.00;0.30;0.07;-0.40;-1.70;-2.57;-3.28;-3.67;-3.77;-2.80;-1.62;-0.61;-0.12;-1.47;-3.44;-5.81;-8.00;-10.13;-11.90;-13.48;-14.87;-16.29;-17.51;-18.46;-19.11;-19.32;-19.35;-19.40;-19.76;-21.16;-22.95;-24.85;-26.80;-28.26;-29.49;-30.27;-30.27;-30.14;-29.15;-27.66;-26.27;-24.82;-24.02;-23.31;-22.92;-22.27;-21.61;-20.86;-20.15;-19.61;-19.24;-19.04;-18.83;-18.43;-17.95;-17.41;-16.85;-16.16;-15.47;-14.75;-14.05;-13.28;-12.58;-11.97;-11.52;-11.37;-11.35;-11.47;-11.57;-11.90;-12.12;-12.30;-12.35;-12.36;-12.01;-11.22;-9.89;-7.97;-5.80;-3.64;-1.86;-0.51;0.31;0.74;0.79;0.49;0.07;-0.13;
Mid;0.00;0.95;1.30;1.34;0.42;-0.25;-0.93;-1.45;-1.89;-1.92;-1.95;-2.10;-2.66;-3.93;-5.59;-7.27;-8.76;-10.18;-11.36;-12.48;-13.57;-14.86;-16.10;-17.27;-18.24;-19.15;-19.87;-20.46;-21.01;-21.47;-21.84;-22.03;-21.98;-21.63;-21.08;-20.38;-19.73;-19.18;-18.72;-18.18;-17.36;-16.55;-15.54;-14.64;-13.82;-13.35;-12.84;-12.30;-11.77;-11.17;-10.65;-10.16;-9.73;-9.19;-8.72;-8.27;-7.86;-7.53;-7.23;-6.93;-6.62;-6.27;-5.92;-5.64;-5.46;-5.44;-5.53;-5.70;-5.88;-6.05;-6.15;-6.18;-6.06;-5.87;-5.45;-4.83;-4.01;-3.26;-2.46;-1.71;-1.19;-0.91;-0.91;-1.09;-1.35;-1.39;-1.30;-0.88;
Apical;0.00;-0.00;0.04;0.42;-0.25;-0.29;-0.65;-1.04;-1.48;-1.73;-2.08;-2.62;-3.54;-5.00;-6.73;-8.43;-9.79;-10.96;-11.78;-12.50;-13.27;-14.42;-15.66;-16.88;-17.94;-18.92;-19.65;-20.20;-20.61;-21.17;-21.55;-21.74;-21.73;-21.75;-21.66;-21.48;-21.35;-21.27;-21.26;-21.15;-20.79;-20.17;-19.21;-18.00;-16.57;-15.37;-14.07;-12.86;-12.04;-11.42;-11.22;-11.21;-11.22;-10.80;-10.30;-9.79;-9.30;-8.90;-8.56;-8.25;-7.95;-7.69;-7.44;-7.25;-7.16;-7.18;-7.32;-7.53;-7.76;-8.08;-8.33;-8.48;-8.45;-8.30;-7.89;-7.27;-6.40;-5.52;-4.54;-3.59;-2.83;-2.26;-1.91;-1.65;-1.42;-0.99;-0.59;-0.15;

----------------------------------------------------------


