PatientInformation
==========================================================
PatientID;No patientID
Name;,,
Date of Birth;
Sex;
Version;AutoStrainCap2 2.1.0.491925

Results
==========================================================
Global
----------------------------------------------------------
LaSr_ED;15.65;%
LaScd_ED;-13.54;%
LaSct_ED;-2.11;%
LaSr_AC;15.31;%
LaScd_AC;-13.24;%
LaSct_AC;-2.06;%
ED;0.00;ms
ES;343.06;ms
PreA;445.75;ms

Curves
==========================================================
Longitudinal Strain
Unit [%]
Time [ms];0.00;11.67;23.34;35.01;46.68;58.34;70.01;81.68;93.35;105.02;116.69;128.36;140.03;151.69;163.36;175.03;186.70;198.37;210.04;221.71;233.38;245.04;256.71;268.38;280.05;291.72;303.39;315.06;326.73;338.40;350.06;361.73;373.40;385.07;396.74;408.41;420.08;431.75;443.41;455.08;466.75;478.42;490.09;501.76;513.43;525.10;536.77;
LAS_ED;0.00;1.21;2.41;2.81;2.88;2.94;3.18;3.52;4.00;4.72;5.61;6.49;7.28;7.73;8.15;8.90;9.76;10.32;10.92;11.53;12.04;12.26;12.46;13.09;13.81;14.33;14.70;15.03;15.33;15.61;15.49;14.28;12.21;9.64;7.32;5.83;4.83;3.40;2.25;1.82;2.02;2.54;3.01;2.72;2.10;1.39;0.75;
LAS_AC;-2.20;-1.03;0.15;0.54;0.61;0.67;0.90;1.24;1.70;2.41;3.29;4.14;4.91;5.36;5.76;6.50;7.34;7.88;8.47;9.07;9.57;9.78;9.98;10.59;11.30;11.81;12.17;12.49;12.79;13.06;12.94;11.76;9.74;7.22;4.95;3.50;2.52;1.12;0.00;-0.43;-0.23;0.28;0.73;0.46;-0.15;-0.85;-1.47;

----------------------------------------------------------


