PatientInformation
==========================================================
PatientID;No patientID
Name;,,
Date of Birth;
Sex;
Version;AutoStrainCap2 2.1.0.491925

Results
==========================================================
Global
----------------------------------------------------------
RVFWSL;-6.35;%
RV4CSL;-5.47;%
ED;0.00;ms
ES;231.65;ms

Curves
==========================================================
Longitudinal Strain
Unit [%]
Time [ms];0.00;10.68;21.35;32.03;42.70;53.38;64.05;74.73;85.40;96.08;106.75;117.43;128.10;138.78;149.45;160.13;170.80;181.48;192.15;202.83;213.50;224.18;234.85;245.53;256.21;266.88;277.56;288.23;298.91;309.58;320.26;330.93;341.61;352.28;362.96;373.63;384.31;394.98;405.66;416.33;427.01;437.68;448.36;459.03;469.71;480.38;491.06;
Basal;0.00;-0.23;-0.72;-1.63;-2.66;-3.26;-3.55;-3.58;-3.34;-2.93;-2.60;-2.71;-3.05;-3.56;-4.10;-4.65;-5.07;-5.19;-5.26;-5.50;-5.74;-5.88;-5.95;-5.97;-6.07;-6.36;-6.62;-6.80;-6.59;-6.08;-5.25;-4.28;-3.22;-1.94;-0.82;-0.31;-0.41;-0.64;-0.93;-0.99;-1.08;-1.40;-1.46;-0.92;-0.01;0.66;0.92;
Mid;0.00;-0.94;-1.84;-3.06;-4.28;-4.99;-5.29;-5.25;-4.88;-4.20;-3.60;-3.60;-3.86;-4.24;-4.63;-4.98;-5.21;-5.22;-5.19;-5.22;-5.23;-5.12;-4.88;-4.45;-3.98;-3.44;-2.91;-2.48;-1.98;-1.73;-1.75;-2.68;-3.54;-3.42;-2.88;-2.18;-1.93;-2.50;-3.11;-2.75;-2.16;-1.86;-1.31;-0.19;1.09;1.91;1.85;
Apical;0.00;-0.89;-1.76;-3.10;-4.50;-5.27;-5.61;-5.69;-5.51;-5.24;-5.02;-5.14;-5.37;-5.79;-6.21;-6.56;-6.81;-6.85;-6.90;-7.20;-7.50;-7.57;-7.45;-7.19;-6.93;-6.68;-6.38;-6.05;-5.57;-5.22;-4.98;-5.04;-4.99;-4.72;-4.20;-3.76;-3.69;-3.84;-4.04;-3.70;-3.22;-2.98;-2.43;-1.21;0.24;1.38;1.58;

----------------------------------------------------------


