PatientInformation
==========================================================
PatientID;No patientID
Name;,,
Date of Birth;
Sex;
Version;AutoStrainCap2 2.1.0.491925

Results
==========================================================
Global
----------------------------------------------------------
LaSr_ED;21.36;%
LaScd_ED;-12.46;%
LaSct_ED;-8.89;%
LaSr_AC;19.62;%
LaScd_AC;-11.45;%
LaSct_AC;-8.17;%
ED;0.00;ms
ES;440.44;ms
PreA;733.71;ms

Curves
==========================================================
Longitudinal Strain
Unit [%]
Time [ms];0.00;10.36;20.73;31.09;41.45;51.82;62.18;72.54;82.91;93.27;103.63;114.00;124.36;134.72;145.08;155.45;165.81;176.17;186.54;196.90;207.26;217.63;227.99;238.35;248.72;259.08;269.44;279.81;290.17;300.53;310.90;321.26;331.62;341.99;352.35;362.71;373.08;383.44;393.80;404.16;414.53;424.89;435.25;445.62;455.98;466.34;476.71;487.07;497.43;507.80;518.16;528.52;538.89;549.25;559.61;569.98;580.34;590.70;601.07;611.43;621.79;632.16;642.52;652.88;663.24;673.61;683.97;694.33;704.70;715.06;725.42;735.79;746.15;756.51;766.88;777.24;787.60;797.97;808.33;818.69;829.06;839.42;849.78;860.15;870.51;880.87;891.24;901.60;911.96;922.32;932.69;943.05;953.41;963.78;974.14;984.50;994.87;1005.23;1015.59;
LAS_ED;0.00;0.53;0.58;0.44;0.03;-0.45;-1.24;-1.87;-2.16;-2.09;-1.42;-0.34;1.11;2.67;4.12;5.63;6.47;7.31;7.93;8.52;9.18;9.79;10.55;11.32;12.15;12.97;13.68;14.34;14.92;15.39;15.70;15.88;15.96;16.01;16.18;16.47;17.08;17.82;18.72;19.57;20.43;20.95;21.30;21.32;20.98;20.18;18.74;16.93;14.95;12.92;11.15;9.65;8.60;7.77;7.36;7.07;7.12;7.20;7.50;7.76;8.10;8.36;8.62;8.77;8.93;8.98;9.06;9.04;9.05;9.00;8.98;8.87;8.82;8.77;8.77;8.81;8.92;9.08;9.27;9.46;9.68;9.81;9.92;9.98;9.97;9.91;9.70;9.32;8.70;7.67;6.33;4.11;1.88;-0.27;-1.84;-2.74;-2.69;-2.04;-1.08;
LAS_AC;-8.15;-7.66;-7.62;-7.75;-8.13;-8.57;-9.29;-9.86;-10.13;-10.07;-9.45;-8.46;-7.13;-5.70;-4.36;-2.98;-2.21;-1.44;-0.87;-0.32;0.28;0.84;1.54;2.25;3.01;3.76;4.42;5.02;5.56;5.98;6.27;6.43;6.51;6.55;6.71;6.98;7.54;8.21;9.04;9.82;10.61;11.09;11.42;11.43;11.12;10.39;9.06;7.40;5.58;3.72;2.09;0.71;-0.25;-1.01;-1.39;-1.65;-1.61;-1.54;-1.27;-1.02;-0.71;-0.47;-0.23;-0.10;0.06;0.10;0.17;0.16;0.16;0.11;0.09;0.00;-0.05;-0.10;-0.10;-0.06;0.05;0.19;0.37;0.54;0.74;0.86;0.96;1.02;1.01;0.95;0.76;0.41;-0.16;-1.11;-2.34;-4.37;-6.42;-8.39;-9.84;-10.67;-10.62;-10.02;-9.14;

----------------------------------------------------------


