PatientInformation
==========================================================
PatientID;No patientID
Name;,,
Date of Birth;
Sex;
Version;AutoStrainCap2 2.1.0.491925

Results
==========================================================
Global
----------------------------------------------------------
RVFWSL;-25.35;%
RV4CSL;-20.90;%
ED;0.00;ms
ES;328.90;ms

Curves
==========================================================
Longitudinal Strain
Unit [%]
Time [ms];0.00;20.43;40.86;61.29;81.72;102.14;122.57;143.00;163.43;183.86;204.29;224.72;245.15;265.57;286.00;306.43;326.86;347.29;367.72;388.15;408.58;429.00;449.43;469.86;490.29;510.72;531.15;551.58;572.01;592.44;612.86;633.29;653.72;674.15;694.58;715.01;735.44;755.87;776.29;796.72;817.15;837.58;858.01;878.44;898.87;919.30;939.72;960.15;980.58;1001.01;
Basal;0.00;-1.52;-2.01;-4.17;-6.89;-9.19;-10.95;-12.39;-13.81;-15.35;-16.75;-17.88;-18.97;-20.10;-21.20;-22.15;-22.31;-21.28;-19.64;-18.68;-17.94;-16.77;-15.72;-15.42;-14.99;-13.47;-11.30;-9.09;-7.06;-5.57;-5.06;-6.27;-7.66;-7.77;-7.13;-6.20;-5.43;-5.21;-5.68;-7.17;-8.69;-9.37;-8.91;-7.03;-4.57;-2.12;0.09;1.73;2.45;1.90;
Mid;0.00;-1.38;-1.50;-3.77;-6.99;-9.80;-12.11;-14.29;-16.21;-17.70;-18.76;-19.32;-19.93;-21.29;-22.64;-23.18;-23.08;-22.66;-21.68;-21.03;-20.41;-19.15;-18.00;-17.82;-17.79;-16.99;-15.56;-13.73;-11.85;-10.24;-9.41;-10.02;-10.73;-10.29;-9.35;-8.83;-8.45;-7.89;-7.76;-8.72;-9.81;-10.10;-9.44;-7.71;-5.48;-3.37;-1.33;0.71;1.97;1.71;
Apical;0.00;-1.44;-1.66;-3.69;-6.62;-9.22;-11.47;-14.05;-16.61;-18.81;-20.56;-21.85;-23.13;-25.03;-26.97;-28.36;-29.06;-28.19;-26.54;-24.91;-23.39;-21.79;-20.52;-20.16;-19.88;-18.73;-16.91;-14.98;-13.11;-11.59;-10.77;-11.16;-11.66;-11.13;-10.06;-8.96;-8.18;-8.05;-8.49;-9.51;-10.39;-10.43;-9.59;-7.79;-5.60;-3.27;-1.01;0.94;2.16;1.89;

----------------------------------------------------------


