PatientInformation
==========================================================
PatientID;No patientID
Name;,,
Date of Birth;
Sex;
Version;AutoStrainCap2 2.1.0.491925

Results
==========================================================
Global
----------------------------------------------------------
RVFWSL;-15.97;%
RV4CSL;-14.01;%
ED;0.00;ms
ES;341.38;ms

Curves
==========================================================
Longitudinal Strain
Unit [%]
Time [ms];0.00;19.51;39.01;58.52;78.03;97.54;117.04;136.55;156.06;175.56;195.07;214.58;234.09;253.59;273.10;292.61;312.12;331.62;351.13;370.64;390.14;409.65;429.16;448.67;468.17;487.68;507.19;526.69;546.20;565.71;585.22;604.72;624.23;643.74;663.24;682.75;702.26;721.77;741.27;760.78;780.29;799.80;819.30;838.81;858.32;
Basal;0.00;-2.44;-5.24;-5.96;-5.93;-6.60;-7.44;-8.01;-8.49;-9.47;-10.46;-11.17;-11.60;-11.62;-12.47;-13.30;-13.80;-14.08;-14.04;-13.67;-13.29;-12.71;-11.97;-10.74;-9.28;-8.23;-6.85;-4.99;-2.67;0.04;1.72;1.44;0.16;-0.78;-1.38;-1.82;-2.43;-3.93;-5.57;-6.57;-6.95;-6.55;-5.32;-3.24;-1.23;
Mid;0.00;-2.56;-5.35;-6.22;-6.55;-7.84;-9.34;-10.34;-11.01;-11.88;-12.58;-13.04;-13.26;-13.14;-13.53;-13.95;-14.03;-13.89;-13.47;-12.71;-12.07;-11.55;-10.99;-9.96;-8.81;-8.21;-7.29;-5.76;-3.61;-0.84;0.94;0.53;-0.84;-1.77;-2.29;-2.45;-2.79;-3.99;-5.37;-6.23;-6.53;-6.08;-4.88;-2.99;-1.19;
Apical;0.00;-2.43;-5.21;-5.74;-5.77;-7.21;-9.19;-11.18;-12.80;-14.45;-15.75;-16.66;-17.37;-18.03;-18.51;-18.98;-18.94;-18.72;-18.17;-17.35;-16.70;-15.56;-14.34;-12.83;-11.18;-10.40;-9.22;-7.49;-5.28;-2.87;-1.45;-1.45;-2.33;-2.77;-2.87;-2.90;-3.04;-4.05;-5.26;-5.89;-6.13;-5.75;-4.84;-3.50;-2.00;

----------------------------------------------------------


