PatientInformation
==========================================================
PatientID;No patientID
Name;,,
Date of Birth;
Sex;
Version;AutoStrainCap2 2.1.0.491925

Results
==========================================================
Global
----------------------------------------------------------
LaSr_ED;23.98;%
LaScd_ED;-17.56;%
LaSct_ED;-6.42;%
LaSr_AC;22.52;%
LaScd_AC;-16.49;%
LaSct_AC;-6.03;%
ED;0.00;ms
ES;353.89;ms
PreA;740.97;ms

Curves
==========================================================
Longitudinal Strain
Unit [%]
Time [ms];0.00;22.12;44.24;66.36;88.47;110.59;132.71;154.83;176.95;199.07;221.18;243.30;265.42;287.54;309.66;331.78;353.89;376.01;398.13;420.25;442.37;464.49;486.60;508.72;530.84;552.96;575.08;597.20;619.31;641.43;663.55;685.67;707.79;729.91;752.03;774.14;796.26;818.38;840.50;862.62;884.74;906.85;928.97;951.09;973.21;995.33;1017.45;1039.56;1061.68;1083.80;1105.92;
LAS_ED;0.00;-2.85;-3.68;-1.44;1.58;3.10;4.48;6.69;9.53;12.30;14.92;16.79;18.67;20.88;22.60;23.34;23.98;23.44;22.70;22.84;22.94;22.34;19.83;14.34;8.87;5.57;4.41;4.68;5.48;5.74;5.85;6.13;6.29;6.38;6.47;6.65;6.99;7.41;7.89;8.21;8.36;8.06;7.67;7.56;7.44;7.24;6.23;3.61;1.36;1.35;1.33;
LAS_AC;-6.08;-8.76;-9.54;-7.43;-4.60;-3.17;-1.87;0.20;2.87;5.47;7.93;9.69;11.46;13.53;15.14;15.84;16.44;15.94;15.24;15.37;15.47;14.90;12.55;7.39;2.25;-0.85;-1.94;-1.68;-0.94;-0.69;-0.58;-0.32;-0.17;-0.09;0.00;0.17;0.48;0.88;1.33;1.63;1.77;1.49;1.13;1.02;0.91;0.72;-0.23;-2.69;-4.81;-4.81;-4.83;

----------------------------------------------------------


