PatientInformation
==========================================================
PatientID;No patientID
Name;,,
Date of Birth;
Sex;
Version;AutoStrainCap2 2.1.0.491925

Results
==========================================================
Global
----------------------------------------------------------
RVFWSL;-24.00;%
RV4CSL;-20.86;%
ED;0.00;ms
ES;324.03;ms

Curves
==========================================================
Longitudinal Strain
Unit [%]
Time [ms];0.00;11.06;22.12;33.18;44.24;55.30;66.36;77.41;88.47;99.53;110.59;121.65;132.71;143.77;154.83;165.89;176.95;188.01;199.07;210.12;221.18;232.24;243.30;254.36;265.42;276.48;287.54;298.60;309.66;320.72;331.78;342.84;353.89;364.95;376.01;387.07;398.13;409.19;420.25;431.31;442.37;453.43;464.49;475.55;486.60;497.66;508.72;519.78;530.84;541.90;552.96;564.02;575.08;586.14;597.20;608.26;619.32;630.37;641.43;652.49;663.55;674.61;685.67;696.73;707.79;718.85;729.91;740.97;752.03;763.08;774.14;785.20;796.26;807.32;818.38;829.44;840.50;851.56;862.62;873.68;884.74;895.80;906.85;917.91;928.97;940.03;951.09;962.15;973.21;984.27;995.33;1006.39;1017.45;1028.51;1039.56;1050.62;1061.68;1072.74;1083.80;1094.86;1105.92;1116.98;1128.04;1139.10;
Basal;0.00;-0.77;-1.61;-2.41;-3.12;-3.66;-3.95;-4.13;-4.42;-4.98;-5.98;-8.04;-10.50;-13.11;-15.63;-17.94;-19.05;-19.80;-20.17;-20.39;-20.59;-21.41;-22.37;-23.48;-24.66;-25.89;-27.12;-28.24;-29.26;-30.10;-30.91;-31.47;-31.83;-31.98;-31.98;-31.89;-31.40;-30.65;-29.41;-27.53;-24.71;-20.51;-15.52;-10.66;-6.19;-1.67;2.22;5.96;8.91;11.00;12.01;11.56;10.29;8.54;6.64;5.17;4.25;4.04;4.16;4.56;4.90;5.27;5.36;5.24;4.72;3.80;2.60;1.21;-0.14;-1.18;-1.65;-1.95;-1.71;-1.21;-0.60;-0.20;0.06;-0.02;-0.24;-0.54;-0.81;-0.91;-0.97;-1.03;-1.17;-1.44;-1.85;-2.24;-2.41;-2.16;-1.31;0.21;2.18;4.25;6.05;7.27;7.66;7.41;6.74;5.81;4.69;3.42;2.14;1.00;
Mid;0.00;-0.44;-0.62;-0.62;-0.47;-0.20;0.21;0.61;0.86;0.80;0.28;-1.28;-3.22;-5.29;-7.28;-8.96;-10.15;-10.98;-11.56;-11.98;-12.27;-12.67;-13.03;-13.38;-13.71;-14.04;-14.47;-14.83;-15.04;-15.06;-14.68;-13.94;-12.98;-11.95;-10.95;-10.15;-9.88;-9.75;-9.55;-9.09;-8.28;-6.82;-4.93;-2.69;-0.38;1.89;3.57;4.90;5.79;6.20;6.26;6.12;5.80;5.32;4.84;4.56;4.40;4.57;4.95;5.50;6.09;6.81;7.42;7.84;7.94;7.57;6.68;5.48;4.25;3.20;2.59;2.08;2.03;2.21;2.55;2.84;3.11;3.21;3.23;3.20;3.19;3.29;3.42;3.54;3.59;3.52;3.32;3.11;3.02;3.18;3.66;4.32;5.22;6.19;7.04;7.66;8.16;8.36;8.24;7.77;6.85;5.11;3.19;1.43;
Apical;0.00;-0.83;-1.48;-1.98;-2.40;-2.76;-3.03;-3.31;-3.66;-4.16;-4.81;-5.63;-6.58;-7.64;-8.70;-9.74;-10.96;-12.15;-13.27;-14.34;-15.37;-16.68;-17.98;-19.33;-20.64;-21.92;-23.13;-24.17;-24.87;-25.23;-24.69;-23.96;-23.02;-21.98;-21.00;-20.22;-19.84;-19.62;-19.36;-18.94;-18.25;-17.33;-16.00;-14.26;-12.24;-10.13;-8.58;-7.25;-6.21;-5.50;-5.10;-4.63;-4.37;-4.25;-4.17;-4.00;-3.84;-3.54;-3.21;-2.87;-2.62;-2.23;-2.04;-2.06;-2.36;-3.01;-3.87;-4.82;-5.61;-6.11;-6.14;-6.33;-6.08;-5.59;-4.97;-4.40;-3.91;-3.62;-3.47;-3.42;-3.39;-3.12;-2.86;-2.63;-2.49;-2.46;-2.68;-2.88;-2.93;-2.69;-2.04;-1.15;0.07;1.37;2.57;3.51;4.43;5.07;5.45;5.56;5.28;4.00;2.54;1.14;

----------------------------------------------------------


