PatientInformation
==========================================================
PatientID;No patientID
Name;,,
Date of Birth;
Sex;
Version;AutoStrainCap2 2.1.0.491925

Results
==========================================================
Global
----------------------------------------------------------
LaSr_ED;22.81;%
LaScd_ED;-12.48;%
LaSct_ED;-10.33;%
LaSr_AC;20.68;%
LaScd_AC;-11.32;%
LaSct_AC;-9.36;%
ED;0.00;ms
ES;418.16;ms
PreA;685.01;ms

Curves
==========================================================
Longitudinal Strain
Unit [%]
Time [ms];0.00;10.22;20.45;30.67;40.90;51.12;61.34;71.57;81.79;92.02;102.24;112.46;122.69;132.91;143.14;153.36;163.58;173.81;184.03;194.26;204.48;214.70;224.93;235.15;245.38;255.60;265.82;276.05;286.27;296.50;306.72;316.94;327.17;337.39;347.62;357.84;368.06;378.29;388.51;398.74;408.96;419.18;429.41;439.63;449.86;460.08;470.30;480.53;490.75;500.98;511.20;521.42;531.65;541.87;552.10;562.32;572.54;582.77;592.99;603.22;613.44;623.66;633.89;644.11;654.34;664.56;674.78;685.01;695.23;705.46;715.68;725.90;736.13;746.35;756.58;766.80;777.02;787.25;797.47;807.70;817.92;828.14;838.37;848.59;858.82;869.04;879.26;889.49;899.71;909.94;920.16;930.38;940.61;
LAS_ED;0.00;-0.58;-0.87;-1.23;-1.26;-1.53;-1.70;-1.71;-1.36;-0.72;0.27;1.33;2.65;3.77;4.99;6.06;7.07;7.59;8.12;8.69;9.51;10.39;11.49;12.59;13.70;14.54;15.31;15.99;16.62;17.22;17.76;18.29;18.73;19.32;19.82;20.34;20.84;21.46;22.00;22.47;22.70;22.81;22.64;22.35;21.81;20.89;19.77;18.55;17.31;16.01;14.85;13.83;13.02;12.19;11.56;10.96;10.45;9.82;9.29;8.83;8.62;8.68;8.96;9.31;9.67;9.97;10.18;10.33;10.43;10.43;10.39;10.29;10.12;9.82;9.53;9.27;9.15;9.11;9.10;8.90;8.41;7.45;6.18;4.73;3.21;1.71;0.39;-0.73;-1.43;-1.63;-1.38;-0.76;-0.11;
LAS_AC;-9.36;-9.89;-10.15;-10.47;-10.50;-10.75;-10.90;-10.91;-10.59;-10.01;-9.11;-8.16;-6.96;-5.94;-4.83;-3.86;-2.96;-2.48;-2.00;-1.48;-0.74;0.06;1.06;2.05;3.05;3.82;4.51;5.13;5.71;6.24;6.74;7.22;7.62;8.15;8.60;9.08;9.53;10.09;10.58;11.01;11.21;11.31;11.16;10.90;10.41;9.57;8.56;7.45;6.33;5.15;4.10;3.17;2.44;1.69;1.12;0.58;0.11;-0.46;-0.94;-1.36;-1.55;-1.50;-1.24;-0.92;-0.60;-0.32;-0.13;0.00;0.09;0.09;0.06;-0.04;-0.19;-0.46;-0.72;-0.96;-1.07;-1.10;-1.12;-1.29;-1.74;-2.61;-3.76;-5.07;-6.45;-7.81;-9.01;-10.02;-10.66;-10.84;-10.61;-10.05;-9.46;

----------------------------------------------------------


