PatientInformation
==========================================================
PatientID;No patientID
Name;,,
Date of Birth;
Sex;
Version;AutoStrainCap2 2.1.0.491925

Results
==========================================================
Global
----------------------------------------------------------
RVFWSL;-27.95;%
RV4CSL;-20.06;%
ED;0.00;ms
ES;332.04;ms

Curves
==========================================================
Longitudinal Strain
Unit [%]
Time [ms];0.00;10.54;21.08;31.62;42.16;52.70;63.24;73.79;84.33;94.87;105.41;115.95;126.49;137.03;147.57;158.11;168.65;179.19;189.73;200.28;210.82;221.36;231.90;242.44;252.98;263.52;274.06;284.60;295.14;305.68;316.22;326.76;337.31;347.85;358.39;368.93;379.47;390.01;400.55;411.09;421.63;432.17;442.71;453.25;463.80;474.34;484.88;495.42;505.96;516.50;527.04;537.58;548.12;558.66;569.20;579.74;590.28;600.83;611.37;621.91;632.45;642.99;653.53;664.07;674.61;685.15;695.69;706.23;716.77;727.31;737.86;748.40;758.94;769.48;780.02;790.56;801.10;811.64;822.18;832.72;843.26;853.80;864.35;874.89;885.43;895.97;906.51;917.05;
Basal;0.00;0.25;-0.58;-2.40;-4.99;-6.48;-7.28;-7.79;-8.46;-9.68;-11.29;-13.10;-14.90;-16.61;-18.13;-19.48;-20.64;-21.61;-22.46;-23.19;-23.81;-24.36;-24.86;-25.36;-25.91;-26.62;-27.38;-28.15;-28.87;-29.45;-29.91;-30.18;-30.22;-29.83;-29.25;-28.64;-28.09;-27.86;-27.78;-27.80;-27.92;-28.07;-28.21;-28.21;-28.02;-27.45;-26.65;-25.68;-24.59;-23.45;-22.27;-21.09;-19.91;-18.91;-17.86;-16.75;-15.53;-14.19;-12.86;-11.67;-10.73;-10.19;-9.92;-9.77;-9.69;-9.50;-9.31;-9.15;-9.09;-9.23;-9.47;-9.74;-9.94;-10.05;-9.97;-9.69;-9.13;-8.24;-7.12;-5.86;-4.56;-3.27;-2.15;-1.25;-0.72;-0.71;-0.83;-0.69;
Mid;0.00;1.61;2.14;1.41;-0.66;-1.98;-2.77;-3.38;-4.16;-5.43;-7.03;-8.76;-10.41;-11.78;-12.92;-13.91;-14.82;-15.75;-16.65;-17.46;-18.16;-18.74;-19.23;-19.68;-20.16;-20.73;-21.35;-21.99;-22.61;-23.14;-23.57;-23.85;-23.92;-23.67;-23.22;-22.60;-21.86;-20.99;-20.10;-19.25;-18.56;-18.13;-17.84;-17.59;-17.29;-16.84;-16.26;-15.61;-14.92;-14.35;-13.84;-13.42;-13.17;-13.33;-13.55;-13.68;-13.58;-13.02;-12.28;-11.53;-10.88;-10.46;-10.17;-9.94;-9.64;-9.14;-8.54;-7.94;-7.47;-7.16;-7.02;-6.95;-6.88;-6.82;-6.68;-6.45;-6.15;-5.79;-5.35;-4.79;-4.09;-3.23;-2.39;-1.72;-1.35;-1.47;-1.58;-1.26;
Apical;0.00;1.40;1.77;0.95;-1.11;-2.47;-3.39;-4.19;-5.18;-6.65;-8.44;-10.35;-12.18;-13.76;-15.12;-16.32;-17.43;-18.54;-19.59;-20.54;-21.36;-22.03;-22.58;-23.08;-23.59;-24.18;-24.80;-25.44;-26.05;-26.60;-27.05;-27.35;-27.43;-27.12;-26.59;-25.87;-25.05;-24.22;-23.38;-22.58;-21.90;-21.49;-21.23;-21.02;-20.79;-20.39;-19.88;-19.25;-18.49;-17.64;-16.74;-15.87;-15.09;-14.58;-14.12;-13.63;-13.00;-12.14;-11.18;-10.27;-9.51;-9.07;-8.82;-8.65;-8.46;-8.17;-7.83;-7.49;-7.24;-7.06;-7.00;-7.00;-6.98;-6.92;-6.76;-6.52;-6.17;-5.65;-5.01;-4.26;-3.44;-2.61;-1.83;-1.24;-0.95;-1.17;-1.38;-1.14;

----------------------------------------------------------


