PatientInformation
==========================================================
PatientID;No patientID
Name;,,
Date of Birth;
Sex;
Version;AutoStrainCap2 2.1.0.491925

Results
==========================================================
Global
----------------------------------------------------------
LaSr_ED;19.72;%
LaScd_ED;-28.26;%
LaSct_ED;8.54;%
LaSr_AC;21.53;%
LaScd_AC;-30.85;%
LaSct_AC;9.32;%
ED;0.00;ms
ES;297.48;ms
PreA;593.95;ms

Curves
==========================================================
Longitudinal Strain
Unit [%]
Time [ms];0.00;10.12;20.24;30.36;40.47;50.59;60.71;70.83;80.95;91.07;101.18;111.30;121.42;131.54;141.66;151.78;161.89;172.01;182.13;192.25;202.37;212.49;222.60;232.72;242.84;252.96;263.08;273.20;283.32;293.43;303.55;313.67;323.79;333.91;344.03;354.14;364.26;374.38;384.50;394.62;404.74;414.85;424.97;435.09;445.21;455.33;465.45;475.56;485.68;495.80;505.92;516.04;526.16;536.28;546.39;556.51;566.63;576.75;586.87;596.99;607.10;617.22;627.34;637.46;647.58;657.70;667.81;677.93;688.05;698.17;708.29;718.41;728.52;738.64;748.76;758.88;769.00;779.12;789.24;799.35;809.47;819.59;829.71;839.83;849.95;860.06;870.18;880.30;
LAS_ED;0.00;-0.46;-1.41;-2.02;-1.17;-0.51;-0.03;0.53;1.59;2.94;4.68;6.37;7.66;8.23;8.31;8.20;8.16;8.33;8.82;9.65;10.72;12.06;13.47;14.89;16.27;17.37;18.33;19.06;19.48;19.70;19.68;19.51;19.26;18.94;18.58;18.12;17.60;16.82;15.81;14.39;12.53;9.78;6.64;3.20;-0.29;-3.67;-6.73;-9.26;-11.01;-11.86;-11.92;-11.57;-10.96;-10.83;-10.56;-10.43;-9.81;-9.54;-8.89;-8.41;-8.07;-8.07;-8.28;-8.46;-8.50;-8.20;-7.71;-7.05;-6.51;-5.98;-5.64;-5.43;-5.30;-5.54;-5.71;-5.80;-5.63;-5.09;-4.32;-3.57;-2.85;-2.56;-2.33;-2.22;-2.05;-1.83;-1.42;-0.80;
LAS_AC;9.18;8.68;7.64;6.98;7.90;8.63;9.15;9.76;10.92;12.39;14.29;16.14;17.55;18.17;18.25;18.14;18.09;18.28;18.81;19.71;20.89;22.35;23.89;25.44;26.95;28.15;29.20;29.99;30.45;30.69;30.67;30.48;30.21;29.87;29.47;28.97;28.40;27.54;26.44;24.90;22.86;19.86;16.43;12.67;8.87;5.17;1.83;-0.93;-2.83;-3.76;-3.83;-3.45;-2.78;-2.65;-2.34;-2.20;-1.53;-1.23;-0.52;0.00;0.37;0.38;0.14;-0.05;-0.10;0.23;0.77;1.48;2.08;2.66;3.03;3.25;3.39;3.13;2.95;2.85;3.04;3.63;4.47;5.28;6.07;6.38;6.63;6.75;6.95;7.18;7.63;8.30;

----------------------------------------------------------


