PatientInformation
==========================================================
PatientID;No patientID
Name;,,
Date of Birth;
Sex;
Version;AutoStrainCap2 2.1.0.491925

Results
==========================================================
Global
----------------------------------------------------------
RVFWSL;-39.55;%
RV4CSL;-32.92;%
ED;0.00;ms
ES;356.15;ms

Curves
==========================================================
Longitudinal Strain
Unit [%]
Time [ms];0.00;7.73;15.45;23.18;30.90;38.63;46.35;54.08;61.80;69.53;77.26;84.98;92.71;100.43;108.16;115.88;123.61;131.34;139.06;146.79;154.51;162.24;169.96;177.69;185.41;193.14;200.87;208.59;216.32;224.04;231.77;239.49;247.22;254.94;262.67;270.40;278.12;285.85;293.57;301.30;309.02;316.75;324.48;332.20;339.93;347.65;355.38;363.10;370.83;378.55;386.28;394.01;401.73;409.46;417.18;424.91;432.63;440.36;448.08;455.81;463.54;471.26;478.99;486.71;494.44;502.16;509.89;517.62;525.34;533.07;540.79;548.52;556.24;563.97;571.69;579.42;587.15;594.87;602.60;610.32;618.05;625.77;633.50;641.23;648.95;656.68;664.40;672.13;679.85;687.58;695.30;703.03;710.76;718.48;726.21;733.93;741.66;749.38;757.11;764.83;772.56;780.29;788.01;795.74;803.46;811.19;818.91;826.64;834.37;842.09;849.82;857.54;865.27;872.99;880.72;888.44;896.17;903.90;911.62;919.35;927.07;
Basal;0.00;-0.24;-0.28;-0.47;-0.91;-2.03;-3.39;-4.75;-6.04;-7.24;-8.31;-9.41;-10.43;-11.42;-12.45;-13.57;-14.86;-16.09;-17.54;-18.64;-19.91;-21.01;-22.14;-23.09;-23.98;-24.64;-25.20;-25.64;-26.00;-26.38;-26.73;-27.67;-28.61;-29.65;-30.70;-31.76;-32.81;-33.75;-34.68;-35.62;-36.60;-37.65;-38.82;-40.39;-41.96;-43.38;-44.57;-45.46;-45.89;-45.53;-44.65;-43.41;-41.74;-39.72;-37.31;-34.58;-31.47;-28.08;-24.56;-21.15;-18.18;-15.67;-13.83;-12.47;-11.48;-10.79;-10.17;-10.19;-10.15;-10.21;-10.25;-10.34;-10.36;-10.45;-10.47;-10.50;-10.54;-10.56;-10.67;-10.55;-10.50;-10.42;-10.29;-10.12;-9.84;-9.50;-9.04;-8.55;-8.01;-7.47;-6.94;-6.42;-5.93;-5.49;-5.08;-4.76;-4.46;-4.42;-4.38;-4.39;-4.36;-4.31;-4.15;-3.88;-3.51;-3.10;-2.68;-2.24;-1.89;-1.47;-1.17;-0.86;-0.62;-0.40;-0.27;-0.15;-0.10;-0.11;-0.11;-0.18;-0.17;
Mid;0.00;-0.70;-1.28;-1.95;-2.73;-3.73;-4.76;-6.26;-7.63;-8.99;-10.25;-11.52;-12.83;-14.06;-15.43;-16.81;-18.32;-19.69;-21.11;-22.01;-22.93;-23.66;-24.42;-25.13;-25.96;-27.02;-28.17;-29.30;-30.38;-31.40;-32.25;-33.11;-33.83;-34.49;-35.10;-35.69;-36.26;-36.81;-37.37;-37.92;-38.48;-39.05;-39.63;-40.29;-40.82;-41.16;-41.29;-41.22;-40.97;-40.85;-40.54;-39.90;-38.90;-37.33;-35.29;-32.45;-29.21;-25.62;-22.01;-18.54;-15.67;-13.34;-11.76;-10.67;-9.94;-9.52;-9.06;-8.95;-8.71;-8.59;-8.46;-8.46;-8.51;-8.81;-9.17;-9.59;-10.04;-10.44;-10.83;-10.96;-11.04;-11.03;-10.93;-10.77;-10.50;-10.14;-9.69;-9.21;-8.70;-8.21;-7.74;-7.33;-6.98;-6.67;-6.39;-6.17;-5.94;-5.85;-5.74;-5.65;-5.53;-5.40;-5.22;-4.99;-4.72;-4.43;-4.14;-3.83;-3.59;-3.33;-3.14;-2.93;-2.73;-2.49;-2.20;-1.74;-1.26;-0.79;-0.36;-0.06;0.11;
Apical;0.00;-0.09;-0.15;-0.41;-0.95;-1.92;-2.97;-4.26;-5.34;-6.28;-7.10;-7.95;-8.86;-9.77;-10.87;-12.11;-13.52;-14.87;-16.26;-17.22;-18.16;-18.88;-19.59;-20.20;-20.84;-21.67;-22.52;-23.31;-24.02;-24.67;-25.24;-26.00;-26.69;-27.39;-28.03;-28.65;-29.19;-29.74;-30.22;-30.69;-31.14;-31.59;-32.08;-32.63;-33.13;-33.45;-33.57;-33.41;-32.98;-31.84;-30.33;-28.39;-26.10;-23.41;-20.50;-17.60;-14.50;-11.24;-8.06;-5.09;-2.64;-0.61;0.77;1.66;2.18;2.41;2.60;2.41;2.29;2.13;1.99;1.79;1.58;1.28;0.94;0.55;0.14;-0.26;-0.65;-0.97;-1.25;-1.46;-1.59;-1.66;-1.64;-1.56;-1.41;-1.23;-1.02;-0.83;-0.65;-0.51;-0.40;-0.33;-0.28;-0.28;-0.29;-0.42;-0.54;-0.69;-0.80;-0.91;-0.95;-0.94;-0.88;-0.80;-0.71;-0.61;-0.57;-0.51;-0.51;-0.49;-0.45;-0.36;-0.23;-0.14;-0.02;0.10;0.20;0.20;0.15;

----------------------------------------------------------


