PatientInformation
==========================================================
PatientID;No patientID
Name;,,
Date of Birth;
Sex;
Version;AutoStrainCap2 2.1.0.491925

Results
==========================================================
Global
----------------------------------------------------------
LaSr_ED;46.70;%
LaScd_ED;-30.33;%
LaSct_ED;-16.37;%
LaSr_AC;40.13;%
LaScd_AC;-26.06;%
LaSct_AC;-14.07;%
ED;0.00;ms
ES;339.47;ms
PreA;640.51;ms

Curves
==========================================================
Longitudinal Strain
Unit [%]
Time [ms];0.00;21.35;42.70;64.05;85.40;106.75;128.10;149.45;170.80;192.15;213.50;234.85;256.20;277.56;298.91;320.26;341.61;362.96;384.31;405.66;427.01;448.36;469.71;491.06;512.41;533.76;555.11;576.46;597.81;619.16;640.51;661.86;683.21;704.56;725.91;747.26;768.61;789.96;811.31;832.67;854.02;875.37;896.72;918.07;
LAS_ED;0.00;3.19;0.01;-0.29;2.72;7.34;11.73;14.72;18.00;22.14;27.78;35.94;42.56;44.02;43.91;45.79;46.69;45.48;43.75;43.72;44.07;43.14;40.21;35.11;29.64;25.63;22.66;19.41;17.06;16.22;16.37;17.48;18.95;20.19;21.23;22.29;23.32;23.95;23.53;22.21;18.31;9.34;1.25;-1.99;
LAS_AC;-14.07;-11.33;-14.06;-14.32;-11.73;-7.76;-3.99;-1.42;1.40;4.96;9.80;16.82;22.50;23.76;23.66;25.28;26.06;25.01;23.52;23.50;23.80;23.00;20.49;16.10;11.40;7.96;5.41;2.61;0.59;-0.13;0.00;0.95;2.22;3.28;4.18;5.08;5.97;6.51;6.15;5.02;1.66;-6.05;-12.99;-15.78;

----------------------------------------------------------


