PatientInformation
==========================================================
PatientID;No patientID
Name;,,
Date of Birth;
Sex;
Version;AutoStrainCap2 2.1.0.491925

Results
==========================================================
Global
----------------------------------------------------------
RVFWSL;-25.66;%
RV4CSL;-19.21;%
ED;0.00;ms
ES;339.12;ms

Curves
==========================================================
Longitudinal Strain
Unit [%]
Time [ms];0.00;20.43;40.86;61.29;81.72;102.14;122.57;143.00;163.43;183.86;204.29;224.72;245.15;265.57;286.00;306.43;326.86;347.29;367.72;388.15;408.58;429.00;449.43;469.86;490.29;510.72;531.15;551.58;572.01;592.44;612.86;633.29;653.72;674.15;694.58;715.01;735.44;755.87;776.29;796.72;817.15;837.58;858.01;878.44;
Basal;0.00;0.32;-4.44;-6.38;-7.46;-9.12;-10.99;-12.75;-14.32;-16.03;-17.78;-19.70;-21.36;-22.20;-22.71;-23.47;-24.11;-24.50;-24.15;-22.22;-19.08;-15.33;-11.68;-9.01;-7.22;-6.32;-6.07;-6.02;-6.11;-6.24;-6.37;-6.51;-6.77;-7.24;-7.80;-8.30;-8.82;-9.46;-9.33;-7.65;-5.17;-2.62;-0.77;-0.35;
Mid;0.00;-0.74;-4.60;-5.68;-6.36;-8.52;-11.16;-13.48;-15.46;-17.32;-19.13;-21.02;-22.68;-23.76;-24.58;-25.38;-26.07;-26.73;-26.71;-25.33;-23.05;-20.69;-18.36;-16.32;-14.67;-13.32;-12.35;-11.52;-10.83;-10.36;-9.99;-9.75;-9.70;-9.82;-10.07;-10.34;-10.69;-11.18;-10.94;-9.17;-6.48;-3.36;-0.93;-0.06;
Apical;0.00;-0.90;-4.96;-6.89;-8.15;-9.65;-11.26;-12.88;-14.39;-16.27;-18.18;-20.05;-21.58;-22.30;-22.69;-23.30;-23.80;-24.18;-23.98;-22.82;-20.87;-18.69;-16.55;-15.01;-13.87;-12.52;-11.46;-10.64;-10.01;-9.62;-9.32;-9.14;-9.14;-9.28;-9.55;-9.82;-10.16;-10.65;-10.55;-9.27;-7.05;-4.12;-1.66;-0.36;

----------------------------------------------------------


