PatientInformation
==========================================================
PatientID;No patientID
Name;,,
Date of Birth;
Sex;
Version;AutoStrainCap2 2.1.0.491925

Results
==========================================================
Global
----------------------------------------------------------
LaSr_ED;8.13;%
LaScd_ED;-10.54;%
LaSct_ED;2.41;%
LaSr_AC;8.32;%
LaScd_AC;-10.78;%
LaSct_AC;2.46;%
ED;0.00;ms
ES;263.21;ms
PreA;763.08;ms

Curves
==========================================================
Longitudinal Strain
Unit [%]
Time [ms];0.00;22.12;44.24;66.36;88.47;110.59;132.71;154.83;176.95;199.07;221.18;243.30;265.42;287.54;309.66;331.78;353.89;376.01;398.13;420.25;442.37;464.49;486.60;508.72;530.84;552.96;575.08;597.20;619.32;641.43;663.55;685.67;707.79;729.91;752.03;774.14;796.26;818.38;840.50;862.62;884.74;906.85;928.97;951.09;973.21;995.33;1017.45;1039.56;1061.68;1083.80;1105.92;1128.04;1150.16;1172.28;1194.39;1216.51;1238.63;
LAS_ED;0.00;-0.56;-1.13;-0.74;0.23;1.40;2.81;3.93;5.06;6.20;7.22;7.84;8.13;7.78;7.42;7.26;7.05;6.48;5.01;1.73;-1.53;-3.10;-3.70;-3.57;-3.20;-2.92;-2.86;-3.16;-3.48;-3.33;-3.09;-3.14;-3.11;-2.87;-2.57;-2.26;-2.05;-1.90;-1.88;-2.00;-2.09;-2.03;-1.92;-1.98;-2.04;-1.99;-1.86;-1.57;-1.32;-1.16;-1.10;-1.12;-1.20;-1.26;-1.27;-0.97;-0.69;
LAS_AC;2.32;1.74;1.16;1.56;2.55;3.75;5.19;6.34;7.49;8.66;9.70;10.34;10.64;10.27;9.90;9.74;9.53;8.95;7.44;4.09;0.75;-0.85;-1.47;-1.34;-0.96;-0.67;-0.61;-0.92;-1.24;-1.09;-0.85;-0.90;-0.86;-0.62;-0.31;0.00;0.22;0.37;0.39;0.27;0.18;0.24;0.35;0.29;0.23;0.28;0.42;0.71;0.96;1.13;1.20;1.17;1.09;1.02;1.02;1.32;1.61;

----------------------------------------------------------


