PatientInformation
==========================================================
PatientID;No patientID
Name;,,
Date of Birth;
Sex;
Version;AutoStrainCap2 2.1.0.491925

Results
==========================================================
Global
----------------------------------------------------------
RVFWSL;-16.98;%
RV4CSL;-14.05;%
ED;0.00;ms
ES;306.24;ms

Curves
==========================================================
Longitudinal Strain
Unit [%]
Time [ms];0.00;13.92;27.84;41.76;55.68;69.60;83.52;97.44;111.36;125.28;139.20;153.12;167.04;180.96;194.88;208.80;222.72;236.64;250.56;264.48;278.40;292.32;306.24;320.16;334.08;348.00;361.92;375.84;389.76;403.68;417.60;431.52;445.44;459.36;473.28;487.20;501.12;515.04;528.96;542.88;556.80;570.72;584.64;598.56;612.48;626.40;640.32;654.24;668.16;682.08;696.00;709.92;
Basal;0.00;-3.75;-7.38;-8.25;-7.95;-8.33;-9.09;-9.82;-10.37;-10.74;-11.15;-11.93;-12.77;-13.40;-14.08;-15.11;-15.90;-15.91;-15.70;-15.94;-16.69;-18.02;-19.12;-19.05;-18.57;-18.17;-17.58;-16.70;-15.70;-15.00;-13.80;-11.28;-8.87;-7.46;-6.70;-6.42;-5.71;-4.32;-2.63;-0.94;0.73;2.30;3.53;3.95;3.92;3.64;3.27;2.90;2.51;2.00;1.50;1.01;
Mid;0.00;-4.22;-8.05;-8.87;-8.49;-8.78;-9.44;-10.24;-10.85;-10.99;-11.12;-11.75;-12.46;-12.99;-13.51;-14.23;-14.68;-14.36;-13.81;-13.59;-13.75;-14.26;-14.62;-14.29;-13.57;-12.67;-11.50;-10.22;-9.13;-8.57;-7.88;-6.24;-4.61;-3.58;-2.99;-2.97;-2.29;-0.10;2.44;4.28;5.61;6.53;7.00;6.67;6.14;5.72;5.30;4.83;4.36;3.89;3.26;1.94;
Apical;0.00;-2.44;-5.50;-6.75;-7.09;-7.79;-8.63;-9.33;-9.89;-10.41;-11.01;-11.94;-12.85;-13.49;-14.07;-14.90;-15.47;-15.40;-15.08;-15.03;-15.28;-15.72;-16.00;-15.41;-14.51;-13.57;-12.42;-11.12;-9.93;-9.49;-8.79;-6.88;-5.06;-3.83;-2.89;-2.48;-1.42;0.47;2.49;4.00;4.97;5.41;5.46;5.20;4.82;4.38;3.91;3.42;2.92;2.27;1.67;1.00;

----------------------------------------------------------


