PatientInformation
==========================================================
PatientID;No patientID
Name;,,
Date of Birth;
Sex;
Version;AutoStrainCap2 2.1.0.491925

Results
==========================================================
Global
----------------------------------------------------------
LaSr_ED;31.09;%
LaScd_ED;-21.05;%
LaSct_ED;-10.04;%
LaSr_AC;28.22;%
LaScd_AC;-19.11;%
LaSct_AC;-9.11;%
ED;0.00;ms
ES;261.11;ms
PreA;472.79;ms

Curves
==========================================================
Longitudinal Strain
Unit [%]
Time [ms];0.00;8.24;16.47;24.71;32.95;41.18;49.42;57.66;65.89;74.13;82.37;90.60;98.84;107.08;115.32;123.55;131.79;140.03;148.26;156.50;164.74;172.97;181.21;189.45;197.68;205.92;214.16;222.39;230.63;238.87;247.10;255.34;263.58;271.81;280.05;288.29;296.53;304.76;313.00;321.24;329.47;337.71;345.95;354.18;362.42;370.66;378.89;387.13;395.37;403.60;411.84;420.08;428.31;436.55;444.79;453.02;461.26;469.50;477.73;485.97;494.21;502.45;510.68;518.92;527.16;535.39;543.63;551.87;560.10;568.34;576.58;584.81;593.05;601.29;609.52;617.76;626.00;634.23;642.47;650.71;658.94;667.18;675.42;
LAS_ED;0.00;1.18;1.74;1.78;2.15;2.05;2.62;3.34;4.13;4.87;5.58;6.31;7.49;8.77;10.50;12.12;13.66;14.65;15.57;16.56;17.71;19.17;20.75;22.41;23.99;25.37;26.59;27.68;28.74;29.66;30.47;30.97;31.06;30.63;29.92;29.14;28.62;28.43;28.54;28.60;29.08;28.71;28.13;27.39;26.57;25.84;25.07;24.13;23.24;21.44;19.71;17.79;15.90;14.44;13.02;11.78;11.04;10.19;9.97;9.95;10.36;10.35;10.60;10.92;11.24;11.66;11.78;11.41;10.33;8.18;5.42;2.36;-0.82;-3.12;-5.07;-6.64;-7.31;-8.80;-9.05;-9.01;-7.40;-5.82;-3.05;
LAS_AC;-9.24;-8.17;-7.67;-7.63;-7.29;-7.39;-6.87;-6.21;-5.49;-4.82;-4.18;-3.52;-2.44;-1.28;0.28;1.75;3.15;4.05;4.89;5.79;6.82;8.16;9.59;11.09;12.52;13.78;14.89;15.88;16.84;17.67;18.41;18.87;18.95;18.56;17.91;17.20;16.73;16.56;16.65;16.71;17.15;16.81;16.29;15.61;14.87;14.20;13.51;12.65;11.85;10.21;8.64;6.90;5.18;3.86;2.57;1.45;0.78;0.00;-0.19;-0.21;0.15;0.15;0.37;0.67;0.96;1.34;1.45;1.12;0.13;-1.82;-4.33;-7.11;-9.99;-12.08;-13.85;-15.27;-15.88;-17.23;-17.46;-17.42;-15.96;-14.53;-12.01;

----------------------------------------------------------


