PatientInformation
==========================================================
PatientID;No patientID
Name;,,
Date of Birth;
Sex;
Version;AutoStrainCap2 2.1.0.491925

Results
==========================================================
Global
----------------------------------------------------------
RVFWSL;-27.60;%
RV4CSL;-22.37;%
ED;0.00;ms
ES;319.92;ms

Curves
==========================================================
Longitudinal Strain
Unit [%]
Time [ms];0.00;19.51;39.01;58.52;78.03;97.54;117.04;136.55;156.06;175.56;195.07;214.58;234.09;253.59;273.10;292.61;312.12;331.62;351.13;370.64;390.14;409.65;429.16;448.67;468.17;487.68;507.19;526.69;546.20;565.71;585.22;604.72;624.23;643.74;663.24;682.75;
Basal;0.00;-1.71;-4.34;-7.25;-9.58;-12.93;-14.79;-16.81;-18.23;-19.91;-23.43;-25.95;-27.54;-28.97;-29.53;-29.53;-29.01;-27.84;-25.83;-23.45;-20.46;-16.46;-14.47;-13.47;-12.71;-12.49;-12.74;-12.73;-12.30;-12.01;-11.73;-10.29;-7.19;-3.38;-0.86;-0.02;
Mid;0.00;-1.48;-4.33;-7.57;-10.11;-13.53;-15.77;-17.93;-20.06;-22.33;-25.36;-27.48;-28.84;-30.01;-30.27;-29.92;-29.05;-27.49;-25.37;-23.15;-20.45;-16.75;-14.94;-13.75;-12.41;-11.26;-10.67;-10.00;-9.39;-9.02;-8.91;-7.97;-5.52;-2.62;-0.95;-0.06;
Apical;0.00;-0.82;-2.62;-4.62;-6.13;-8.70;-10.19;-11.88;-13.34;-14.71;-17.20;-18.89;-19.95;-20.95;-21.40;-21.51;-21.45;-21.02;-19.92;-18.39;-16.31;-13.23;-11.72;-10.70;-9.65;-9.01;-8.78;-8.36;-7.89;-7.68;-7.64;-6.88;-4.82;-2.09;-0.67;-0.01;

----------------------------------------------------------


