PatientInformation
==========================================================
PatientID;No patientID
Name;,,
Date of Birth;
Sex;
Version;AutoStrainCap2 2.1.0.491925

Results
==========================================================
Global
----------------------------------------------------------
LaSr_ED;17.72;%
LaScd_ED;-12.57;%
LaSct_ED;-5.16;%
LaSr_AC;16.86;%
LaScd_AC;-11.95;%
LaSct_AC;-4.90;%
ED;0.00;ms
ES;371.39;ms
PreA;541.44;ms

Curves
==========================================================
Longitudinal Strain
Unit [%]
Time [ms];0.00;8.46;16.92;25.38;33.84;42.30;50.76;59.22;67.68;76.14;84.60;93.06;101.52;109.98;118.44;126.90;135.36;143.82;152.28;160.74;169.20;177.66;186.12;194.58;203.04;211.50;219.96;228.42;236.88;245.34;253.80;262.26;270.72;279.18;287.64;296.10;304.56;313.02;321.48;329.94;338.40;346.86;355.32;363.78;372.24;380.70;389.16;397.62;406.08;414.54;423.00;431.46;439.92;448.38;456.84;465.30;473.76;482.22;490.68;499.14;507.60;516.06;524.52;532.98;541.44;549.90;558.36;566.82;575.28;583.74;592.20;600.66;609.12;617.58;626.04;634.50;642.96;651.42;659.88;668.34;676.80;685.26;693.72;702.18;
LAS_ED;0.00;0.55;0.12;-0.88;-2.97;-4.08;-4.46;-4.14;-3.39;-2.15;-0.90;0.31;1.24;1.77;2.05;2.28;2.61;3.07;3.78;4.67;5.76;6.75;7.91;9.07;10.16;11.02;11.65;12.12;12.56;12.89;13.32;13.77;14.24;14.77;15.21;15.43;15.46;15.44;15.36;15.33;15.51;16.17;16.91;17.51;17.72;17.31;16.48;15.39;14.27;13.15;12.19;11.36;10.64;9.93;9.28;8.69;8.14;7.54;6.95;6.40;5.92;5.51;5.24;5.09;5.16;5.31;5.60;5.85;5.96;5.77;5.39;4.79;4.31;3.62;3.13;2.44;1.86;0.46;-0.83;-2.02;-2.99;-3.07;-2.73;-1.55;
LAS_AC;-4.90;-4.38;-4.79;-5.74;-7.73;-8.78;-9.15;-8.84;-8.13;-6.95;-5.76;-4.61;-3.73;-3.22;-2.95;-2.74;-2.42;-1.99;-1.31;-0.46;0.57;1.52;2.62;3.72;4.76;5.57;6.18;6.62;7.04;7.35;7.76;8.19;8.64;9.14;9.56;9.76;9.80;9.77;9.71;9.67;9.84;10.47;11.18;11.75;11.95;11.56;10.76;9.73;8.67;7.60;6.69;5.90;5.21;4.53;3.92;3.36;2.84;2.26;1.70;1.18;0.73;0.34;0.08;-0.06;0.00;0.14;0.42;0.66;0.76;0.58;0.22;-0.35;-0.80;-1.46;-1.93;-2.58;-3.14;-4.47;-5.69;-6.82;-7.75;-7.82;-7.50;-6.38;

----------------------------------------------------------


