PatientInformation
==========================================================
PatientID;No patientID
Name;,,
Date of Birth;
Sex;
Version;AutoStrainCap2 2.1.0.491925

Results
==========================================================
Global
----------------------------------------------------------
RVFWSL;-26.67;%
RV4CSL;-23.04;%
ED;0.00;ms
ES;373.14;ms

Curves
==========================================================
Longitudinal Strain
Unit [%]
Time [ms];0.00;10.54;21.08;31.62;42.16;52.70;63.24;73.79;84.33;94.87;105.41;115.95;126.49;137.03;147.57;158.11;168.65;179.19;189.73;200.28;210.82;221.36;231.90;242.44;252.98;263.52;274.06;284.60;295.14;305.68;316.22;326.76;337.31;347.85;358.39;368.93;379.47;390.01;400.55;411.09;421.63;432.17;442.71;453.25;463.80;474.34;484.88;495.42;505.96;516.50;527.04;537.58;548.12;558.66;569.20;579.74;590.29;600.83;611.37;621.91;632.45;642.99;653.53;664.07;674.61;685.15;695.69;
Basal;0.00;-3.32;-4.28;-4.03;-3.85;-3.90;-4.54;-5.93;-7.55;-8.75;-9.39;-9.65;-10.01;-10.91;-12.14;-13.45;-14.52;-15.49;-16.47;-17.54;-18.58;-19.48;-20.15;-20.66;-21.08;-21.45;-21.75;-21.95;-22.05;-22.05;-21.99;-21.84;-21.70;-21.61;-21.68;-21.71;-21.53;-21.08;-20.41;-19.64;-18.96;-18.27;-17.53;-16.66;-15.76;-14.87;-14.17;-13.46;-12.69;-11.68;-10.45;-8.83;-6.89;-5.01;-3.88;-4.03;-4.80;-5.43;-5.19;-4.52;-3.76;-3.31;-3.01;-2.89;-2.84;-2.59;-1.74;
Mid;0.00;-2.91;-3.41;-3.06;-3.78;-5.23;-7.30;-9.94;-12.63;-14.85;-16.52;-17.68;-18.54;-19.23;-19.99;-20.98;-22.31;-23.76;-25.05;-25.95;-26.66;-27.32;-28.02;-28.72;-29.38;-29.95;-30.42;-30.75;-30.94;-31.00;-31.00;-30.92;-30.82;-30.72;-30.64;-30.48;-30.12;-29.53;-28.77;-27.93;-27.17;-26.45;-25.77;-25.15;-24.48;-23.69;-22.64;-21.49;-20.33;-19.32;-18.21;-16.89;-15.23;-13.53;-12.07;-11.08;-10.27;-9.29;-7.81;-6.15;-4.76;-4.09;-3.81;-3.66;-3.36;-2.78;-1.75;
Apical;0.00;-3.25;-4.26;-4.21;-4.23;-4.59;-5.67;-7.76;-10.14;-12.02;-13.22;-13.78;-14.15;-14.79;-15.63;-16.55;-17.27;-17.99;-18.74;-19.61;-20.54;-21.49;-22.39;-23.28;-24.16;-25.03;-25.83;-26.51;-27.04;-27.44;-27.76;-27.94;-28.07;-28.17;-28.36;-28.46;-28.37;-27.84;-27.17;-26.47;-25.89;-25.38;-24.92;-24.48;-23.98;-23.39;-22.70;-21.93;-21.14;-20.33;-19.42;-18.23;-16.73;-15.11;-13.73;-12.98;-12.42;-11.61;-10.12;-8.35;-6.63;-5.19;-4.05;-3.20;-2.70;-2.21;-1.40;

----------------------------------------------------------


