PatientInformation
==========================================================
PatientID;No patientID
Name;,,
Date of Birth;
Sex;
Version;AutoStrainCap2 2.1.0.491925

Results
==========================================================
Global
----------------------------------------------------------
LaSr_ED;25.20;%
LaScd_ED;-16.77;%
LaSct_ED;-8.43;%
LaSr_AC;23.24;%
LaScd_AC;-15.47;%
LaSct_AC;-7.77;%
ED;0.00;ms
ES;397.62;ms
PreA;658.83;ms

Curves
==========================================================
Longitudinal Strain
Unit [%]
Time [ms];0.00;9.67;19.35;29.02;38.70;48.37;58.05;67.72;77.40;87.07;96.74;106.42;116.09;125.77;135.44;145.12;154.79;164.46;174.14;183.81;193.49;203.16;212.84;222.51;232.19;241.86;251.53;261.21;270.88;280.56;290.23;299.91;309.58;319.26;328.93;338.60;348.28;357.95;367.63;377.30;386.98;396.65;406.32;416.00;425.67;435.35;445.02;454.70;464.37;474.05;483.72;493.39;503.07;512.74;522.42;532.09;541.77;551.44;561.12;570.79;580.46;590.14;599.81;609.49;619.16;628.84;638.51;648.18;657.86;667.53;677.21;686.88;696.56;706.23;715.91;725.58;735.25;744.93;754.60;764.28;773.95;783.63;793.30;802.98;812.65;822.32;832.00;841.67;851.35;861.02;870.70;880.37;890.04;899.72;909.39;
LAS_ED;0.00;0.07;0.30;0.48;0.92;1.63;2.68;3.87;5.29;6.26;7.33;8.26;9.13;9.84;10.56;11.42;12.48;13.84;15.30;16.69;17.79;18.34;18.60;18.82;19.16;19.84;20.72;21.74;22.74;23.70;24.45;24.92;25.02;24.66;24.12;23.66;23.42;23.62;24.05;24.57;25.03;25.20;25.06;24.57;23.67;22.28;20.62;18.76;16.94;15.20;13.68;12.23;10.98;9.72;8.69;7.85;7.33;6.96;6.87;6.90;7.11;7.18;7.33;7.48;7.70;7.88;8.08;8.26;8.41;8.53;8.63;8.70;8.77;8.84;8.92;9.05;9.22;9.53;9.83;10.06;10.14;9.74;9.08;8.18;6.98;5.83;4.48;3.07;1.60;-0.01;-1.22;-2.08;-1.74;-1.76;-0.78;
LAS_AC;-7.76;-7.70;-7.48;-7.32;-6.91;-6.26;-5.28;-4.19;-2.88;-1.98;-0.99;-0.14;0.66;1.32;1.98;2.77;3.75;5.01;6.36;7.64;8.65;9.16;9.40;9.60;9.91;10.54;11.35;12.29;13.22;14.10;14.80;15.23;15.32;14.99;14.49;14.06;13.84;14.03;14.42;14.91;15.33;15.48;15.36;14.91;14.07;12.80;11.26;9.55;7.87;6.27;4.86;3.52;2.37;1.20;0.26;-0.52;-1.00;-1.34;-1.42;-1.39;-1.20;-1.14;-0.99;-0.86;-0.65;-0.49;-0.30;-0.14;0.00;0.11;0.20;0.27;0.33;0.39;0.47;0.59;0.75;1.03;1.31;1.52;1.60;1.23;0.62;-0.21;-1.32;-2.38;-3.63;-4.93;-6.29;-7.77;-8.88;-9.68;-9.36;-9.39;-8.48;

----------------------------------------------------------


