PatientInformation
==========================================================
PatientID;No patientID
Name;,,
Date of Birth;
Sex;
Version;AutoStrainCap2 2.1.0.491925

Results
==========================================================
Global
----------------------------------------------------------
RVFWSL;-25.23;%
RV4CSL;-20.47;%
ED;0.00;ms
ES;382.22;ms

Curves
==========================================================
Longitudinal Strain
Unit [%]
Time [ms];0.00;10.06;20.12;30.18;40.23;50.29;60.35;70.41;80.47;90.53;100.58;110.64;120.70;130.76;140.82;150.88;160.93;170.99;181.05;191.11;201.17;211.23;221.28;231.34;241.40;251.46;261.52;271.58;281.64;291.69;301.75;311.81;321.87;331.93;341.99;352.04;362.10;372.16;382.22;392.28;402.34;412.39;422.45;432.51;442.57;452.63;462.69;472.75;482.80;492.86;502.92;512.98;523.04;533.10;543.15;553.21;563.27;573.33;583.39;593.45;603.50;613.56;623.62;633.68;643.74;653.80;663.85;673.91;683.97;694.03;704.09;714.15;724.21;734.26;744.32;754.38;764.44;774.50;784.56;794.61;804.67;814.73;824.79;834.85;844.91;854.96;865.02;875.08;885.14;
Basal;0.00;-1.60;-3.48;-4.44;-4.99;-5.58;-6.22;-6.87;-7.52;-8.39;-9.24;-10.23;-11.26;-12.74;-14.27;-15.93;-17.50;-19.05;-20.50;-21.90;-23.36;-24.64;-26.02;-27.34;-28.76;-29.74;-30.69;-31.59;-32.24;-33.62;-34.71;-35.71;-36.43;-37.01;-37.46;-37.92;-38.72;-39.38;-40.25;-40.95;-41.20;-41.06;-40.49;-39.77;-39.05;-37.10;-35.05;-32.71;-29.98;-27.73;-25.31;-22.99;-21.03;-19.33;-18.13;-17.06;-16.19;-15.24;-14.34;-13.61;-12.83;-12.65;-12.40;-12.40;-12.41;-12.56;-12.71;-12.88;-12.99;-13.21;-13.36;-13.55;-13.68;-13.96;-14.12;-14.14;-13.95;-13.40;-12.64;-11.58;-10.35;-8.72;-7.07;-5.38;-3.92;-2.65;-1.62;-0.79;-0.17;
Mid;0.00;-1.04;-2.63;-3.61;-4.33;-5.29;-6.34;-7.45;-8.57;-9.84;-11.11;-12.39;-13.68;-14.97;-16.25;-17.49;-18.59;-19.53;-20.29;-20.91;-21.46;-22.01;-22.57;-23.13;-23.70;-24.36;-24.96;-25.46;-25.81;-25.87;-25.76;-25.50;-25.13;-24.66;-24.17;-23.70;-23.19;-22.96;-22.63;-22.21;-21.72;-21.04;-20.39;-19.84;-19.46;-20.04;-20.28;-20.48;-20.59;-20.15;-19.65;-19.08;-18.52;-18.10;-17.71;-17.37;-17.00;-16.57;-16.09;-15.61;-15.21;-14.88;-14.65;-14.46;-14.30;-14.16;-14.01;-13.85;-13.68;-13.53;-13.39;-13.22;-13.05;-12.87;-12.64;-12.30;-11.81;-11.13;-10.29;-9.35;-8.34;-7.45;-6.56;-5.73;-4.95;-4.18;-3.38;-2.48;-1.39;
Apical;0.00;-0.83;-2.08;-2.65;-2.98;-3.45;-4.02;-4.61;-5.15;-5.76;-6.30;-6.85;-7.48;-8.30;-9.19;-10.08;-10.85;-11.46;-11.90;-12.20;-12.45;-12.72;-13.03;-13.34;-13.65;-13.99;-14.27;-14.47;-14.56;-14.54;-14.41;-14.21;-13.95;-13.65;-13.36;-13.06;-12.67;-12.44;-12.08;-11.59;-11.02;-10.29;-9.61;-9.02;-8.66;-9.21;-9.91;-10.55;-10.97;-10.53;-9.91;-9.20;-8.56;-8.21;-7.99;-7.86;-7.73;-7.57;-7.38;-7.18;-7.04;-7.00;-7.02;-7.08;-7.15;-7.26;-7.34;-7.42;-7.48;-7.56;-7.63;-7.69;-7.73;-7.76;-7.73;-7.63;-7.44;-7.15;-6.75;-6.22;-5.57;-4.84;-4.06;-3.33;-2.69;-2.23;-1.79;-1.30;-0.69;

----------------------------------------------------------


