PatientInformation
==========================================================
PatientID;No patientID
Name;,,
Date of Birth;
Sex;
Version;AutoStrainCap2 2.1.0.491925

Results
==========================================================
Global
----------------------------------------------------------
LaSr_ED;9.82;%
LaScd_ED;-4.83;%
LaSct_ED;-4.99;%
LaSr_AC;9.36;%
LaScd_AC;-4.60;%
LaSct_AC;-4.76;%
ED;0.00;ms
ES;317.35;ms
PreA;591.42;ms

Curves
==========================================================
Longitudinal Strain
Unit [%]
Time [ms];0.00;20.61;41.21;61.82;82.43;103.04;123.64;144.25;164.86;185.46;206.07;226.68;247.29;267.89;288.50;309.11;329.71;350.32;370.93;391.54;412.14;432.75;453.36;473.96;494.57;515.18;535.79;556.39;577.00;597.61;618.21;638.82;659.43;680.04;700.64;721.25;741.86;762.46;783.07;803.68;824.29;844.89;
LAS_ED;0.00;0.13;0.72;1.02;1.45;2.59;3.93;4.90;5.73;6.72;7.61;8.22;8.73;9.28;9.69;9.81;9.80;9.66;9.45;9.04;8.77;9.08;9.21;8.76;7.99;7.26;6.52;5.88;5.32;4.86;4.41;3.80;3.15;2.75;2.43;2.01;1.59;1.23;0.86;0.53;0.25;0.04;
LAS_AC;-4.63;-4.50;-3.94;-3.66;-3.25;-2.16;-0.89;0.04;0.83;1.77;2.63;3.20;3.70;4.22;4.61;4.72;4.71;4.58;4.38;3.99;3.74;4.02;4.15;3.72;2.99;2.29;1.58;0.98;0.45;0.00;-0.43;-1.01;-1.62;-2.01;-2.31;-2.72;-3.12;-3.46;-3.81;-4.12;-4.39;-4.59;

----------------------------------------------------------


