PatientInformation
==========================================================
PatientID;No patientID
Name;,,
Date of Birth;
Sex;
Version;AutoStrainCap2 2.1.0.491925

Results
==========================================================
Global
----------------------------------------------------------
RVFWSL;-22.74;%
RV4CSL;-16.00;%
ED;0.00;ms
ES;461.63;ms

Curves
==========================================================
Longitudinal Strain
Unit [%]
Time [ms];0.00;20.61;41.22;61.83;82.43;103.04;123.65;144.26;164.87;185.48;206.08;226.69;247.30;267.91;288.52;309.13;329.73;350.34;370.95;391.56;412.17;432.78;453.38;473.99;494.60;515.21;535.82;556.43;577.03;597.64;618.25;638.86;659.47;680.08;700.68;721.29;741.90;762.51;783.12;803.73;824.33;844.94;
Basal;0.00;-0.01;-0.49;0.36;1.25;1.30;0.76;-0.30;-1.80;-3.61;-6.04;-9.25;-12.47;-15.16;-17.42;-19.23;-20.81;-22.38;-23.40;-23.60;-23.52;-23.93;-24.20;-24.08;-22.65;-19.26;-14.46;-9.60;-5.39;-2.63;-1.02;-0.25;-0.02;-0.13;-0.38;-0.24;-0.01;0.22;0.31;0.09;-0.07;0.20;
Mid;0.00;-0.10;-1.11;-0.58;0.10;0.03;-0.48;-1.02;-2.04;-4.11;-6.89;-9.99;-13.01;-15.44;-17.44;-19.14;-20.63;-21.99;-22.87;-23.15;-23.19;-23.78;-24.08;-23.83;-22.04;-17.68;-12.10;-6.70;-2.28;0.29;1.40;1.17;0.49;0.01;-0.30;-0.23;0.00;0.23;0.34;0.19;0.07;0.20;
Apical;0.00;0.81;0.21;1.15;2.18;2.78;3.04;3.08;2.47;0.95;-1.37;-4.06;-6.45;-8.09;-9.30;-10.53;-11.93;-13.47;-14.74;-15.35;-15.42;-16.41;-16.80;-16.24;-14.11;-9.86;-4.52;0.24;3.98;6.10;6.73;5.66;4.20;3.19;2.41;2.19;2.10;1.99;1.76;1.28;0.85;0.73;

----------------------------------------------------------


