PatientInformation
==========================================================
PatientID;No patientID
Name;,,
Date of Birth;
Sex;
Version;AutoStrainCap2 2.1.0.491925

Results
==========================================================
Global
----------------------------------------------------------
LaSr_ED;36.49;%
LaScd_ED;-17.15;%
LaSct_ED;-19.34;%
LaSr_AC;30.59;%
LaScd_AC;-14.38;%
LaSct_AC;-16.21;%
ED;0.00;ms
ES;290.37;ms
PreA;505.71;ms

Curves
==========================================================
Longitudinal Strain
Unit [%]
Time [ms];0.00;9.74;19.49;29.23;38.98;48.72;58.46;68.21;77.95;87.70;97.44;107.18;116.93;126.67;136.42;146.16;155.90;165.65;175.39;185.14;194.88;204.62;214.37;224.11;233.86;243.60;253.34;263.09;272.83;282.58;292.32;302.06;311.81;321.55;331.30;341.04;350.78;360.53;370.27;380.02;389.76;399.50;409.25;418.99;428.74;438.48;448.22;457.97;467.71;477.46;487.20;496.94;506.69;516.43;526.18;535.92;545.66;555.41;565.15;574.90;584.64;594.38;604.13;613.87;623.62;633.36;643.10;652.85;662.59;672.34;682.08;691.82;701.57;711.31;
LAS_ED;0.00;2.03;2.71;3.09;2.67;2.79;3.37;4.73;6.42;8.61;10.88;13.38;15.29;16.81;17.70;18.62;19.34;20.41;21.44;23.03;24.47;26.35;27.77;29.58;31.24;32.88;34.20;35.49;36.03;36.37;36.47;36.09;35.60;34.64;33.93;33.16;32.99;33.40;33.96;34.07;33.42;32.18;30.68;29.15;27.75;26.43;24.71;23.11;21.68;20.84;20.19;19.70;19.30;18.84;18.30;17.33;16.36;15.43;14.88;14.26;13.40;11.76;9.48;6.50;2.49;-1.34;-4.34;-6.21;-7.46;-7.68;-8.81;-8.62;-7.26;-4.16;
LAS_AC;-16.18;-14.48;-13.91;-13.59;-13.94;-13.84;-13.35;-12.21;-10.79;-8.96;-7.06;-4.96;-3.36;-2.09;-1.34;-0.56;0.03;0.93;1.79;3.13;4.34;5.91;7.10;8.62;10.01;11.38;12.49;13.57;14.03;14.31;14.40;14.08;13.67;12.86;12.26;11.62;11.48;11.82;12.29;12.38;11.84;10.79;9.54;8.26;7.09;5.98;4.53;3.20;2.00;1.29;0.74;0.33;0.00;-0.38;-0.84;-1.65;-2.46;-3.25;-3.70;-4.23;-4.95;-6.32;-8.23;-10.73;-14.09;-17.30;-19.82;-21.38;-22.43;-22.62;-23.56;-23.40;-22.26;-19.66;

----------------------------------------------------------


