PatientInformation
==========================================================
PatientID;No patientID
Name;,,
Date of Birth;
Sex;
Version;AutoStrainCap2 2.1.0.491925

Results
==========================================================
Global
----------------------------------------------------------
RVFWSL;-26.39;%
RV4CSL;-20.62;%
ED;0.00;ms
ES;306.78;ms

Curves
==========================================================
Longitudinal Strain
Unit [%]
Time [ms];0.00;14.68;29.36;44.04;58.71;73.39;88.07;102.75;117.43;132.11;146.78;161.46;176.14;190.82;205.50;220.18;234.85;249.53;264.21;278.89;293.57;308.25;322.93;337.60;352.28;366.96;381.64;396.32;411.00;425.67;440.35;455.03;469.71;484.39;499.07;513.74;528.42;543.10;557.78;572.46;587.14;601.81;616.49;631.17;645.85;660.53;675.21;689.89;704.56;719.24;733.92;
Basal;0.00;-2.72;-4.90;-4.57;-3.95;-5.36;-7.16;-8.65;-9.71;-10.53;-11.39;-12.61;-13.95;-15.13;-16.59;-18.83;-21.05;-22.35;-23.17;-23.78;-24.31;-24.86;-25.02;-24.37;-23.41;-22.78;-21.79;-19.98;-17.83;-16.03;-14.41;-12.58;-11.32;-11.41;-11.53;-10.46;-9.09;-8.24;-8.08;-8.95;-9.14;-7.02;-3.91;-1.07;1.34;3.70;5.01;4.83;4.05;3.19;2.20;
Mid;0.00;-2.29;-4.85;-5.96;-6.97;-9.16;-11.46;-13.55;-15.17;-16.46;-17.66;-18.84;-20.16;-21.63;-23.16;-24.68;-26.03;-27.05;-27.76;-28.23;-28.49;-28.46;-27.95;-26.82;-25.44;-24.39;-23.13;-21.41;-19.37;-17.41;-15.71;-14.27;-13.38;-13.12;-12.86;-12.00;-10.95;-10.29;-9.98;-10.02;-9.45;-7.35;-4.54;-1.97;0.19;2.15;3.21;3.27;2.81;1.84;0.99;
Apical;0.00;-1.88;-4.28;-4.39;-4.34;-6.14;-8.16;-10.12;-11.70;-13.03;-14.33;-15.64;-17.03;-18.35;-19.69;-21.33;-22.81;-23.67;-24.21;-24.62;-24.87;-24.95;-24.55;-23.40;-21.97;-21.03;-19.90;-18.40;-16.77;-15.45;-14.37;-12.75;-11.54;-11.34;-11.15;-10.09;-8.88;-8.21;-7.95;-8.27;-8.15;-6.70;-4.50;-2.20;-0.21;1.92;3.01;2.96;2.48;1.42;0.86;

----------------------------------------------------------


