PatientInformation
==========================================================
PatientID;No patientID
Name;,,
Date of Birth;
Sex;
Version;AutoStrainCap2 2.1.0.491925

Results
==========================================================
Global
----------------------------------------------------------
LaSr_ED;28.97;%
LaScd_ED;-12.14;%
LaSct_ED;-16.83;%
LaSr_AC;24.79;%
LaScd_AC;-10.39;%
LaSct_AC;-14.40;%
ED;0.00;ms
ES;355.03;ms
PreA;557.91;ms

Curves
==========================================================
Longitudinal Strain
Unit [%]
Time [ms];0.00;19.51;39.01;58.52;78.03;97.54;117.04;136.55;156.06;175.56;195.07;214.58;234.09;253.59;273.10;292.61;312.12;331.62;351.13;370.64;390.14;409.65;429.16;448.67;468.17;487.68;507.19;526.69;546.20;565.71;585.22;604.72;624.23;643.74;663.24;682.75;702.26;721.77;741.27;
LAS_ED;0.00;0.39;2.95;6.24;9.55;11.81;13.65;15.07;16.74;19.25;22.17;24.27;25.92;26.84;26.78;26.51;26.37;27.67;28.95;28.37;27.00;25.07;22.74;20.26;17.84;16.72;16.18;16.45;16.86;16.85;17.63;19.50;20.09;16.11;9.65;3.07;-1.25;-0.22;1.61;
LAS_AC;-14.42;-14.09;-11.90;-9.08;-6.25;-4.31;-2.74;-1.52;-0.09;2.05;4.56;6.35;7.76;8.55;8.50;8.27;8.14;9.25;10.35;9.85;8.68;7.03;5.04;2.91;0.85;-0.11;-0.57;-0.35;0.01;0.00;0.66;2.27;2.77;-0.64;-6.16;-11.79;-15.49;-14.61;-13.05;

----------------------------------------------------------


