PatientInformation
==========================================================
PatientID;No patientID
Name;,,
Date of Birth;
Sex;
Version;AutoStrainCap2 2.1.0.491925

Results
==========================================================
Global
----------------------------------------------------------
RVFWSL;-23.10;%
RV4CSL;-18.57;%
ED;0.00;ms
ES;318.52;ms

Curves
==========================================================
Longitudinal Strain
Unit [%]
Time [ms];0.00;11.58;23.16;34.75;46.33;57.91;69.49;81.08;92.66;104.24;115.82;127.41;138.99;150.57;162.15;173.74;185.32;196.90;208.48;220.07;231.65;243.23;254.81;266.40;277.98;289.56;301.14;312.72;324.31;335.89;347.47;359.05;370.64;382.22;393.80;405.38;416.97;428.55;440.13;451.71;463.30;474.88;486.46;498.04;509.63;521.21;532.79;544.37;555.96;567.54;579.12;590.70;602.28;613.87;625.45;637.03;648.61;660.20;671.78;683.36;694.94;706.53;718.11;
Basal;0.00;-3.39;-5.12;-3.28;-3.15;-3.66;-5.11;-7.28;-9.77;-11.75;-13.29;-14.12;-15.31;-16.78;-18.42;-19.43;-20.53;-21.44;-22.44;-23.82;-25.06;-26.24;-27.25;-28.40;-29.34;-30.68;-31.64;-32.36;-32.89;-33.00;-32.09;-30.24;-28.03;-25.79;-23.82;-21.43;-18.78;-16.12;-13.71;-11.65;-10.30;-9.38;-8.72;-8.10;-7.60;-7.26;-6.94;-6.47;-5.57;-3.75;-1.53;0.59;2.50;4.13;5.62;6.57;7.09;7.28;7.08;6.71;6.13;5.35;3.57;
Mid;0.00;-3.39;-5.04;-2.90;-2.39;-2.55;-3.60;-5.16;-6.88;-8.03;-8.55;-8.52;-8.87;-10.04;-11.60;-12.77;-13.43;-13.67;-13.92;-14.86;-15.92;-16.74;-16.81;-16.65;-16.74;-17.61;-18.70;-19.52;-19.78;-19.51;-19.03;-18.78;-18.53;-18.19;-17.72;-16.85;-15.40;-14.10;-12.66;-11.47;-10.91;-10.72;-10.74;-10.77;-10.87;-10.98;-11.04;-10.93;-10.67;-10.02;-9.13;-7.89;-6.01;-3.92;-1.90;-0.29;0.88;1.66;1.87;1.96;2.16;2.67;2.30;
Apical;0.00;-2.46;-4.05;-1.15;-0.64;-0.61;-1.48;-2.82;-4.42;-5.52;-6.02;-5.91;-6.14;-7.65;-9.66;-11.31;-11.92;-11.96;-12.03;-12.90;-13.97;-14.63;-14.61;-14.16;-14.16;-15.16;-16.53;-17.06;-16.99;-16.01;-15.00;-14.62;-14.70;-15.10;-15.54;-15.75;-15.56;-14.89;-13.84;-12.56;-11.53;-10.71;-10.07;-9.82;-9.60;-9.32;-8.10;-6.86;-5.75;-5.26;-4.78;-4.18;-3.33;-2.25;-1.11;-0.01;0.70;1.11;1.12;1.07;1.14;1.82;1.69;

----------------------------------------------------------


