PatientInformation
==========================================================
PatientID;No patientID
Name;,,
Date of Birth;
Sex;
Version;AutoStrainCap2 2.1.0.491925

Results
==========================================================
Global
----------------------------------------------------------
LaSr_ED;15.51;%
LaScd_ED;-20.11;%
LaSct_ED;4.60;%
LaSr_AC;16.26;%
LaScd_AC;-21.08;%
LaSct_AC;4.82;%
ED;0.00;ms
ES;287.54;ms
PreA;530.84;ms

Curves
==========================================================
Longitudinal Strain
Unit [%]
Time [ms];0.00;22.12;44.24;66.36;88.47;110.59;132.71;154.83;176.95;199.07;221.18;243.30;265.42;287.54;309.66;331.78;353.89;376.01;398.13;420.25;442.37;464.49;486.60;508.72;530.84;552.96;575.08;597.20;619.32;641.43;663.55;685.67;707.79;729.91;752.03;
LAS_ED;0.00;0.18;2.43;3.27;5.10;6.71;8.74;11.94;12.90;13.34;14.37;15.25;15.30;15.51;15.30;15.39;13.98;12.55;8.34;3.58;-1.24;-5.06;-6.26;-6.12;-4.60;-2.73;-1.97;-0.73;-0.31;-0.91;-2.52;-3.14;-2.75;-1.74;-0.72;
LAS_AC;4.82;5.01;7.36;8.24;10.16;11.85;13.98;17.33;18.34;18.80;19.88;20.80;20.85;21.08;20.86;20.95;19.48;17.98;13.56;8.57;3.52;-0.48;-1.74;-1.60;0.00;1.96;2.75;4.05;4.50;3.87;2.18;1.53;1.93;2.99;4.06;

----------------------------------------------------------


