PatientInformation
==========================================================
PatientID;No patientID
Name;,,
Date of Birth;
Sex;
Version;AutoStrainCap2 2.1.0.491925

Results
==========================================================
Global
----------------------------------------------------------
RVFWSL;-21.41;%
RV4CSL;-18.10;%
ED;0.00;ms
ES;223.26;ms

Curves
==========================================================
Longitudinal Strain
Unit [%]
Time [ms];0.00;13.13;26.27;39.40;52.53;65.66;78.80;91.93;105.06;118.20;131.33;144.46;157.59;170.73;183.86;196.99;210.12;223.26;236.39;249.52;262.66;275.79;288.92;302.05;315.19;328.32;341.45;354.59;367.72;380.85;393.98;407.12;420.25;433.38;446.52;459.65;472.78;485.91;499.05;512.18;525.31;538.44;551.58;564.71;577.84;590.98;604.11;617.24;630.37;643.51;656.64;669.77;682.91;696.04;709.17;722.30;735.44;748.57;761.70;774.84;787.97;801.10;814.23;827.37;840.50;853.63;866.76;879.90;893.03;906.16;919.30;932.43;945.56;958.69;971.83;984.96;998.09;1011.23;1024.36;1037.49;1050.62;1063.76;1076.89;1090.02;1103.16;1116.29;1129.42;1142.55;1155.69;1168.82;1181.95;
Basal;0.00;-3.85;-6.94;-7.91;-8.68;-9.37;-9.98;-10.56;-11.20;-12.25;-13.57;-15.14;-17.03;-19.53;-22.05;-24.22;-25.69;-26.14;-25.84;-24.99;-23.78;-22.24;-20.51;-18.64;-16.63;-14.68;-12.66;-10.61;-8.48;-6.29;-4.19;-2.37;-1.14;-0.45;-0.24;-0.13;0.21;0.94;2.01;3.22;4.40;5.26;5.90;6.30;6.49;6.50;6.39;6.25;6.16;6.18;6.31;6.50;6.69;6.82;6.90;6.94;6.93;6.86;6.79;6.74;6.75;6.84;6.97;7.10;7.16;7.21;7.17;7.10;7.04;6.99;7.00;7.05;7.17;7.36;7.59;7.83;8.06;8.22;8.33;8.42;8.50;8.64;8.84;9.10;9.44;9.82;9.99;9.64;8.47;6.13;3.15;
Mid;0.00;-4.29;-7.67;-8.46;-9.09;-9.76;-10.33;-10.78;-11.15;-11.73;-12.50;-13.51;-14.83;-16.68;-18.57;-20.17;-21.24;-21.60;-21.40;-20.77;-19.90;-18.84;-17.67;-16.33;-14.80;-13.21;-11.45;-9.60;-7.58;-5.41;-3.29;-1.45;-0.20;0.45;0.61;0.67;1.00;1.90;3.18;4.59;5.89;6.70;7.21;7.48;7.55;7.46;7.28;7.07;6.92;6.90;6.99;7.14;7.31;7.40;7.47;7.50;7.49;7.44;7.39;7.36;7.38;7.49;7.64;7.79;7.88;7.93;7.92;7.86;7.81;7.76;7.75;7.78;7.87;8.01;8.18;8.38;8.55;8.66;8.73;8.77;8.80;8.88;9.00;9.20;9.50;9.91;10.12;9.80;8.64;6.22;3.16;
Apical;0.00;-3.97;-7.31;-7.95;-8.37;-8.58;-8.66;-8.62;-8.51;-8.82;-9.29;-10.00;-10.94;-12.31;-13.72;-14.93;-15.73;-15.99;-15.84;-15.39;-14.85;-14.11;-13.33;-12.43;-11.30;-10.20;-8.87;-7.45;-5.86;-4.33;-2.83;-1.56;-0.85;-0.34;-0.29;-0.29;-0.01;0.61;1.59;2.68;3.68;4.31;4.69;4.87;4.89;4.86;4.76;4.65;4.59;4.57;4.64;4.77;4.93;5.03;5.12;5.19;5.22;5.23;5.21;5.21;5.24;5.35;5.49;5.61;5.67;5.75;5.75;5.72;5.70;5.67;5.69;5.75;5.84;5.96;6.10;6.26;6.41;6.54;6.63;6.69;6.73;6.78;6.86;7.02;7.28;7.67;7.90;7.67;6.73;4.87;2.49;

----------------------------------------------------------


