PatientInformation
==========================================================
PatientID;No patientID
Name;,,
Date of Birth;
Sex;
Version;AutoStrainCap2 2.1.0.491925

Results
==========================================================
Global
----------------------------------------------------------
LaSr_ED;48.79;%
LaScd_ED;-24.21;%
LaSct_ED;-24.58;%
LaSr_AC;39.15;%
LaScd_AC;-19.43;%
LaSct_AC;-19.73;%
ED;0.00;ms
ES;412.66;ms
PreA;798.77;ms

Curves
==========================================================
Longitudinal Strain
Unit [%]
Time [ms];0.00;20.43;40.86;61.29;81.72;102.14;122.57;143.00;163.43;183.86;204.29;224.72;245.15;265.57;286.00;306.43;326.86;347.29;367.72;388.15;408.58;429.00;449.43;469.86;490.29;510.72;531.15;551.58;572.01;592.43;612.86;633.29;653.72;674.15;694.58;715.01;735.44;755.87;776.29;796.72;817.15;837.58;858.01;878.44;898.87;919.30;939.72;960.15;980.58;1001.01;1021.44;1041.87;1062.30;1082.73;1103.15;1123.58;1144.01;1164.44;
LAS_ED;0.00;0.32;2.61;5.90;9.58;11.11;13.40;18.41;24.38;29.01;32.61;35.23;37.53;40.44;43.52;46.58;48.36;47.09;45.89;47.32;48.75;47.91;44.69;39.53;33.42;27.40;23.48;22.36;22.76;22.49;22.23;22.50;23.13;23.88;24.38;24.40;24.40;24.62;24.82;24.61;24.30;23.99;23.85;24.03;24.23;24.24;24.21;24.27;24.40;23.92;23.32;23.03;21.40;17.18;12.00;7.67;4.28;1.45;
LAS_AC;-19.75;-19.50;-17.66;-15.02;-12.07;-10.84;-9.00;-4.98;-0.19;3.53;6.42;8.52;10.37;12.70;15.17;17.62;19.05;18.04;17.08;18.22;19.37;18.69;16.11;11.97;7.07;2.24;-0.91;-1.81;-1.49;-1.70;-1.92;-1.69;-1.19;-0.59;-0.18;-0.17;-0.17;0.01;0.17;0.00;-0.25;-0.50;-0.61;-0.47;-0.31;-0.30;-0.32;-0.28;-0.17;-0.56;-1.04;-1.27;-2.58;-5.96;-10.13;-13.60;-16.32;-18.59;

----------------------------------------------------------


