PatientInformation
==========================================================
PatientID;No patientID
Name;,,
Date of Birth;
Sex;
Version;AutoStrainCap2 2.1.0.491925

Results
==========================================================
Global
----------------------------------------------------------
RVFWSL;-28.54;%
RV4CSL;-20.93;%
ED;0.00;ms
ES;330.95;ms

Curves
==========================================================
Longitudinal Strain
Unit [%]
Time [ms];0.00;20.43;40.86;61.29;81.72;102.14;122.57;143.00;163.43;183.86;204.29;224.72;245.15;265.57;286.00;306.43;326.86;347.29;367.72;388.15;408.58;429.00;449.43;469.86;490.29;510.72;531.15;551.58;572.01;592.43;612.86;633.29;653.72;674.15;694.58;715.01;735.44;755.87;776.29;796.72;817.15;837.58;858.01;878.44;898.87;919.30;939.72;960.15;980.58;1001.01;1021.44;1041.87;1062.30;1082.73;1103.15;1123.58;1144.01;1164.44;
Basal;0.00;-0.97;-2.53;-5.63;-9.33;-13.12;-16.74;-20.23;-23.37;-25.88;-27.86;-29.43;-30.62;-31.75;-32.61;-33.02;-33.30;-33.57;-33.10;-30.98;-28.23;-26.05;-23.82;-21.15;-18.54;-16.59;-15.16;-14.03;-13.16;-12.57;-12.04;-11.37;-10.91;-10.95;-11.44;-12.34;-13.16;-13.43;-13.42;-13.53;-13.65;-13.70;-13.73;-13.80;-13.81;-13.50;-13.13;-13.05;-12.85;-12.19;-10.95;-8.98;-6.40;-3.59;-1.09;0.42;0.99;0.81;
Mid;0.00;-0.34;-1.20;-3.67;-6.76;-9.90;-12.95;-15.94;-18.75;-21.08;-23.00;-24.66;-25.86;-26.66;-27.12;-27.28;-27.40;-27.58;-27.16;-25.22;-22.81;-21.16;-19.56;-17.54;-15.56;-14.15;-13.07;-12.05;-11.11;-10.32;-9.64;-9.15;-8.95;-9.16;-9.82;-10.97;-12.02;-12.43;-12.54;-12.85;-13.17;-13.36;-13.45;-13.34;-13.22;-13.16;-13.08;-12.99;-12.78;-12.38;-11.38;-9.36;-6.72;-3.99;-1.61;-0.17;0.42;0.43;
Apical;0.00;0.31;-0.20;-2.02;-4.36;-7.20;-10.01;-12.81;-15.36;-17.25;-18.65;-19.86;-20.70;-21.37;-21.89;-22.20;-22.49;-22.52;-22.23;-21.18;-19.64;-18.17;-16.42;-14.66;-13.00;-11.82;-10.90;-9.85;-8.84;-8.20;-7.71;-7.31;-7.21;-7.44;-8.06;-9.11;-10.07;-10.44;-10.50;-10.70;-10.87;-10.95;-10.95;-10.89;-10.82;-10.69;-10.52;-10.42;-10.25;-9.93;-9.12;-7.48;-5.26;-2.95;-0.89;0.31;0.69;0.54;

----------------------------------------------------------


