PatientInformation
==========================================================
PatientID;No patientID
Name;,,
Date of Birth;
Sex;
Version;AutoStrainCap2 2.1.0.491925

Results
==========================================================
Global
----------------------------------------------------------
LaSr_ED;31.62;%
LaScd_ED;-17.32;%
LaSct_ED;-14.31;%
LaSr_AC;27.69;%
LaScd_AC;-15.16;%
LaSct_AC;-12.53;%
ED;0.00;ms
ES;416.33;ms
PreA;678.94;ms

Curves
==========================================================
Longitudinal Strain
Unit [%]
Time [ms];0.00;21.35;42.70;64.05;85.40;106.75;128.10;149.45;170.80;192.15;213.50;234.85;256.20;277.56;298.91;320.26;341.61;362.96;384.31;405.66;427.01;448.36;469.71;491.06;512.41;533.76;555.11;576.46;597.81;619.16;640.51;661.86;683.21;704.56;725.91;747.26;768.61;789.96;811.31;832.67;854.02;875.37;896.72;918.07;
LAS_ED;0.00;-0.78;0.68;1.72;2.99;4.94;7.67;11.31;15.00;18.14;20.54;22.32;23.94;25.95;27.90;29.08;29.85;30.51;31.03;31.49;31.43;29.43;26.26;22.57;19.65;18.59;18.43;18.19;17.81;17.32;16.52;15.19;14.20;14.41;14.94;14.85;14.41;13.86;12.45;9.44;5.74;2.48;0.28;0.00;
LAS_AC;-12.43;-13.11;-11.84;-10.92;-9.82;-8.10;-5.71;-2.53;0.71;3.46;5.55;7.11;8.54;10.29;12.00;13.04;13.70;14.29;14.74;15.14;15.09;13.34;10.57;7.33;4.77;3.85;3.71;3.50;3.16;2.74;2.04;0.87;0.00;0.18;0.65;0.57;0.19;-0.29;-1.53;-4.17;-7.41;-10.26;-12.19;-12.43;

----------------------------------------------------------


