PatientInformation
==========================================================
PatientID;No patientID
Name;,,
Date of Birth;
Sex;
Version;AutoStrainCap2 2.1.0.491925

Results
==========================================================
Global
----------------------------------------------------------
RVFWSL;-27.49;%
RV4CSL;-22.66;%
ED;0.00;ms
ES;365.68;ms

Curves
==========================================================
Longitudinal Strain
Unit [%]
Time [ms];0.00;20.43;40.86;61.29;81.72;102.14;122.57;143.00;163.43;183.86;204.29;224.72;245.15;265.57;286.00;306.43;326.86;347.29;367.72;388.15;408.58;429.01;449.43;469.86;490.29;510.72;531.15;551.58;572.01;592.44;612.86;633.29;653.72;674.15;694.58;715.01;735.44;755.87;776.29;796.72;817.15;837.58;858.01;878.44;898.87;919.30;939.73;960.15;
Basal;0.00;-1.60;-0.26;-2.09;-4.85;-7.32;-9.86;-13.63;-17.15;-19.93;-22.40;-24.63;-26.73;-28.65;-30.24;-31.35;-32.35;-33.51;-34.33;-34.06;-33.61;-33.75;-33.62;-32.29;-29.62;-25.57;-21.85;-20.36;-19.55;-17.62;-15.69;-14.84;-14.18;-12.82;-11.37;-10.27;-9.71;-9.98;-9.90;-8.70;-6.84;-4.84;-2.92;-1.51;-0.44;0.56;1.28;1.28;
Mid;0.00;-1.44;0.13;-0.40;-1.91;-3.83;-6.05;-9.05;-11.83;-13.95;-15.87;-17.72;-19.52;-21.25;-22.73;-23.75;-24.61;-25.50;-26.08;-25.87;-25.41;-25.21;-24.86;-24.18;-22.65;-20.24;-17.83;-16.61;-15.82;-14.44;-13.06;-12.32;-11.72;-10.81;-9.90;-9.20;-8.87;-9.06;-8.88;-7.64;-5.86;-4.11;-2.51;-1.24;-0.34;0.28;0.71;0.98;
Apical;0.00;-1.19;0.20;-0.51;-1.99;-3.31;-4.83;-7.14;-9.37;-11.19;-12.92;-14.57;-16.14;-17.62;-18.82;-19.72;-20.49;-21.13;-21.51;-21.35;-20.77;-20.44;-19.98;-19.36;-17.99;-15.63;-13.56;-13.08;-12.97;-11.76;-10.29;-9.51;-8.97;-8.26;-7.57;-6.99;-6.70;-6.81;-6.66;-5.87;-4.64;-3.53;-2.49;-1.44;-0.63;-0.05;0.41;0.82;

----------------------------------------------------------


